0.333669506976191 0.724389630860648 -999 -999 -999 -999 -999 -999 -999 -999
0.324341257927423 0.272377232560378 -999 -999 -999 -999 -999 -999 -999 -999
0.341989235096386 0.0032331365789736 -999 -999 -999 -999 -999 -999 -999 -999
0.322815233054865 0.751409154656334 -999 -999 -999 -999 -999 -999 -999 -999
0.323988651591892 0.244761460083067 -999 -999 -999 -999 -999 -999 -999 -999
0.353196115353243 0.00382938526059798 -999 -999 -999 -999 -999 -999 -999 -999
0.328063239159268 0.660605595193957 -999 -999 -999 -999 -999 -999 -999 -999
0.33333883395022 0.337050159107706 -999 -999 -999 -999 -999 -999 -999 -999
0.338597926890513 0.00234424569833597 -999 -999 -999 -999 -999 -999 -999 -999
0.318776550881645 0.821902705620242 -999 -999 -999 -999 -999 -999 -999 -999
0.342641216789361 0.172284236873541 -999 -999 -999 -999 -999 -999 -999 -999
0.338582232328994 0.00581305750621756 -999 -999 -999 -999 -999 -999 -999 -999
0.330024471778212 0.600284107634415 -999 -999 -999 -999 -999 -999 -999 -999
0.337373463537064 0.397908839567754 -999 -999 -999 -999 -999 -999 -999 -999
0.332602064684725 0.00180705279783099 -999 -999 -999 -999 -999 -999 -999 -999
0.341964510028046 0.680817529436998 -999 -999 -999 -999 -999 -999 -999 -999
0.319721381397696 0.316508288797853 -999 -999 -999 -999 -999 -999 -999 -999
0.338314108574259 0.00267418176514987 -999 -999 -999 -999 -999 -999 -999 -999
0.342308426397094 0.889145678796924 -999 -999 -999 -999 -999 -999 -999 -999
0.325600910856795 0.100482717714616 -999 -999 -999 -999 -999 -999 -999 -999
0.332090662746111 0.0103716034884603 -999 -999 -999 -999 -999 -999 -999 -999
0.335336320981051 0.651564375825452 -999 -999 -999 -999 -999 -999 -999 -999
0.328334332971398 0.34601577032832 -999 -999 -999 -999 -999 -999 -999 -999
0.336329346047552 0.00241985384622795 -999 -999 -999 -999 -999 -999 -999 -999
0.313471801482094 0.846713926822956 -999 -999 -999 -999 -999 -999 -999 -999
0.345553936629172 0.146090914999509 -999 -999 -999 -999 -999 -999 -999 -999
0.340974261888734 0.00719515817753542 -999 -999 -999 -999 -999 -999 -999 -999
0.345210312474909 0.637229229093649 -999 -999 -999 -999 -999 -999 -999 -999
0.317620344115137 0.360546764236254 -999 -999 -999 -999 -999 -999 -999 -999
0.337169343409954 0.00222400667009783 -999 -999 -999 -999 -999 -999 -999 -999
0.334624118478852 0.767439470810052 -999 -999 -999 -999 -999 -999 -999 -999
0.318676524629389 0.228325336188216 -999 -999 -999 -999 -999 -999 -999 -999
0.346699356891758 0.00423519300173236 -999 -999 -999 -999 -999 -999 -999 -999
0.341924809821174 0.779185110069797 -999 -999 -999 -999 -999 -999 -999 -999
0.335113965790239 0.217024774204054 -999 -999 -999 -999 -999 -999 -999 -999
0.322961224388587 0.00379011572614822 -999 -999 -999 -999 -999 -999 -999 -999
0.317517204847543 0.705630479511546 -999 -999 -999 -999 -999 -999 -999 -999
0.335911163298575 0.291473320318812 -999 -999 -999 -999 -999 -999 -999 -999
0.346571631853882 0.00289620016964184 -999 -999 -999 -999 -999 -999 -999 -999
0.322690445053733 0.848063214847501 -999 -999 -999 -999 -999 -999 -999 -999
0.348468648082696 0.144982366193493 -999 -999 -999 -999 -999 -999 -999 -999
0.328840906863572 0.00695441895900701 -999 -999 -999 -999 -999 -999 -999 -999
0.34335160433724 0.729617611604928 -999 -999 -999 -999 -999 -999 -999 -999
0.341860359768763 0.26684741792011 -999 -999 -999 -999 -999 -999 -999 -999
0.314788035893997 0.0035349704749628 -999 -999 -999 -999 -999 -999 -999 -999
0.316917569426227 0.834767416986236 -999 -999 -999 -999 -999 -999 -999 -999
0.335578674993111 0.158822180924905 -999 -999 -999 -999 -999 -999 -999 -999
0.347503755580662 0.00641040208885855 -999 -999 -999 -999 -999 -999 -999 -999
0.322256358966396 0.695831718332861 -999 -999 -999 -999 -999 -999 -999 -999
0.337303750597527 0.301207980710791 -999 -999 -999 -999 -999 -999 -999 -999
0.340439890436076 0.00296030095634789 -999 -999 -999 -999 -999 -999 -999 -999
0.309337695683647 0.646770504858929 -999 -999 -999 -999 -999 -999 -999 -999
0.357930552870306 0.350784449199144 -999 -999 -999 -999 -999 -999 -999 -999
0.332731751446048 0.00244504594192602 -999 -999 -999 -999 -999 -999 -999 -999
0.332463979182398 0.783899023488582 -999 -999 -999 -999 -999 -999 -999 -999
0.345151392218933 0.211714048699161 -999 -999 -999 -999 -999 -999 -999 -999
0.322384628598669 0.00438692781225736 -999 -999 -999 -999 -999 -999 -999 -999
0.335194370886586 0.867001765569492 -999 -999 -999 -999 -999 -999 -999 -999
0.319547223354081 0.1251188570296 -999 -999 -999 -999 -999 -999 -999 -999
0.345258405759333 0.00787937740090803 -999 -999 -999 -999 -999 -999 -999 -999
0.329949003794973 0.731918762996024 -999 -999 -999 -999 -999 -999 -999 -999
0.35651962795691 0.264983794123116 -999 -999 -999 -999 -999 -999 -999 -999
0.313531368248117 0.00309744288086126 -999 -999 -999 -999 -999 -999 -999 -999
0.334993003948969 0.763781369767245 -999 -999 -999 -999 -999 -999 -999 -999
0.341356832656704 0.231745267974855 -999 -999 -999 -999 -999 -999 -999 -999
0.323650163394327 0.00447336225790044 -999 -999 -999 -999 -999 -999 -999 -999
0.341697182152901 0.672477577675874 -999 -999 -999 -999 -999 -999 -999 -999
0.324473670177051 0.324950942764355 -999 -999 -999 -999 -999 -999 -999 -999
0.333829147670048 0.00257147955977012 -999 -999 -999 -999 -999 -999 -999 -999
0.342693229638858 0.783131735782999 -999 -999 -999 -999 -999 -999 -999 -999
0.323295119683377 0.21232982283194 -999 -999 -999 -999 -999 -999 -999 -999
0.334011650677765 0.00453844138506182 -999 -999 -999 -999 -999 -999 -999 -999
0.329350796083701 0.677379256953317 -999 -999 -999 -999 -999 -999 -999 -999
0.348179992062993 0.320295495102559 -999 -999 -999 -999 -999 -999 -999 -999
0.322469211853305 0.00232524794412372 -999 -999 -999 -999 -999 -999 -999 -999
0.336608592819081 0.675344616620961 -999 -999 -999 -999 -999 -999 -999 -999
0.331226316262759 0.322073207789202 -999 -999 -999 -999 -999 -999 -999 -999
0.33216509091816 0.00258217558983718 -999 -999 -999 -999 -999 -999 -999 -999
0.349923616264745 0.672624766383274 -999 -999 -999 -999 -999 -999 -999 -999
0.341735839420844 0.324795897494348 -999 -999 -999 -999 -999 -999 -999 -999
0.308340544314411 0.00257933612237857 -999 -999 -999 -999 -999 -999 -999 -999
0.311866913935747 0.663293661962452 -999 -999 -999 -999 -999 -999 -999 -999
0.34691052027982 0.334265590227732 -999 -999 -999 -999 -999 -999 -999 -999
0.341222565784433 0.00244074780981587 -999 -999 -999 -999 -999 -999 -999 -999
0.343582599137456 0.706121094822825 -999 -999 -999 -999 -999 -999 -999 -999
0.333844693587526 0.290857058369444 -999 -999 -999 -999 -999 -999 -999 -999
0.322572707275019 0.00302184680773025 -999 -999 -999 -999 -999 -999 -999 -999
0.328541070514961 0.76989699627278 -999 -999 -999 -999 -999 -999 -999 -999
0.313310944260367 0.225775606933219 -999 -999 -999 -999 -999 -999 -999 -999
0.358147985224671 0.00432739679400099 -999 -999 -999 -999 -999 -999 -999 -999
0.311505059468448 0.767221406347881 -999 -999 -999 -999 -999 -999 -999 -999
0.346907493985465 0.228618806575936 -999 -999 -999 -999 -999 -999 -999 -999
0.341587446546086 0.00415978707618312 -999 -999 -999 -999 -999 -999 -999 -999
0.319479200077632 0.703378887069295 -999 -999 -999 -999 -999 -999 -999 -999
0.349526643278753 0.29377517091353 -999 -999 -999 -999 -999 -999 -999 -999
0.330994156643614 0.00284594201717593 -999 -999 -999 -999 -999 -999 -999 -999
0.331152131676355 0.790562527849442 -999 -999 -999 -999 -999 -999 -999 -999
0.322743879137698 0.204957213795031 -999 -999 -999 -999 -999 -999 -999 -999
0.346103989185948 0.00448025835552691 -999 -999 -999 -999 -999 -999 -999 -999
0.335342050938612 0.786771940839425 -999 -999 -999 -999 -999 -999 -999 -999
0.337982983604997 0.208629196999632 -999 -999 -999 -999 -999 -999 -999 -999
0.326674965456392 0.00459886216094224 -999 -999 -999 -999 -999 -999 -999 -999
0.336603038478309 0.709794075079343 -999 -999 -999 -999 -999 -999 -999 -999
0.339077204890843 0.28731082910176 -999 -999 -999 -999 -999 -999 -999 -999
0.324319756630848 0.00289509581889685 -999 -999 -999 -999 -999 -999 -999 -999
0.352451717164289 0.728222716325109 -999 -999 -999 -999 -999 -999 -999 -999
0.332326951824071 0.268481161731056 -999 -999 -999 -999 -999 -999 -999 -999
0.31522133101164 0.00329612194383541 -999 -999 -999 -999 -999 -999 -999 -999
0.323623758630494 0.79538224503159 -999 -999 -999 -999 -999 -999 -999 -999
0.336807371048819 0.199667869468249 -999 -999 -999 -999 -999 -999 -999 -999
0.339568870320687 0.00494988550015925 -999 -999 -999 -999 -999 -999 -999 -999
0.328630853036867 0.750035159744832 -999 -999 -999 -999 -999 -999 -999 -999
0.345733071348026 0.246152790184504 -999 -999 -999 -999 -999 -999 -999 -999
0.325636075615107 0.0038120500706637 -999 -999 -999 -999 -999 -999 -999 -999
0.328060084797216 0.812724311328086 -999 -999 -999 -999 -999 -999 -999 -999
0.33224892189768 0.181781468199302 -999 -999 -999 -999 -999 -999 -999 -999
0.339690993305104 0.00549422047261128 -999 -999 -999 -999 -999 -999 -999 -999
0.325181132880236 0.769205685128224 -999 -999 -999 -999 -999 -999 -999 -999
0.345210551301918 0.226719591899464 -999 -999 -999 -999 -999 -999 -999 -999
0.329608315817846 0.00407472297231186 -999 -999 -999 -999 -999 -999 -999 -999
0.337087140050018 0.844023201347364 -999 -999 -999 -999 -999 -999 -999 -999
0.326923527176955 0.149257801476872 -999 -999 -999 -999 -999 -999 -999 -999
0.335989332773027 0.00671899717576326 -999 -999 -999 -999 -999 -999 -999 -999
0.348258645407776 0.686441685865719 -999 -999 -999 -999 -999 -999 -999 -999
0.320563157350939 0.310980061806446 -999 -999 -999 -999 -999 -999 -999 -999
0.331178197241285 0.00257825232783589 -999 -999 -999 -999 -999 -999 -999 -999
0.333368886709725 0.790785737050177 -999 -999 -999 -999 -999 -999 -999 -999
0.338604038443548 0.204299891822754 -999 -999 -999 -999 -999 -999 -999 -999
0.328027074846727 0.00491437112706919 -999 -999 -999 -999 -999 -999 -999 -999
0.343145091968091 0.756679189256399 -999 -999 -999 -999 -999 -999 -999 -999
0.330723111563395 0.239408845923105 -999 -999 -999 -999 -999 -999 -999 -999
0.326131796468514 0.0039119648204953 -999 -999 -999 -999 -999 -999 -999 -999
0.358017334341852 0.760560432141213 -999 -999 -999 -999 -999 -999 -999 -999
0.330264194870371 0.235326003804626 -999 -999 -999 -999 -999 -999 -999 -999
0.311718470787778 0.0041135640541608 -999 -999 -999 -999 -999 -999 -999 -999
0.339249107352278 0.793769847108498 -999 -999 -999 -999 -999 -999 -999 -999
0.328138035210991 0.201057947161269 -999 -999 -999 -999 -999 -999 -999 -999
0.332612857436731 0.00517220573023305 -999 -999 -999 -999 -999 -999 -999 -999
0.335948713668069 0.776139684733805 -999 -999 -999 -999 -999 -999 -999 -999
0.347519428269537 0.219396341286731 -999 -999 -999 -999 -999 -999 -999 -999
0.316531858062395 0.00446397397946366 -999 -999 -999 -999 -999 -999 -999 -999
0.333456675543694 0.866298827588957 -999 -999 -999 -999 -999 -999 -999 -999
0.323874348839221 0.125880634292718 -999 -999 -999 -999 -999 -999 -999 -999
0.342668975617085 0.00782053811832513 -999 -999 -999 -999 -999 -999 -999 -999
0.322656546293599 0.840566732111462 -999 -999 -999 -999 -999 -999 -999 -999
0.34209452791298 0.15305359321343 -999 -999 -999 -999 -999 -999 -999 -999
0.335248925793421 0.00637967467510794 -999 -999 -999 -999 -999 -999 -999 -999
0.361801814538746 0.761219071632376 -999 -999 -999 -999 -999 -999 -999 -999
0.317326613506003 0.234511619663562 -999 -999 -999 -999 -999 -999 -999 -999
0.320871571955251 0.00426930870406227 -999 -999 -999 -999 -999 -999 -999 -999
0.326630453024476 0.741198603768512 -999 -999 -999 -999 -999 -999 -999 -999
0.338683563777767 0.255175027463047 -999 -999 -999 -999 -999 -999 -999 -999
0.334685983197757 0.00362636876844065 -999 -999 -999 -999 -999 -999 -999 -999
0.336949348239344 0.816163278908108 -999 -999 -999 -999 -999 -999 -999 -999
0.319140065374851 0.178114361537989 -999 -999 -999 -999 -999 -999 -999 -999
0.343910586385805 0.00572235955390403 -999 -999 -999 -999 -999 -999 -999 -999
0.366485268852401 0.756647064145625 -999 -999 -999 -999 -999 -999 -999 -999
0.290696288299559 0.23915682429815 -999 -999 -999 -999 -999 -999 -999 -999
0.34281844284804 0.00419611155622512 -999 -999 -999 -999 -999 -999 -999 -999
0.333495906995693 0.757277815792982 -999 -999 -999 -999 -999 -999 -999 -999
0.33383506871419 0.238867853500938 -999 -999 -999 -999 -999 -999 -999 -999
0.332669024290116 0.00385433070607981 -999 -999 -999 -999 -999 -999 -999 -999
0.349027120019204 0.654966273399778 -999 -999 -999 -999 -999 -999 -999 -999
0.317067369780159 0.34263349479985 -999 -999 -999 -999 -999 -999 -999 -999
0.333905510200636 0.00240023180037132 -999 -999 -999 -999 -999 -999 -999 -999
0.342850474696172 0.857819549601795 -999 -999 -999 -999 -999 -999 -999 -999
0.335298346420849 0.134584624127872 -999 -999 -999 -999 -999 -999 -999 -999
0.321851178882978 0.00759582627033405 -999 -999 -999 -999 -999 -999 -999 -999
0.337320033471403 0.741690745562998 -999 -999 -999 -999 -999 -999 -999 -999
0.3283390444229 0.254828031341436 -999 -999 -999 -999 -999 -999 -999 -999
0.334340922105697 0.00348122309556547 -999 -999 -999 -999 -999 -999 -999 -999
0.342708399390948 0.739769119895255 -999 -999 -999 -999 -999 -999 -999 -999
0.30350257741904 0.25699028438482 -999 -999 -999 -999 -999 -999 -999 -999
0.353789023190013 0.00324059571992487 -999 -999 -999 -999 -999 -999 -999 -999
0.351446063392529 0.829543524285563 -999 -999 -999 -999 -999 -999 -999 -999
0.318109431515916 0.164524636490569 -999 -999 -999 -999 -999 -999 -999 -999
0.330444505091554 0.0059318392238679 -999 -999 -999 -999 -999 -999 -999 -999
0.326451396749177 0.832652875794177 -999 -999 -999 -999 -999 -999 -999 -999
0.340123707919976 0.161326968254467 -999 -999 -999 -999 -999 -999 -999 -999
0.333424895330848 0.00602015595135619 -999 -999 -999 -999 -999 -999 -999 -999
0.31883262855922 0.685291839715266 -999 -999 -999 -999 -999 -999 -999 -999
0.359340629865969 0.31194762549371 -999 -999 -999 -999 -999 -999 -999 -999
0.32182674157481 0.00276053479102487 -999 -999 -999 -999 -999 -999 -999 -999
0.339527831160556 0.802578531673824 -999 -999 -999 -999 -999 -999 -999 -999
0.352599359718532 0.192045496976246 -999 -999 -999 -999 -999 -999 -999 -999
0.307872809120912 0.00537597134993028 -999 -999 -999 -999 -999 -999 -999 -999
0.326482807230831 0.770459963394246 -999 -999 -999 -999 -999 -999 -999 -999
0.341841671278585 0.225149485556244 -999 -999 -999 -999 -999 -999 -999 -999
0.331675521490583 0.00439055104951043 -999 -999 -999 -999 -999 -999 -999 -999
0.334174614417609 0.6983021846319 -999 -999 -999 -999 -999 -999 -999 -999
0.325170583545004 0.298800048344995 -999 -999 -999 -999 -999 -999 -999 -999
0.340654802037387 0.00289776702310515 -999 -999 -999 -999 -999 -999 -999 -999
0.323008013701847 0.77004430166117 -999 -999 -999 -999 -999 -999 -999 -999
0.336646905176688 0.225618525304676 -999 -999 -999 -999 -999 -999 -999 -999
0.340345081121465 0.00433717303415396 -999 -999 -999 -999 -999 -999 -999 -999
0.32590846947763 0.823984924095872 -999 -999 -999 -999 -999 -999 -999 -999
0.332363966987326 0.170033878040359 -999 -999 -999 -999 -999 -999 -999 -999
0.341727563535045 0.00598119786376935 -999 -999 -999 -999 -999 -999 -999 -999
0.326130176849491 0.784523147829234 -999 -999 -999 -999 -999 -999 -999 -999
0.347117921629933 0.210848774041244 -999 -999 -999 -999 -999 -999 -999 -999
0.326751901520575 0.00462807812952175 -999 -999 -999 -999 -999 -999 -999 -999
0.34669796921897 0.747285236077324 -999 -999 -999 -999 -999 -999 -999 -999
0.344304740745132 0.248863572077698 -999 -999 -999 -999 -999 -999 -999 -999
0.308997290035898 0.00385119184497829 -999 -999 -999 -999 -999 -999 -999 -999
0.345751111176874 0.829933425300041 -999 -999 -999 -999 -999 -999 -999 -999
0.337835910676291 0.164540799738383 -999 -999 -999 -999 -999 -999 -999 -999
0.316412978146834 0.00552577496157646 -999 -999 -999 -999 -999 -999 -999 -999
0.314053294332044 0.721238630696957 -999 -999 -999 -999 -999 -999 -999 -999
0.351894449597384 0.275347762805338 -999 -999 -999 -999 -999 -999 -999 -999
0.334052256070572 0.00341360649770477 -999 -999 -999 -999 -999 -999 -999 -999
0.330733378585456 0.686878533100013 -999 -999 -999 -999 -999 -999 -999 -999
0.33345603623319 0.310234044684181 -999 -999 -999 -999 -999 -999 -999 -999
0.335810585181354 0.00288742221580551 -999 -999 -999 -999 -999 -999 -999 -999
0.327430717606246 0.647547876471241 -999 -999 -999 -999 -999 -999 -999 -999
0.326195303436309 0.349883569850875 -999 -999 -999 -999 -999 -999 -999 -999
0.346373978957445 0.00256855367788453 -999 -999 -999 -999 -999 -999 -999 -999
0.332112412386755 0.752866557993093 -999 -999 -999 -999 -999 -999 -999 -999
0.329943641558682 0.243212537115258 -999 -999 -999 -999 -999 -999 -999 -999
0.337943946054563 0.00392090489164879 -999 -999 -999 -999 -999 -999 -999 -999
0.319102260009924 0.725643734712411 -999 -999 -999 -999 -999 -999 -999 -999
0.330024060177683 0.270984504336035 -999 -999 -999 -999 -999 -999 -999 -999
0.350873679812393 0.00337176095155424 -999 -999 -999 -999 -999 -999 -999 -999
0.357667911277175 0.702019448355141 -999 -999 -999 -999 -999 -999 -999 -999
0.327211013683407 0.29494118656072 -999 -999 -999 -999 -999 -999 -999 -999
0.315121075039418 0.00303936508413956 -999 -999 -999 -999 -999 -999 -999 -999
0.32021207551822 0.760723047106441 -999 -999 -999 -999 -999 -999 -999 -999
0.345263901683556 0.235142278609156 -999 -999 -999 -999 -999 -999 -999 -999
0.334524022798224 0.00413467428440361 -999 -999 -999 -999 -999 -999 -999 -999
0.342867279815755 0.754076653184169 -999 -999 -999 -999 -999 -999 -999 -999
0.340169535267547 0.241696418557704 -999 -999 -999 -999 -999 -999 -999 -999
0.316963184916698 0.0042269282581269 -999 -999 -999 -999 -999 -999 -999 -999
0.335082395733186 0.731567353113888 -999 -999 -999 -999 -999 -999 -999 -999
0.331709244632026 0.26530927339369 -999 -999 -999 -999 -999 -999 -999 -999
0.333208359634789 0.00312337349242259 -999 -999 -999 -999 -999 -999 -999 -999
0.332880808334641 0.759251161451272 -999 -999 -999 -999 -999 -999 -999 -999
0.325813029876265 0.23679488751959 -999 -999 -999 -999 -999 -999 -999 -999
0.341306161789094 0.00395395102913854 -999 -999 -999 -999 -999 -999 -999 -999
0.316848417602078 0.70515263760384 -999 -999 -999 -999 -999 -999 -999 -999
0.336888763238175 0.291971349417357 -999 -999 -999 -999 -999 -999 -999 -999
0.346262819159746 0.00287601297880326 -999 -999 -999 -999 -999 -999 -999 -999
0.332661077245814 0.834280881560919 -999 -999 -999 -999 -999 -999 -999 -999
0.343745526660423 0.159622139795618 -999 -999 -999 -999 -999 -999 -999 -999
0.323593396093762 0.00609697864346362 -999 -999 -999 -999 -999 -999 -999 -999
0.341040815384873 0.814167178390393 -999 -999 -999 -999 -999 -999 -999 -999
0.319126514769568 0.18055149400512 -999 -999 -999 -999 -999 -999 -999 -999
0.339832669845559 0.00528132760448659 -999 -999 -999 -999 -999 -999 -999 -999
0.345668482057797 0.730705976644992 -999 -999 -999 -999 -999 -999 -999 -999
0.344392681576825 0.265826354197819 -999 -999 -999 -999 -999 -999 -999 -999
0.309938836365377 0.00346766915718797 -999 -999 -999 -999 -999 -999 -999 -999
0.343948106537462 0.794895360298542 -999 -999 -999 -999 -999 -999 -999 -999
0.339141048812659 0.200592016637888 -999 -999 -999 -999 -999 -999 -999 -999
0.316910844649879 0.00451262306357027 -999 -999 -999 -999 -999 -999 -999 -999
0.352826326397853 0.7452456356042 -999 -999 -999 -999 -999 -999 -999 -999
0.328723463337082 0.251212020924249 -999 -999 -999 -999 -999 -999 -999 -999
0.318450210265065 0.00354234347155173 -999 -999 -999 -999 -999 -999 -999 -999
0.342157862118073 0.870751267647002 -999 -999 -999 -999 -999 -999 -999 -999
0.345012455518622 0.120665758408423 -999 -999 -999 -999 -999 -999 -999 -999
0.312829682363305 0.00858297394457357 -999 -999 -999 -999 -999 -999 -999 -999
0.317708473558748 0.727879183638735 -999 -999 -999 -999 -999 -999 -999 -999
0.342447327510469 0.268493694139122 -999 -999 -999 -999 -999 -999 -999 -999
0.339844198930783 0.00362712222214311 -999 -999 -999 -999 -999 -999 -999 -999
0.296509305623572 0.720578685518985 -999 -999 -999 -999 -999 -999 -999 -999
0.350980802312688 0.27641143140464 -999 -999 -999 -999 -999 -999 -999 -999
0.352509892063739 0.00300988307637469 -999 -999 -999 -999 -999 -999 -999 -999
0.349639883652881 0.780795429836134 -999 -999 -999 -999 -999 -999 -999 -999
0.318570002178508 0.215110183023966 -999 -999 -999 -999 -999 -999 -999 -999
0.331790114168611 0.00409438713990067 -999 -999 -999 -999 -999 -999 -999 -999
0.334184837419597 0.790476081077465 -999 -999 -999 -999 -999 -999 -999 -999
0.340783252124091 0.205025390326609 -999 -999 -999 -999 -999 -999 -999 -999
0.325031910456312 0.00449852859592534 -999 -999 -999 -999 -999 -999 -999 -999
0.337782127993813 0.702094995447222 -999 -999 -999 -999 -999 -999 -999 -999
0.322021795307433 0.295105239621955 -999 -999 -999 -999 -999 -999 -999 -999
0.340196076698755 0.00279976493082244 -999 -999 -999 -999 -999 -999 -999 -999
0.307667936034932 0.734990086268146 -999 -999 -999 -999 -999 -999 -999 -999
0.334885443942318 0.261484143919593 -999 -999 -999 -999 -999 -999 -999 -999
0.357446620022751 0.00352576981226124 -999 -999 -999 -999 -999 -999 -999 -999
0.311924780372656 0.819228176653349 -999 -999 -999 -999 -999 -999 -999 -999
0.351545130165271 0.175503809460418 -999 -999 -999 -999 -999 -999 -999 -999
0.336530089462074 0.00526801388623366 -999 -999 -999 -999 -999 -999 -999 -999
0.324668619307651 0.792007538226948 -999 -999 -999 -999 -999 -999 -999 -999
0.32854279129747 0.20326995782245 -999 -999 -999 -999 -999 -999 -999 -999
0.346788589394879 0.00472250395060198 -999 -999 -999 -999 -999 -999 -999 -999
0.338375884426346 0.754643787022601 -999 -999 -999 -999 -999 -999 -999 -999
0.350991801102548 0.241811307303124 -999 -999 -999 -999 -999 -999 -999 -999
0.310632314471105 0.00354490567427411 -999 -999 -999 -999 -999 -999 -999 -999
0.33468141378099 0.711872650986974 -999 -999 -999 -999 -999 -999 -999 -999
0.339657542305438 0.285072472994366 -999 -999 -999 -999 -999 -999 -999 -999
0.325661043913572 0.00305487601865941 -999 -999 -999 -999 -999 -999 -999 -999
0.338886827816822 0.780511958704036 -999 -999 -999 -999 -999 -999 -999 -999
0.318908762015335 0.215374608821944 -999 -999 -999 -999 -999 -999 -999 -999
0.342204410167843 0.00411343247401903 -999 -999 -999 -999 -999 -999 -999 -999
0.332251925548018 0.804253277082759 -999 -999 -999 -999 -999 -999 -999 -999
0.33058697310634 0.190618924580278 -999 -999 -999 -999 -999 -999 -999 -999
0.337161101345642 0.00512779833696255 -999 -999 -999 -999 -999 -999 -999 -999
0.333859369787646 0.775088903598211 -999 -999 -999 -999 -999 -999 -999 -999
0.348216635664896 0.220437858944323 -999 -999 -999 -999 -999 -999 -999 -999
0.317923994547457 0.00447323745746652 -999 -999 -999 -999 -999 -999 -999 -999
0.325772603619379 0.743104474701988 -999 -999 -999 -999 -999 -999 -999 -999
0.339420666958787 0.252911280801677 -999 -999 -999 -999 -999 -999 -999 -999
0.334806729421834 0.00398424449633511 -999 -999 -999 -999 -999 -999 -999 -999
0.347882304180875 0.823275439658271 -999 -999 -999 -999 -999 -999 -999 -999
0.352792397828601 0.171425292633515 -999 -999 -999 -999 -999 -999 -999 -999
0.299325297990524 0.00529926770821441 -999 -999 -999 -999 -999 -999 -999 -999
0.344369749985171 0.80593447032406 -999 -999 -999 -999 -999 -999 -999 -999
0.331590887545498 0.18909886696443 -999 -999 -999 -999 -999 -999 -999 -999
0.324039362469331 0.00496666271151026 -999 -999 -999 -999 -999 -999 -999 -999
0.336223667431878 0.795985074788943 -999 -999 -999 -999 -999 -999 -999 -999
0.337343994971577 0.198921530104183 -999 -999 -999 -999 -999 -999 -999 -999
0.326432337596545 0.00509339510687386 -999 -999 -999 -999 -999 -999 -999 -999
0.314755785981355 0.818926754595335 -999 -999 -999 -999 -999 -999 -999 -999
0.338014731605544 0.175623802032081 -999 -999 -999 -999 -999 -999 -999 -999
0.347229482413102 0.00544944337258453 -999 -999 -999 -999 -999 -999 -999 -999
0.332512230373616 0.754912252794753 -999 -999 -999 -999 -999 -999 -999 -999
0.333093901375319 0.241276017395788 -999 -999 -999 -999 -999 -999 -999 -999
0.334393868251065 0.00381172980945912 -999 -999 -999 -999 -999 -999 -999 -999
0.324141113890025 0.677817971389745 -999 -999 -999 -999 -999 -999 -999 -999
0.319008873994162 0.319597533815819 -999 -999 -999 -999 -999 -999 -999 -999
0.356850012115813 0.00258449479443608 -999 -999 -999 -999 -999 -999 -999 -999
0.34621992583941 0.724298768073608 -999 -999 -999 -999 -999 -999 -999 -999
0.325303609654866 0.272127571362053 -999 -999 -999 -999 -999 -999 -999 -999
0.328476464505724 0.00357366056434041 -999 -999 -999 -999 -999 -999 -999 -999
0.349125645158027 0.809001323305287 -999 -999 -999 -999 -999 -999 -999 -999
0.317423932870868 0.185605264809078 -999 -999 -999 -999 -999 -999 -999 -999
0.333450421971105 0.00539341188563518 -999 -999 -999 -999 -999 -999 -999 -999
0.346472718598839 0.784473108712841 -999 -999 -999 -999 -999 -999 -999 -999
0.3248049255526 0.211272765589246 -999 -999 -999 -999 -999 -999 -999 -999
0.328722355848561 0.00425412569791259 -999 -999 -999 -999 -999 -999 -999 -999
0.326007514127484 0.741872486197878 -999 -999 -999 -999 -999 -999 -999 -999
0.345887131918618 0.254353286301121 -999 -999 -999 -999 -999 -999 -999 -999
0.328105353953898 0.00377422750099998 -999 -999 -999 -999 -999 -999 -999 -999
0.329559306633797 0.760010619677969 -999 -999 -999 -999 -999 -999 -999 -999
0.327769050438878 0.236175017878926 -999 -999 -999 -999 -999 -999 -999 -999
0.342671642927325 0.00381436244310503 -999 -999 -999 -999 -999 -999 -999 -999
0.347755620278281 0.804211857789364 -999 -999 -999 -999 -999 -999 -999 -999
0.343146232815814 0.190654116182184 -999 -999 -999 -999 -999 -999 -999 -999
0.309098146905904 0.00513402602845144 -999 -999 -999 -999 -999 -999 -999 -999
0.311825038999626 0.760943272639445 -999 -999 -999 -999 -999 -999 -999 -999
0.335791800096673 0.23549500377691 -999 -999 -999 -999 -999 -999 -999 -999
0.3523831609037 0.00356172358364451 -999 -999 -999 -999 -999 -999 -999 -999
0.346752756414548 0.676205503731065 -999 -999 -999 -999 -999 -999 -999 -999
0.336102233191907 0.321369179657146 -999 -999 -999 -999 -999 -999 -999 -999
0.317145010393545 0.00242531661178842 -999 -999 -999 -999 -999 -999 -999 -999
0.352703890049189 0.794975360031121 -999 -999 -999 -999 -999 -999 -999 -999
0.312577176111757 0.200530143998344 -999 -999 -999 -999 -999 -999 -999 -999
0.334718933839055 0.00449449597053454 -999 -999 -999 -999 -999 -999 -999 -999
0.328517190992685 0.760723613467606 -999 -999 -999 -999 -999 -999 -999 -999
0.334219093051554 0.235595664267619 -999 -999 -999 -999 -999 -999 -999 -999
0.337263715955761 0.00368072226477496 -999 -999 -999 -999 -999 -999 -999 -999
0.31576484891596 0.749891270833606 -999 -999 -999 -999 -999 -999 -999 -999
0.346142574621431 0.246227595650002 -999 -999 -999 -999 -999 -999 -999 -999
0.338092576462609 0.00388113351639171 -999 -999 -999 -999 -999 -999 -999 -999
0.333633052841374 0.747288743599234 -999 -999 -999 -999 -999 -999 -999 -999
0.333847081040338 0.249123106324805 -999 -999 -999 -999 -999 -999 -999 -999
0.332519866118288 0.00358815007596019 -999 -999 -999 -999 -999 -999 -999 -999
0.322718797996679 0.801296151494026 -999 -999 -999 -999 -999 -999 -999 -999
0.350665912192889 0.193755611435062 -999 -999 -999 -999 -999 -999 -999 -999
0.326615289810432 0.00494823707091172 -999 -999 -999 -999 -999 -999 -999 -999
0.331970299509259 0.684223381873553 -999 -999 -999 -999 -999 -999 -999 -999
0.344992056045244 0.313101029940312 -999 -999 -999 -999 -999 -999 -999 -999
0.323037644445497 0.00267558818613376 -999 -999 -999 -999 -999 -999 -999 -999
0.334771303275418 0.728571537951176 -999 -999 -999 -999 -999 -999 -999 -999
0.340893068188516 0.267800362950428 -999 -999 -999 -999 -999 -999 -999 -999
0.324335628536065 0.00362809909839548 -999 -999 -999 -999 -999 -999 -999 -999
0.340515578064466 0.675530050134649 -999 -999 -999 -999 -999 -999 -999 -999
0.343163240145926 0.321811311545477 -999 -999 -999 -999 -999 -999 -999 -999
0.316321181789608 0.00265863831987398 -999 -999 -999 -999 -999 -999 -999 -999
0.326626100330677 0.872712889609658 -999 -999 -999 -999 -999 -999 -999 -999
0.335220279001657 0.11930875159884 -999 -999 -999 -999 -999 -999 -999 -999
0.338153620667665 0.00797835879150229 -999 -999 -999 -999 -999 -999 -999 -999
0.331862516667524 0.69467076203039 -999 -999 -999 -999 -999 -999 -999 -999
0.338194821493422 0.30270382977 -999 -999 -999 -999 -999 -999 -999 -999
0.329942661839055 0.0026254081996092 -999 -999 -999 -999 -999 -999 -999 -999
0.336130156449986 0.759271498998332 -999 -999 -999 -999 -999 -999 -999 -999
0.33638098869753 0.236555234941351 -999 -999 -999 -999 -999 -999 -999 -999
0.327488854852485 0.00417326606031616 -999 -999 -999 -999 -999 -999 -999 -999
0.332778765351477 0.611856181253506 -999 -999 -999 -999 -999 -999 -999 -999
0.323227165456611 0.386213800807289 -999 -999 -999 -999 -999 -999 -999 -999
0.343994069191912 0.00193001793920403 -999 -999 -999 -999 -999 -999 -999 -999
0.342144556813107 0.701458622740355 -999 -999 -999 -999 -999 -999 -999 -999
0.337919039249852 0.295493137369927 -999 -999 -999 -999 -999 -999 -999 -999
0.319936403937041 0.00304823988971869 -999 -999 -999 -999 -999 -999 -999 -999
0.35022556919282 0.787134594181512 -999 -999 -999 -999 -999 -999 -999 -999
0.333102216000567 0.208170486265898 -999 -999 -999 -999 -999 -999 -999 -999
0.316672214806612 0.00469491955258983 -999 -999 -999 -999 -999 -999 -999 -999
0.348128599723015 0.759564412880447 -999 -999 -999 -999 -999 -999 -999 -999
0.314715473236993 0.236271053796017 -999 -999 -999 -999 -999 -999 -999 -999
0.337155927039992 0.00416453332353664 -999 -999 -999 -999 -999 -999 -999 -999
0.335898972537542 0.798316407905539 -999 -999 -999 -999 -999 -999 -999 -999
0.327617186965719 0.1970996572221 -999 -999 -999 -999 -999 -999 -999 -999
0.336483840496739 0.00458393487236073 -999 -999 -999 -999 -999 -999 -999 -999
0.353583275716467 0.793590096234127 -999 -999 -999 -999 -999 -999 -999 -999
0.3229299965553 0.201735121691146 -999 -999 -999 -999 -999 -999 -999 -999
0.323486727728233 0.00467478207472728 -999 -999 -999 -999 -999 -999 -999 -999
0.345824759783301 0.749722074414714 -999 -999 -999 -999 -999 -999 -999 -999
0.319050995807174 0.246817247931788 -999 -999 -999 -999 -999 -999 -999 -999
0.335124244409524 0.00346067765349789 -999 -999 -999 -999 -999 -999 -999 -999
0.338887147423349 0.718860810501933 -999 -999 -999 -999 -999 -999 -999 -999
0.335219112526646 0.277815232506521 -999 -999 -999 -999 -999 -999 -999 -999
0.325893740050006 0.00332395699154567 -999 -999 -999 -999 -999 -999 -999 -999
0.329182602780456 0.803118203807651 -999 -999 -999 -999 -999 -999 -999 -999
0.352146257449246 0.191769342287743 -999 -999 -999 -999 -999 -999 -999 -999
0.318671139770298 0.00511245390460678 -999 -999 -999 -999 -999 -999 -999 -999
0.318193541588465 0.76586791524505 -999 -999 -999 -999 -999 -999 -999 -999
0.339656454450881 0.230219362866225 -999 -999 -999 -999 -999 -999 -999 -999
0.342150003960655 0.00391272188872454 -999 -999 -999 -999 -999 -999 -999 -999
0.3103441788426 0.777884631583231 -999 -999 -999 -999 -999 -999 -999 -999
0.332259391578447 0.217796563800748 -999 -999 -999 -999 -999 -999 -999 -999
0.357396429578953 0.00431880461602165 -999 -999 -999 -999 -999 -999 -999 -999
0.342724677114528 0.767120376182144 -999 -999 -999 -999 -999 -999 -999 -999
0.321540503407807 0.228942665256009 -999 -999 -999 -999 -999 -999 -999 -999
0.335734819477665 0.00393695856184631 -999 -999 -999 -999 -999 -999 -999 -999
0.333583924560268 0.827023959960261 -999 -999 -999 -999 -999 -999 -999 -999
0.337712798357819 0.16738691307141 -999 -999 -999 -999 -999 -999 -999 -999
0.328703277081913 0.00558912696832901 -999 -999 -999 -999 -999 -999 -999 -999
0.341671478144836 0.787624780262031 -999 -999 -999 -999 -999 -999 -999 -999
0.320842850593652 0.207772715506051 -999 -999 -999 -999 -999 -999 -999 -999
0.337485671261512 0.00460250423191829 -999 -999 -999 -999 -999 -999 -999 -999
0.337132667928478 0.679884803901345 -999 -999 -999 -999 -999 -999 -999 -999
0.334936349931116 0.317429560169573 -999 -999 -999 -999 -999 -999 -999 -999
0.327930982140405 0.00268563592908177 -999 -999 -999 -999 -999 -999 -999 -999
0.336725307951825 0.746258171359882 -999 -999 -999 -999 -999 -999 -999 -999
0.340844563860792 0.249891628565648 -999 -999 -999 -999 -999 -999 -999 -999
0.322430128187382 0.00385020007446887 -999 -999 -999 -999 -999 -999 -999 -999
0.33222315441146 0.736340287957551 -999 -999 -999 -999 -999 -999 -999 -999
0.325866072097087 0.260149015632567 -999 -999 -999 -999 -999 -999 -999 -999
0.341910773491452 0.00351069640988154 -999 -999 -999 -999 -999 -999 -999 -999
0.351682931770278 0.750123034972009 -999 -999 -999 -999 -999 -999 -999 -999
0.310543215152566 0.246076956989128 -999 -999 -999 -999 -999 -999 -999 -999
0.337773853077156 0.00380000803886265 -999 -999 -999 -999 -999 -999 -999 -999
0.345179829248653 0.769274869874126 -999 -999 -999 -999 -999 -999 -999 -999
0.328315616582631 0.226459274799959 -999 -999 -999 -999 -999 -999 -999 -999
0.326504554168716 0.00426585532591423 -999 -999 -999 -999 -999 -999 -999 -999
0.337395875033955 0.676163247223312 -999 -999 -999 -999 -999 -999 -999 -999
0.32665919178039 0.32094050151347 -999 -999 -999 -999 -999 -999 -999 -999
0.335944933185654 0.00289625126321905 -999 -999 -999 -999 -999 -999 -999 -999
0.334745868011974 0.760777825024999 -999 -999 -999 -999 -999 -999 -999 -999
0.321971603900909 0.235432731478954 -999 -999 -999 -999 -999 -999 -999 -999
0.343282528087116 0.00378944349604788 -999 -999 -999 -999 -999 -999 -999 -999
0.359241516032589 0.735778847086055 -999 -999 -999 -999 -999 -999 -999 -999
0.322816890421974 0.260863261423266 -999 -999 -999 -999 -999 -999 -999 -999
0.317941593545437 0.0033578914906791 -999 -999 -999 -999 -999 -999 -999 -999
0.318598822416429 0.80940625614903 -999 -999 -999 -999 -999 -999 -999 -999
0.355853231945353 0.185828258646961 -999 -999 -999 -999 -999 -999 -999 -999
0.325547945638219 0.00476548520400815 -999 -999 -999 -999 -999 -999 -999 -999
0.314336665781949 0.780574039965619 -999 -999 -999 -999 -999 -999 -999 -999
0.336539084628275 0.214891011737816 -999 -999 -999 -999 -999 -999 -999 -999
0.349124249589776 0.0045349482965654 -999 -999 -999 -999 -999 -999 -999 -999
0.322656018037523 0.82850911000031 -999 -999 -999 -999 -999 -999 -999 -999
0.339535215086191 0.165374985092491 -999 -999 -999 -999 -999 -999 -999 -999
0.337808766876286 0.00611590490719978 -999 -999 -999 -999 -999 -999 -999 -999
0.330917011714324 0.806374788852088 -999 -999 -999 -999 -999 -999 -999 -999
0.334434822739309 0.188106035244457 -999 -999 -999 -999 -999 -999 -999 -999
0.334648165546367 0.00551917590345489 -999 -999 -999 -999 -999 -999 -999 -999
0.346793912864364 0.739064313387327 -999 -999 -999 -999 -999 -999 -999 -999
0.320359559778858 0.257200056338955 -999 -999 -999 -999 -999 -999 -999 -999
0.332846527356778 0.00373563027371776 -999 -999 -999 -999 -999 -999 -999 -999
0.348384515355566 0.764562988841889 -999 -999 -999 -999 -999 -999 -999 -999
0.320122296275221 0.231591888630931 -999 -999 -999 -999 -999 -999 -999 -999
0.331493188369214 0.00384512252717994 -999 -999 -999 -999 -999 -999 -999 -999
0.341911032053954 0.712855189625897 -999 -999 -999 -999 -999 -999 -999 -999
0.319817046072867 0.283923410600057 -999 -999 -999 -999 -999 -999 -999 -999
0.338271921873178 0.00322139977404638 -999 -999 -999 -999 -999 -999 -999 -999
0.320655285436667 0.72195003660987 -999 -999 -999 -999 -999 -999 -999 -999
0.338441725836873 0.274648801626544 -999 -999 -999 -999 -999 -999 -999 -999
0.34090298872646 0.00340116176358719 -999 -999 -999 -999 -999 -999 -999 -999
0.345340352325039 0.780256673417926 -999 -999 -999 -999 -999 -999 -999 -999
0.334701599019915 0.215332350800612 -999 -999 -999 -999 -999 -999 -999 -999
0.319958048655045 0.00441097578146077 -999 -999 -999 -999 -999 -999 -999 -999
0.342299605508606 0.704999629280253 -999 -999 -999 -999 -999 -999 -999 -999
0.31552714257686 0.291863208672642 -999 -999 -999 -999 -999 -999 -999 -999
0.342173251914534 0.0031371620471057 -999 -999 -999 -999 -999 -999 -999 -999
0.328022839586262 0.704635265327172 -999 -999 -999 -999 -999 -999 -999 -999
0.33561986320983 0.292697056616581 -999 -999 -999 -999 -999 -999 -999 -999
0.336357297203907 0.00266767805624701 -999 -999 -999 -999 -999 -999 -999 -999
0.326651706355352 0.658759429185379 -999 -999 -999 -999 -999 -999 -999 -999
0.364179631819937 0.338485689271546 -999 -999 -999 -999 -999 -999 -999 -999
0.309168661824711 0.00275488154307532 -999 -999 -999 -999 -999 -999 -999 -999
0.318884309901182 0.826801574410981 -999 -999 -999 -999 -999 -999 -999 -999
0.335665009028653 0.167704470843668 -999 -999 -999 -999 -999 -999 -999 -999
0.345450681070165 0.00549395474535107 -999 -999 -999 -999 -999 -999 -999 -999
0.327073977898286 0.833521830202366 -999 -999 -999 -999 -999 -999 -999 -999
0.32274096078236 0.160581539102996 -999 -999 -999 -999 -999 -999 -999 -999
0.350185061319355 0.00589663069463706 -999 -999 -999 -999 -999 -999 -999 -999
0.343646136969841 0.719821756402693 -999 -999 -999 -999 -999 -999 -999 -999
0.310887826631057 0.27708534044606 -999 -999 -999 -999 -999 -999 -999 -999
0.345466036399102 0.00309290315124742 -999 -999 -999 -999 -999 -999 -999 -999
0.348547995997348 0.770040876096626 -999 -999 -999 -999 -999 -999 -999 -999
0.328071044608795 0.225887881214293 -999 -999 -999 -999 -999 -999 -999 -999
0.323380959393856 0.00407124268908102 -999 -999 -999 -999 -999 -999 -999 -999
0.336674773697982 0.733694414268702 -999 -999 -999 -999 -999 -999 -999 -999
0.331578536859275 0.262727712615645 -999 -999 -999 -999 -999 -999 -999 -999
0.331746689442743 0.00357787311565245 -999 -999 -999 -999 -999 -999 -999 -999
0.312247964169042 0.68676356312209 -999 -999 -999 -999 -999 -999 -999 -999
0.346091276913634 0.310429316366505 -999 -999 -999 -999 -999 -999 -999 -999
0.341660758917324 0.00280712051140537 -999 -999 -999 -999 -999 -999 -999 -999
0.335199659603048 0.772954333235795 -999 -999 -999 -999 -999 -999 -999 -999
0.338110319810781 0.222997351072133 -999 -999 -999 -999 -999 -999 -999 -999
0.32669002058617 0.00404831569207216 -999 -999 -999 -999 -999 -999 -999 -999
0.3306073753846 0.736307813551022 -999 -999 -999 -999 -999 -999 -999 -999
0.322134658035461 0.260055135552378 -999 -999 -999 -999 -999 -999 -999 -999
0.347257966579939 0.00363705089660005 -999 -999 -999 -999 -999 -999 -999 -999
0.341421231865459 0.783821660213592 -999 -999 -999 -999 -999 -999 -999 -999
0.31821901290723 0.211745476178784 -999 -999 -999 -999 -999 -999 -999 -999
0.340359755227312 0.00443286360762368 -999 -999 -999 -999 -999 -999 -999 -999
0.326263172273304 0.73834632921851 -999 -999 -999 -999 -999 -999 -999 -999
0.335854638139434 0.258214113336769 -999 -999 -999 -999 -999 -999 -999 -999
0.337882189587262 0.00343955744472022 -999 -999 -999 -999 -999 -999 -999 -999
0.357657784216606 0.815080795573644 -999 -999 -999 -999 -999 -999 -999 -999
0.331979063032016 0.179624820347913 -999 -999 -999 -999 -999 -999 -999 -999
0.310363152751378 0.00529438407844274 -999 -999 -999 -999 -999 -999 -999 -999
0.326046780808546 0.787483132544599 -999 -999 -999 -999 -999 -999 -999 -999
0.351348056273033 0.20815522679295 -999 -999 -999 -999 -999 -999 -999 -999
0.32260516291842 0.00436164066245217 -999 -999 -999 -999 -999 -999 -999 -999
0.333967799650253 0.758407391944933 -999 -999 -999 -999 -999 -999 -999 -999
0.326888058402042 0.237346301504589 -999 -999 -999 -999 -999 -999 -999 -999
0.339144141947705 0.00424630655047901 -999 -999 -999 -999 -999 -999 -999 -999
0.355770479750153 0.729836463561092 -999 -999 -999 -999 -999 -999 -999 -999
0.31335764737172 0.266690790460228 -999 -999 -999 -999 -999 -999 -999 -999
0.330871872878127 0.00347274597868078 -999 -999 -999 -999 -999 -999 -999 -999
0.343088498814809 0.6811563371797 -999 -999 -999 -999 -999 -999 -999 -999
0.318860367492909 0.316116979087844 -999 -999 -999 -999 -999 -999 -999 -999
0.338051133692282 0.00272668373245511 -999 -999 -999 -999 -999 -999 -999 -999
0.344377804720449 0.818778267353574 -999 -999 -999 -999 -999 -999 -999 -999
0.327935293817788 0.175246003680551 -999 -999 -999 -999 -999 -999 -999 -999
0.327686901461763 0.00597572896587545 -999 -999 -999 -999 -999 -999 -999 -999
0.343985504030016 0.685538657452907 -999 -999 -999 -999 -999 -999 -999 -999
0.335539009119809 0.311666340708962 -999 -999 -999 -999 -999 -999 -999 -999
0.320475486850175 0.00279500183813085 -999 -999 -999 -999 -999 -999 -999 -999
0.333805234143495 0.643065161498192 -999 -999 -999 -999 -999 -999 -999 -999
0.33686526417677 0.354857974193495 -999 -999 -999 -999 -999 -999 -999 -999
0.329329501679735 0.00207686430831359 -999 -999 -999 -999 -999 -999 -999 -999
0.331190047203766 0.75667248182356 -999 -999 -999 -999 -999 -999 -999 -999
0.329424305664262 0.239419843825982 -999 -999 -999 -999 -999 -999 -999 -999
0.339385647131972 0.00390767435045825 -999 -999 -999 -999 -999 -999 -999 -999
0.340331601186165 0.724514988547729 -999 -999 -999 -999 -999 -999 -999 -999
0.322200289643944 0.272082911146408 -999 -999 -999 -999 -999 -999 -999 -999
0.337468109169891 0.00340210030586375 -999 -999 -999 -999 -999 -999 -999 -999
0.327671396646405 0.766227244489848 -999 -999 -999 -999 -999 -999 -999 -999
0.334248373274536 0.22987904487105 -999 -999 -999 -999 -999 -999 -999 -999
0.338080230079059 0.00389371063910154 -999 -999 -999 -999 -999 -999 -999 -999
0.333460657882025 0.649132729661186 -999 -999 -999 -999 -999 -999 -999 -999
0.339928090425979 0.348730959728317 -999 -999 -999 -999 -999 -999 -999 -999
0.326611251691996 0.00213631061049738 -999 -999 -999 -999 -999 -999 -999 -999
0.339087278048729 0.660329775461227 -999 -999 -999 -999 -999 -999 -999 -999
0.31468294029582 0.3372440697953 -999 -999 -999 -999 -999 -999 -999 -999
0.346229781655451 0.00242615474347306 -999 -999 -999 -999 -999 -999 -999 -999
0.34808299569854 0.619709580737012 -999 -999 -999 -999 -999 -999 -999 -999
0.320483523604079 0.378319767666775 -999 -999 -999 -999 -999 -999 -999 -999
0.331433480697382 0.00197065159621203 -999 -999 -999 -999 -999 -999 -999 -999
0.328051527962102 0.793466390779143 -999 -999 -999 -999 -999 -999 -999 -999
0.328032119773943 0.201725714190956 -999 -999 -999 -999 -999 -999 -999 -999
0.343916352263954 0.00480789502990042 -999 -999 -999 -999 -999 -999 -999 -999
0.32580336486343 0.716122899339193 -999 -999 -999 -999 -999 -999 -999 -999
0.342557158313795 0.280813806391956 -999 -999 -999 -999 -999 -999 -999 -999
0.331639476822774 0.00306329426885104 -999 -999 -999 -999 -999 -999 -999 -999
0.323831683796476 0.719307332013753 -999 -999 -999 -999 -999 -999 -999 -999
0.342551482246306 0.277412676481546 -999 -999 -999 -999 -999 -999 -999 -999
0.333616833957218 0.00327999150470076 -999 -999 -999 -999 -999 -999 -999 -999
0.315570831721263 0.724664540149824 -999 -999 -999 -999 -999 -999 -999 -999
0.340521017053442 0.271893242401814 -999 -999 -999 -999 -999 -999 -999 -999
0.343908151225296 0.00344221744836218 -999 -999 -999 -999 -999 -999 -999 -999
0.338714459849807 0.701770725670159 -999 -999 -999 -999 -999 -999 -999 -999
0.319904241211604 0.295251425334763 -999 -999 -999 -999 -999 -999 -999 -999
0.341381298938588 0.00297784899507747 -999 -999 -999 -999 -999 -999 -999 -999
0.338320295580363 0.672288006502207 -999 -999 -999 -999 -999 -999 -999 -999
0.319864971527615 0.32504128883623 -999 -999 -999 -999 -999 -999 -999 -999
0.341814732892022 0.00267070466156273 -999 -999 -999 -999 -999 -999 -999 -999
0.343847341711893 0.71609339453457 -999 -999 -999 -999 -999 -999 -999 -999
0.326882648501722 0.280831883780251 -999 -999 -999 -999 -999 -999 -999 -999
0.329270009786387 0.00307472168517966 -999 -999 -999 -999 -999 -999 -999 -999
0.325674865285441 0.78773157596858 -999 -999 -999 -999 -999 -999 -999 -999
0.347315017693949 0.207398488519044 -999 -999 -999 -999 -999 -999 -999 -999
0.32701011702061 0.00486993551237549 -999 -999 -999 -999 -999 -999 -999 -999
0.332432599350243 0.711015856835105 -999 -999 -999 -999 -999 -999 -999 -999
0.3347895192743 0.285892139061686 -999 -999 -999 -999 -999 -999 -999 -999
0.332777881375457 0.00309200410320893 -999 -999 -999 -999 -999 -999 -999 -999
0.336471359028139 0.758171766740673 -999 -999 -999 -999 -999 -999 -999 -999
0.326245211238519 0.237853128198079 -999 -999 -999 -999 -999 -999 -999 -999
0.337283429733342 0.00397510506124767 -999 -999 -999 -999 -999 -999 -999 -999
0.328572245352059 0.734053235046482 -999 -999 -999 -999 -999 -999 -999 -999
0.336544959087821 0.262344535446259 -999 -999 -999 -999 -999 -999 -999 -999
0.33488279556012 0.00360222950725786 -999 -999 -999 -999 -999 -999 -999 -999
0.334295333139835 0.773840393896419 -999 -999 -999 -999 -999 -999 -999 -999
0.331617127569197 0.222187221676527 -999 -999 -999 -999 -999 -999 -999 -999
0.334087539290968 0.00397238442705412 -999 -999 -999 -999 -999 -999 -999 -999
0.324985134777636 0.635011437316387 -999 -999 -999 -999 -999 -999 -999 -999
0.349997972630275 0.362764749693423 -999 -999 -999 -999 -999 -999 -999 -999
0.325016892592089 0.00222381299018978 -999 -999 -999 -999 -999 -999 -999 -999
0.355792664244088 0.780772151769757 -999 -999 -999 -999 -999 -999 -999 -999
0.323794121389649 0.215146112714525 -999 -999 -999 -999 -999 -999 -999 -999
0.320413214366263 0.00408173551571771 -999 -999 -999 -999 -999 -999 -999 -999
0.331423456013814 0.805491664428166 -999 -999 -999 -999 -999 -999 -999 -999
0.353270451613448 0.189330717177705 -999 -999 -999 -999 -999 -999 -999 -999
0.315306092372738 0.00517761839412794 -999 -999 -999 -999 -999 -999 -999 -999
0.3414333824411 0.706222348206903 -999 -999 -999 -999 -999 -999 -999 -999
0.334716319333953 0.290992502802053 -999 -999 -999 -999 -999 -999 -999 -999
0.323850298224947 0.0027851489910439 -999 -999 -999 -999 -999 -999 -999 -999
0.349120765876848 0.65687773891051 -999 -999 -999 -999 -999 -999 -999 -999
0.31955472750685 0.340950244781537 -999 -999 -999 -999 -999 -999 -999 -999
0.331324506616303 0.00217201630795264 -999 -999 -999 -999 -999 -999 -999 -999
-999 -999 -999 -999 -999 -999 -999 -999 -999 -999
-999 -999 -999 -999 -999 -999 -999 -999 -999 -999
-999 -999 -999 -999 -999 -999 -999 -999 -999 -999
-999 -999 -999 -999 -999 -999 -999 -999 -999 -999
-999 -999 -999 -999 -999 -999 -999 -999 -999 -999
-999 -999 -999 -999 -999 -999 -999 -999 -999 -999
