0.360504792346827 0.723591682747588 -999 -999 -999 -999 -999 -999 -999 -999
0.340748034713704 0.272945306987887 -999 -999 -999 -999 -999 -999 -999 -999
0.298747172939469 0.00346301026452475 -999 -999 -999 -999 -999 -999 -999 -999
0.318946497835516 0.752104057007435 -999 -999 -999 -999 -999 -999 -999 -999
0.339066195615586 0.243680891324777 -999 -999 -999 -999 -999 -999 -999 -999
0.341987306548898 0.00421505166778806 -999 -999 -999 -999 -999 -999 -999 -999
0.344414830306763 0.662642794143676 -999 -999 -999 -999 -999 -999 -999 -999
0.319785153448924 0.334936920685777 -999 -999 -999 -999 -999 -999 -999 -999
0.335800016244313 0.00242028517054716 -999 -999 -999 -999 -999 -999 -999 -999
0.324344061368442 0.822648450394059 -999 -999 -999 -999 -999 -999 -999 -999
0.332830804703574 0.171695404864685 -999 -999 -999 -999 -999 -999 -999 -999
0.342825133927985 0.00565614474125592 -999 -999 -999 -999 -999 -999 -999 -999
0.33976486592049 0.599317086162155 -999 -999 -999 -999 -999 -999 -999 -999
0.346778132389109 0.398856312835462 -999 -999 -999 -999 -999 -999 -999 -999
0.313457001690402 0.00182660100238289 -999 -999 -999 -999 -999 -999 -999 -999
0.341163202261047 0.68288246875617 -999 -999 -999 -999 -999 -999 -999 -999
0.309871273095424 0.314567605731402 -999 -999 -999 -999 -999 -999 -999 -999
0.34896552464353 0.00254992551242902 -999 -999 -999 -999 -999 -999 -999 -999
0.332607092071934 0.889172422341218 -999 -999 -999 -999 -999 -999 -999 -999
0.330393929032071 0.101016378251311 -999 -999 -999 -999 -999 -999 -999 -999
0.336998978895995 0.00981119940747122 -999 -999 -999 -999 -999 -999 -999 -999
0.350631775059917 0.651568859441862 -999 -999 -999 -999 -999 -999 -999 -999
0.324091481370434 0.346118783101932 -999 -999 -999 -999 -999 -999 -999 -999
0.325276743569649 0.00231235745620638 -999 -999 -999 -999 -999 -999 -999 -999
0.324215563834208 0.846465570084183 -999 -999 -999 -999 -999 -999 -999 -999
0.335272690513073 0.14633339898662 -999 -999 -999 -999 -999 -999 -999 -999
0.34051174565272 0.00720103092919572 -999 -999 -999 -999 -999 -999 -999 -999
0.331546527641123 0.639170900159085 -999 -999 -999 -999 -999 -999 -999 -999
0.338964504796217 0.358781387196506 -999 -999 -999 -999 -999 -999 -999 -999
0.32948896756266 0.00204771264440907 -999 -999 -999 -999 -999 -999 -999 -999
0.333353729231792 0.768637318008701 -999 -999 -999 -999 -999 -999 -999 -999
0.339428772647835 0.22725447096495 -999 -999 -999 -999 -999 -999 -999 -999
0.327217498120373 0.00410821102634942 -999 -999 -999 -999 -999 -999 -999 -999
0.353213938700294 0.778167274825021 -999 -999 -999 -999 -999 -999 -999 -999
0.324193373472214 0.21746698744142 -999 -999 -999 -999 -999 -999 -999 -999
0.322592687827492 0.00436573773355855 -999 -999 -999 -999 -999 -999 -999 -999
0.333873492508857 0.706448703844652 -999 -999 -999 -999 -999 -999 -999 -999
0.353733970683448 0.290540196331493 -999 -999 -999 -999 -999 -999 -999 -999
0.312392536807695 0.00301109982385492 -999 -999 -999 -999 -999 -999 -999 -999
0.338477103249802 0.848912838877253 -999 -999 -999 -999 -999 -999 -999 -999
0.33992416541703 0.143934895595164 -999 -999 -999 -999 -999 -999 -999 -999
0.321598731333168 0.00715226552758303 -999 -999 -999 -999 -999 -999 -999 -999
0.338895281204379 0.732012298972698 -999 -999 -999 -999 -999 -999 -999 -999
0.318819495221792 0.264445084962031 -999 -999 -999 -999 -999 -999 -999 -999
0.342285223573829 0.00354261606527095 -999 -999 -999 -999 -999 -999 -999 -999
0.333785259025163 0.835468756260853 -999 -999 -999 -999 -999 -999 -999 -999
0.329614949009588 0.157750891032783 -999 -999 -999 -999 -999 -999 -999 -999
0.336599791965249 0.00678035270636323 -999 -999 -999 -999 -999 -999 -999 -999
0.340753580841511 0.696652745189897 -999 -999 -999 -999 -999 -999 -999 -999
0.32443623305692 0.300534478625678 -999 -999 -999 -999 -999 -999 -999 -999
0.334810186101569 0.00281277618442547 -999 -999 -999 -999 -999 -999 -999 -999
0.346831630336978 0.647824608618011 -999 -999 -999 -999 -999 -999 -999 -999
0.332130668806468 0.349975884901762 -999 -999 -999 -999 -999 -999 -999 -999
0.321037700856554 0.00219950648022727 -999 -999 -999 -999 -999 -999 -999 -999
0.333805780622423 0.784239581700702 -999 -999 -999 -999 -999 -999 -999 -999
0.349610132394349 0.211514839832842 -999 -999 -999 -999 -999 -999 -999 -999
0.316584086983228 0.00424557846645612 -999 -999 -999 -999 -999 -999 -999 -999
0.333764894384022 0.86500209898788 -999 -999 -999 -999 -999 -999 -999 -999
0.332618745458078 0.126844258197038 -999 -999 -999 -999 -999 -999 -999 -999
0.333616360157899 0.00815364281508248 -999 -999 -999 -999 -999 -999 -999 -999
0.328365433663375 0.731048050383831 -999 -999 -999 -999 -999 -999 -999 -999
0.332645273055189 0.265548367651476 -999 -999 -999 -999 -999 -999 -999 -999
0.338989293281436 0.00340358196469241 -999 -999 -999 -999 -999 -999 -999 -999
0.337278897684058 0.762821611690817 -999 -999 -999 -999 -999 -999 -999 -999
0.324410867984113 0.233263432326006 -999 -999 -999 -999 -999 -999 -999 -999
0.338310234331829 0.003914955983177 -999 -999 -999 -999 -999 -999 -999 -999
0.357718531444772 0.670518595760411 -999 -999 -999 -999 -999 -999 -999 -999
0.333828743209068 0.326686097948134 -999 -999 -999 -999 -999 -999 -999 -999
0.30845272534616 0.00279530629145502 -999 -999 -999 -999 -999 -999 -999 -999
0.341027578698471 0.783873892660655 -999 -999 -999 -999 -999 -999 -999 -999
0.325746487650407 0.211975233213722 -999 -999 -999 -999 -999 -999 -999 -999
0.333225933651122 0.00415087412562315 -999 -999 -999 -999 -999 -999 -999 -999
0.334066648690152 0.677347855928111 -999 -999 -999 -999 -999 -999 -999 -999
0.337162760691868 0.320060951147509 -999 -999 -999 -999 -999 -999 -999 -999
0.328770590617981 0.00259119292438036 -999 -999 -999 -999 -999 -999 -999 -999
0.326197754844949 0.676001223191835 -999 -999 -999 -999 -999 -999 -999 -999
0.335380781287323 0.321331802670177 -999 -999 -999 -999 -999 -999 -999 -999
0.338421463867728 0.00266697413798779 -999 -999 -999 -999 -999 -999 -999 -999
0.33728936228085 0.674233001608044 -999 -999 -999 -999 -999 -999 -999 -999
0.315349101414736 0.323134411623902 -999 -999 -999 -999 -999 -999 -999 -999
0.347361536304414 0.00263258676805373 -999 -999 -999 -999 -999 -999 -999 -999
0.327949681114931 0.662642544908249 -999 -999 -999 -999 -999 -999 -999 -999
0.338244403969947 0.334831434570487 -999 -999 -999 -999 -999 -999 -999 -999
0.333805914915122 0.00252602052126454 -999 -999 -999 -999 -999 -999 -999 -999
0.3526753626371 0.704124218755076 -999 -999 -999 -999 -999 -999 -999 -999
0.300910044341731 0.292994088539296 -999 -999 -999 -999 -999 -999 -999 -999
0.346414593021169 0.00288169270562815 -999 -999 -999 -999 -999 -999 -999 -999
0.338799285603141 0.769477813078326 -999 -999 -999 -999 -999 -999 -999 -999
0.317455653001813 0.2264529095798 -999 -999 -999 -999 -999 -999 -999 -999
0.343745061395046 0.00406927734187347 -999 -999 -999 -999 -999 -999 -999 -999
0.329785938525941 0.768348065049534 -999 -999 -999 -999 -999 -999 -999 -999
0.339900217956727 0.227402275488368 -999 -999 -999 -999 -999 -999 -999 -999
0.330313843517332 0.00424965946209715 -999 -999 -999 -999 -999 -999 -999 -999
0.334066588194004 0.702511390077551 -999 -999 -999 -999 -999 -999 -999 -999
0.327412260370762 0.29443028853578 -999 -999 -999 -999 -999 -999 -999 -999
0.338521151435234 0.00305832138666818 -999 -999 -999 -999 -999 -999 -999 -999
0.340288821508537 0.789647570837866 -999 -999 -999 -999 -999 -999 -999 -999
0.320447227004595 0.205579245845874 -999 -999 -999 -999 -999 -999 -999 -999
0.339263951486867 0.00477318331626075 -999 -999 -999 -999 -999 -999 -999 -999
0.325854106082584 0.787721467403214 -999 -999 -999 -999 -999 -999 -999 -999
0.341127355141394 0.207573031424155 -999 -999 -999 -999 -999 -999 -999 -999
0.333018538776022 0.00470550117263155 -999 -999 -999 -999 -999 -999 -999 -999
0.33002398272486 0.710923682461941 -999 -999 -999 -999 -999 -999 -999 -999
0.334889840034737 0.286301526802798 -999 -999 -999 -999 -999 -999 -999 -999
0.335086177240403 0.00277479073526116 -999 -999 -999 -999 -999 -999 -999 -999
0.333076399899042 0.728271779579102 -999 -999 -999 -999 -999 -999 -999 -999
0.335922118277823 0.267947539064786 -999 -999 -999 -999 -999 -999 -999 -999
0.331001481823135 0.00378068135611199 -999 -999 -999 -999 -999 -999 -999 -999
0.322081895733708 0.794101665134929 -999 -999 -999 -999 -999 -999 -999 -999
0.338112127185129 0.201125923912668 -999 -999 -999 -999 -999 -999 -999 -999
0.339805977081163 0.00477241095240275 -999 -999 -999 -999 -999 -999 -999 -999
0.344259078132082 0.748281661408837 -999 -999 -999 -999 -999 -999 -999 -999
0.331876169305435 0.248320047695158 -999 -999 -999 -999 -999 -999 -999 -999
0.323864752562483 0.00339829089600572 -999 -999 -999 -999 -999 -999 -999 -999
0.342939428764447 0.812660114174116 -999 -999 -999 -999 -999 -999 -999 -999
0.33377682779547 0.181926955826188 -999 -999 -999 -999 -999 -999 -999 -999
0.323283743440083 0.00541292999969563 -999 -999 -999 -999 -999 -999 -999 -999
0.330489912692302 0.770068526287 -999 -999 -999 -999 -999 -999 -999 -999
0.334440913258771 0.225856172089549 -999 -999 -999 -999 -999 -999 -999 -999
0.335069174048926 0.00407530162345038 -999 -999 -999 -999 -999 -999 -999 -999
0.354587825170857 0.842637921966473 -999 -999 -999 -999 -999 -999 -999 -999
0.333859842145361 0.150596786052978 -999 -999 -999 -999 -999 -999 -999 -999
0.311552332683782 0.00676529198054984 -999 -999 -999 -999 -999 -999 -999 -999
0.330540045856406 0.686054746374828 -999 -999 -999 -999 -999 -999 -999 -999
0.337768684490145 0.311128578208371 -999 -999 -999 -999 -999 -999 -999 -999
0.331691269653449 0.00281667541680042 -999 -999 -999 -999 -999 -999 -999 -999
0.343470717450933 0.791400992612177 -999 -999 -999 -999 -999 -999 -999 -999
0.353635730684763 0.203998062303596 -999 -999 -999 -999 -999 -999 -999 -999
0.302893551864303 0.00460094508422672 -999 -999 -999 -999 -999 -999 -999 -999
0.33696934193317 0.757018559760702 -999 -999 -999 -999 -999 -999 -999 -999
0.334180279075856 0.239202249903248 -999 -999 -999 -999 -999 -999 -999 -999
0.328850378990975 0.00377919033605018 -999 -999 -999 -999 -999 -999 -999 -999
0.315847826773831 0.759716354201393 -999 -999 -999 -999 -999 -999 -999 -999
0.348230142990622 0.236398087981826 -999 -999 -999 -999 -999 -999 -999 -999
0.335922030235547 0.0038855578167807 -999 -999 -999 -999 -999 -999 -999 -999
0.316464767192141 0.793212726009217 -999 -999 -999 -999 -999 -999 -999 -999
0.329930954836409 0.202192984662208 -999 -999 -999 -999 -999 -999 -999 -999
0.353604277971449 0.00459428932857452 -999 -999 -999 -999 -999 -999 -999 -999
0.336501726101338 0.776790178538835 -999 -999 -999 -999 -999 -999 -999 -999
0.347446921673666 0.219071399771497 -999 -999 -999 -999 -999 -999 -999 -999
0.316051352224996 0.00413842168966696 -999 -999 -999 -999 -999 -999 -999 -999
0.323641535349499 0.866384877893444 -999 -999 -999 -999 -999 -999 -999 -999
0.336584355808685 0.125944409994072 -999 -999 -999 -999 -999 -999 -999 -999
0.339774108841816 0.00767071211248409 -999 -999 -999 -999 -999 -999 -999 -999
0.329448659225141 0.841106142138922 -999 -999 -999 -999 -999 -999 -999 -999
0.359593400342579 0.152187908910818 -999 -999 -999 -999 -999 -999 -999 -999
0.31095794043228 0.00670594895026038 -999 -999 -999 -999 -999 -999 -999 -999
0.338071695578669 0.761083683064628 -999 -999 -999 -999 -999 -999 -999 -999
0.328333394988005 0.235026550710958 -999 -999 -999 -999 -999 -999 -999 -999
0.333594909433325 0.00388976622441409 -999 -999 -999 -999 -999 -999 -999 -999
0.325083836981459 0.741833782349783 -999 -999 -999 -999 -999 -999 -999 -999
0.352978251287838 0.254811663718852 -999 -999 -999 -999 -999 -999 -999 -999
0.321937911730702 0.00335455393136501 -999 -999 -999 -999 -999 -999 -999 -999
0.348706988534337 0.814109522031052 -999 -999 -999 -999 -999 -999 -999 -999
0.305720238846841 0.180426044119974 -999 -999 -999 -999 -999 -999 -999 -999
0.345572772618823 0.00546443384897442 -999 -999 -999 -999 -999 -999 -999 -999
0.342648929613332 0.757705704470854 -999 -999 -999 -999 -999 -999 -999 -999
0.335571360600816 0.238140012662197 -999 -999 -999 -999 -999 -999 -999 -999
0.321779709785852 0.00415428286694913 -999 -999 -999 -999 -999 -999 -999 -999
0.321023996339209 0.758433976264432 -999 -999 -999 -999 -999 -999 -999 -999
0.34434903589404 0.23765249451573 -999 -999 -999 -999 -999 -999 -999 -999
0.334626967766751 0.00391352921983903 -999 -999 -999 -999 -999 -999 -999 -999
0.338052725042707 0.654850177876857 -999 -999 -999 -999 -999 -999 -999 -999
0.324014249753511 0.342693967356641 -999 -999 -999 -999 -999 -999 -999 -999
0.337933025203782 0.00245585476650208 -999 -999 -999 -999 -999 -999 -999 -999
0.347601614214963 0.857976719264205 -999 -999 -999 -999 -999 -999 -999 -999
0.33152026176853 0.134699159180434 -999 -999 -999 -999 -999 -999 -999 -999
0.320878124016507 0.00732412155536044 -999 -999 -999 -999 -999 -999 -999 -999
0.33793797295821 0.740287249197029 -999 -999 -999 -999 -999 -999 -999 -999
0.332740956594683 0.256384914999732 -999 -999 -999 -999 -999 -999 -999 -999
0.329321070447108 0.00332783580323908 -999 -999 -999 -999 -999 -999 -999 -999
0.340592237889415 0.7394305399111 -999 -999 -999 -999 -999 -999 -999 -999
0.325520672936163 0.25700029732507 -999 -999 -999 -999 -999 -999 -999 -999
0.333887089174422 0.00356916276382904 -999 -999 -999 -999 -999 -999 -999 -999
0.330633309702195 0.829956525765476 -999 -999 -999 -999 -999 -999 -999 -999
0.343433348255417 0.164237686687765 -999 -999 -999 -999 -999 -999 -999 -999
0.325933342042388 0.00580578754675883 -999 -999 -999 -999 -999 -999 -999 -999
0.331658574122154 0.831190582580785 -999 -999 -999 -999 -999 -999 -999 -999
0.331308640413569 0.162169568183439 -999 -999 -999 -999 -999 -999 -999 -999
0.337032785464277 0.00663984923577577 -999 -999 -999 -999 -999 -999 -999 -999
0.353657605981848 0.686346691243022 -999 -999 -999 -999 -999 -999 -999 -999
0.330992277699026 0.311024199141763 -999 -999 -999 -999 -999 -999 -999 -999
0.315350116319126 0.00262910961521593 -999 -999 -999 -999 -999 -999 -999 -999
0.327079983287484 0.802531462306125 -999 -999 -999 -999 -999 -999 -999 -999
0.339158686281312 0.1923563022175 -999 -999 -999 -999 -999 -999 -999 -999
0.333761330431204 0.00511223547637585 -999 -999 -999 -999 -999 -999 -999 -999
0.340054484892768 0.770922138970062 -999 -999 -999 -999 -999 -999 -999 -999
0.314422862802165 0.224963912661695 -999 -999 -999 -999 -999 -999 -999 -999
0.345522652305067 0.00411394836824275 -999 -999 -999 -999 -999 -999 -999 -999
0.345777659920618 0.696787970605499 -999 -999 -999 -999 -999 -999 -999 -999
0.324389228463857 0.300132112087533 -999 -999 -999 -999 -999 -999 -999 -999
0.329833111615525 0.00307991730696686 -999 -999 -999 -999 -999 -999 -999 -999
0.348750101440221 0.769115416087357 -999 -999 -999 -999 -999 -999 -999 -999
0.336393966477874 0.226712323194849 -999 -999 -999 -999 -999 -999 -999 -999
0.314855932081904 0.00417226071779453 -999 -999 -999 -999 -999 -999 -999 -999
0.353270066616318 0.825335857689316 -999 -999 -999 -999 -999 -999 -999 -999
0.308321933244207 0.169017512629379 -999 -999 -999 -999 -999 -999 -999 -999
0.338408000139476 0.00564662968130495 -999 -999 -999 -999 -999 -999 -999 -999
0.327329661008334 0.785835143256209 -999 -999 -999 -999 -999 -999 -999 -999
0.338388134513177 0.209759296676681 -999 -999 -999 -999 -999 -999 -999 -999
0.334282204478488 0.00440556006711084 -999 -999 -999 -999 -999 -999 -999 -999
0.331483360504318 0.747970185527201 -999 -999 -999 -999 -999 -999 -999 -999
0.344134349583164 0.248617297479253 -999 -999 -999 -999 -999 -999 -999 -999
0.324382289912518 0.00341251699354659 -999 -999 -999 -999 -999 -999 -999 -999
0.343107400037612 0.82938702020247 -999 -999 -999 -999 -999 -999 -999 -999
0.328230096401691 0.164821633496482 -999 -999 -999 -999 -999 -999 -999 -999
0.328662503560697 0.00579134630104801 -999 -999 -999 -999 -999 -999 -999 -999
0.345797456898275 0.720718665206969 -999 -999 -999 -999 -999 -999 -999 -999
0.319261764399313 0.276138894707686 -999 -999 -999 -999 -999 -999 -999 -999
0.334940778702413 0.0031424400853448 -999 -999 -999 -999 -999 -999 -999 -999
0.334326850594806 0.686234139057978 -999 -999 -999 -999 -999 -999 -999 -999
0.332920798365647 0.310920063333768 -999 -999 -999 -999 -999 -999 -999 -999
0.332752351039547 0.00284579760825389 -999 -999 -999 -999 -999 -999 -999 -999
0.320085037972546 0.646092999017056 -999 -999 -999 -999 -999 -999 -999 -999
0.347104952260064 0.351571622835591 -999 -999 -999 -999 -999 -999 -999 -999
0.33281000976739 0.00233537814735367 -999 -999 -999 -999 -999 -999 -999 -999
0.328108766366712 0.750819366859596 -999 -999 -999 -999 -999 -999 -999 -999
0.320538910263696 0.245316324808081 -999 -999 -999 -999 -999 -999 -999 -999
0.351352323369592 0.00386430833232175 -999 -999 -999 -999 -999 -999 -999 -999
0.327541064141518 0.72511771739533 -999 -999 -999 -999 -999 -999 -999 -999
0.33230396466299 0.271803695968379 -999 -999 -999 -999 -999 -999 -999 -999
0.340154971195491 0.00307858663629017 -999 -999 -999 -999 -999 -999 -999 -999
0.361767274004469 0.703577273568583 -999 -999 -999 -999 -999 -999 -999 -999
0.314823048568426 0.29334979583989 -999 -999 -999 -999 -999 -999 -999 -999
0.323409677427105 0.00307293059152699 -999 -999 -999 -999 -999 -999 -999 -999
0.33559356277817 0.760914461320848 -999 -999 -999 -999 -999 -999 -999 -999
0.338205741678128 0.23496758361636 -999 -999 -999 -999 -999 -999 -999 -999
0.326200695543702 0.00411795506279281 -999 -999 -999 -999 -999 -999 -999 -999
0.339633278364868 0.757022105779151 -999 -999 -999 -999 -999 -999 -999 -999
0.318692014329283 0.23907236087066 -999 -999 -999 -999 -999 -999 -999 -999
0.341674707305849 0.00390553335019094 -999 -999 -999 -999 -999 -999 -999 -999
0.343415514661647 0.730350950432272 -999 -999 -999 -999 -999 -999 -999 -999
0.342513317695104 0.266711761430023 -999 -999 -999 -999 -999 -999 -999 -999
0.314071167643249 0.0029372881377035 -999 -999 -999 -999 -999 -999 -999 -999
0.342910164720267 0.760235976298565 -999 -999 -999 -999 -999 -999 -999 -999
0.33452590999554 0.236008247050578 -999 -999 -999 -999 -999 -999 -999 -999
0.322563925284193 0.00375577665085706 -999 -999 -999 -999 -999 -999 -999 -999
0.33683676163545 0.706863272423666 -999 -999 -999 -999 -999 -999 -999 -999
0.34917691145235 0.290195855204422 -999 -999 -999 -999 -999 -999 -999 -999
0.3139863269122 0.00294087237191246 -999 -999 -999 -999 -999 -999 -999 -999
0.314049529034452 0.835388816531841 -999 -999 -999 -999 -999 -999 -999 -999
0.340343125398384 0.158984046813532 -999 -999 -999 -999 -999 -999 -999 -999
0.345607345567164 0.00562713665462634 -999 -999 -999 -999 -999 -999 -999 -999
0.31551658078354 0.81351855479791 -999 -999 -999 -999 -999 -999 -999 -999
0.336142726487199 0.181305421904581 -999 -999 -999 -999 -999 -999 -999 -999
0.348340692729261 0.00517602329750823 -999 -999 -999 -999 -999 -999 -999 -999
0.337515804540274 0.729709544118856 -999 -999 -999 -999 -999 -999 -999 -999
0.329092989180662 0.266822806604345 -999 -999 -999 -999 -999 -999 -999 -999
0.333391206279063 0.00346764927679952 -999 -999 -999 -999 -999 -999 -999 -999
0.332568815653288 0.794274298946813 -999 -999 -999 -999 -999 -999 -999 -999
0.330332638757908 0.200924299345123 -999 -999 -999 -999 -999 -999 -999 -999
0.337098545588805 0.00480140170806464 -999 -999 -999 -999 -999 -999 -999 -999
0.343559914959989 0.74553380974101 -999 -999 -999 -999 -999 -999 -999 -999
0.333215400938962 0.250888177569948 -999 -999 -999 -999 -999 -999 -999 -999
0.323224684101049 0.00357801268904251 -999 -999 -999 -999 -999 -999 -999 -999
0.335273526435557 0.869942732266787 -999 -999 -999 -999 -999 -999 -999 -999
0.328694157650067 0.121858764834852 -999 -999 -999 -999 -999 -999 -999 -999
0.336032315914376 0.00819850289836078 -999 -999 -999 -999 -999 -999 -999 -999
0.348150031876448 0.728741239510054 -999 -999 -999 -999 -999 -999 -999 -999
0.325222334960832 0.267862657269878 -999 -999 -999 -999 -999 -999 -999 -999
0.32662763316272 0.00339610322006752 -999 -999 -999 -999 -999 -999 -999 -999
0.322218692270919 0.720663869229751 -999 -999 -999 -999 -999 -999 -999 -999
0.34757746065105 0.275956892221115 -999 -999 -999 -999 -999 -999 -999 -999
0.330203847078031 0.00337923854913528 -999 -999 -999 -999 -999 -999 -999 -999
0.313179313988522 0.78098259706763 -999 -999 -999 -999 -999 -999 -999 -999
0.333546018917008 0.214681414110552 -999 -999 -999 -999 -999 -999 -999 -999
0.353274667094471 0.00433598882181656 -999 -999 -999 -999 -999 -999 -999 -999
0.316973231461411 0.79101682920474 -999 -999 -999 -999 -999 -999 -999 -999
0.356362079590035 0.204416232115595 -999 -999 -999 -999 -999 -999 -999 -999
0.326664688948554 0.00456693867966513 -999 -999 -999 -999 -999 -999 -999 -999
0.331262067126988 0.700081083936367 -999 -999 -999 -999 -999 -999 -999 -999
0.330490016998796 0.296988148479031 -999 -999 -999 -999 -999 -999 -999 -999
0.338247915874216 0.00293076758460178 -999 -999 -999 -999 -999 -999 -999 -999
0.341839603413247 0.736175152687144 -999 -999 -999 -999 -999 -999 -999 -999
0.326039901730571 0.260506788014486 -999 -999 -999 -999 -999 -999 -999 -999
0.332120494856181 0.00331805929836841 -999 -999 -999 -999 -999 -999 -999 -999
0.335719153299223 0.818580693775634 -999 -999 -999 -999 -999 -999 -999 -999
0.341941674113114 0.176286118829962 -999 -999 -999 -999 -999 -999 -999 -999
0.322339172587663 0.0051331873944037 -999 -999 -999 -999 -999 -999 -999 -999
0.335972350070017 0.79179059042111 -999 -999 -999 -999 -999 -999 -999 -999
0.334120926935707 0.203583915823294 -999 -999 -999 -999 -999 -999 -999 -999
0.329906722994276 0.00462549375559557 -999 -999 -999 -999 -999 -999 -999 -999
0.341850699246819 0.754882980860191 -999 -999 -999 -999 -999 -999 -999 -999
0.336649655854751 0.241030862803678 -999 -999 -999 -999 -999 -999 -999 -999
0.32149964489843 0.00408615633613094 -999 -999 -999 -999 -999 -999 -999 -999
0.322566309684959 0.709778138792788 -999 -999 -999 -999 -999 -999 -999 -999
0.36136175477021 0.286942965441415 -999 -999 -999 -999 -999 -999 -999 -999
0.316071935544831 0.00327889576579693 -999 -999 -999 -999 -999 -999 -999 -999
0.341387655740771 0.781773959049569 -999 -999 -999 -999 -999 -999 -999 -999
0.328285720385466 0.213892575308856 -999 -999 -999 -999 -999 -999 -999 -999
0.330326623873763 0.00433346564157509 -999 -999 -999 -999 -999 -999 -999 -999
0.334109250496805 0.806582112886722 -999 -999 -999 -999 -999 -999 -999 -999
0.316728110612927 0.188820531290612 -999 -999 -999 -999 -999 -999 -999 -999
0.349162638890268 0.00459735582266547 -999 -999 -999 -999 -999 -999 -999 -999
0.352761630101545 0.775020902712248 -999 -999 -999 -999 -999 -999 -999 -999
0.313664496585587 0.220505174244542 -999 -999 -999 -999 -999 -999 -999 -999
0.333573873312868 0.00447392304320949 -999 -999 -999 -999 -999 -999 -999 -999
0.335091371749403 0.743045050607948 -999 -999 -999 -999 -999 -999 -999 -999
0.32688766780228 0.253303855696404 -999 -999 -999 -999 -999 -999 -999 -999
0.338020960448317 0.00365109369564769 -999 -999 -999 -999 -999 -999 -999 -999
0.342905073938375 0.82315825353726 -999 -999 -999 -999 -999 -999 -999 -999
0.342728384728104 0.171375429660059 -999 -999 -999 -999 -999 -999 -999 -999
0.314366541333522 0.00546631680268097 -999 -999 -999 -999 -999 -999 -999 -999
0.330859586282759 0.805924566309095 -999 -999 -999 -999 -999 -999 -999 -999
0.340571796725567 0.188791672858454 -999 -999 -999 -999 -999 -999 -999 -999
0.328568616991674 0.00528376083245129 -999 -999 -999 -999 -999 -999 -999 -999
0.314903627384361 0.795989480939814 -999 -999 -999 -999 -999 -999 -999 -999
0.346024048586231 0.19918585940468 -999 -999 -999 -999 -999 -999 -999 -999
0.339072324029408 0.00482465965550666 -999 -999 -999 -999 -999 -999 -999 -999
0.34209479125615 0.817187042094542 -999 -999 -999 -999 -999 -999 -999 -999
0.334016457523747 0.177638038420847 -999 -999 -999 -999 -999 -999 -999 -999
0.323888751220104 0.00517491948460954 -999 -999 -999 -999 -999 -999 -999 -999
0.329788527507383 0.753643872797733 -999 -999 -999 -999 -999 -999 -999 -999
0.34360328435411 0.242477379595928 -999 -999 -999 -999 -999 -999 -999 -999
0.326608188138506 0.00387874760633903 -999 -999 -999 -999 -999 -999 -999 -999
0.320696384975238 0.677433478251387 -999 -999 -999 -999 -999 -999 -999 -999
0.342753434361464 0.320033349848524 -999 -999 -999 -999 -999 -999 -999 -999
0.336550180663298 0.00253317190008953 -999 -999 -999 -999 -999 -999 -999 -999
0.31857963284339 0.72323587030353 -999 -999 -999 -999 -999 -999 -999 -999
0.334934471690435 0.273527347642171 -999 -999 -999 -999 -999 -999 -999 -999
0.346485895466175 0.00323678205429906 -999 -999 -999 -999 -999 -999 -999 -999
0.319772863128277 0.809037924140027 -999 -999 -999 -999 -999 -999 -999 -999
0.338245249402816 0.185703080693768 -999 -999 -999 -999 -999 -999 -999 -999
0.341981887468907 0.00525899516620611 -999 -999 -999 -999 -999 -999 -999 -999
0.320164485589514 0.783427258524063 -999 -999 -999 -999 -999 -999 -999 -999
0.332562254935144 0.211527694430667 -999 -999 -999 -999 -999 -999 -999 -999
0.347273259475341 0.00504504704527033 -999 -999 -999 -999 -999 -999 -999 -999
0.321596520323616 0.743923309147746 -999 -999 -999 -999 -999 -999 -999 -999
0.345835652254036 0.252509562459469 -999 -999 -999 -999 -999 -999 -999 -999
0.332567827422348 0.00356712839278458 -999 -999 -999 -999 -999 -999 -999 -999
0.329332780381792 0.760989459488785 -999 -999 -999 -999 -999 -999 -999 -999
0.321679784343257 0.23482671080878 -999 -999 -999 -999 -999 -999 -999 -999
0.348987435274951 0.00418382970243434 -999 -999 -999 -999 -999 -999 -999 -999
0.32293973835273 0.805555784595281 -999 -999 -999 -999 -999 -999 -999 -999
0.334382590536955 0.189280418665139 -999 -999 -999 -999 -999 -999 -999 -999
0.342677671110316 0.0051637967395799 -999 -999 -999 -999 -999 -999 -999 -999
0.317965525101655 0.760163311450313 -999 -999 -999 -999 -999 -999 -999 -999
0.333417593456714 0.235708200131995 -999 -999 -999 -999 -999 -999 -999 -999
0.348616881441631 0.00412848841769301 -999 -999 -999 -999 -999 -999 -999 -999
0.317583186323391 0.677156478388656 -999 -999 -999 -999 -999 -999 -999 -999
0.338747235711911 0.320371103697464 -999 -999 -999 -999 -999 -999 -999 -999
0.343669577964699 0.00247241791387959 -999 -999 -999 -999 -999 -999 -999 -999
0.348343963971278 0.796335830595202 -999 -999 -999 -999 -999 -999 -999 -999
0.321737039983533 0.198640920796751 -999 -999 -999 -999 -999 -999 -999 -999
0.329918996045189 0.0050232486080466 -999 -999 -999 -999 -999 -999 -999 -999
0.349467263495022 0.761309426055953 -999 -999 -999 -999 -999 -999 -999 -999
0.316023722227132 0.234684870991217 -999 -999 -999 -999 -999 -999 -999 -999
0.334509014277846 0.00400570295282913 -999 -999 -999 -999 -999 -999 -999 -999
0.341143433958333 0.750581078931437 -999 -999 -999 -999 -999 -999 -999 -999
0.338643951481646 0.245547660385648 -999 -999 -999 -999 -999 -999 -999 -999
0.320212614560021 0.0038712606829152 -999 -999 -999 -999 -999 -999 -999 -999
0.331777348098735 0.747084313676364 -999 -999 -999 -999 -999 -999 -999 -999
0.352446586608809 0.249004783061092 -999 -999 -999 -999 -999 -999 -999 -999
0.315776065292456 0.00391090326254364 -999 -999 -999 -999 -999 -999 -999 -999
0.326568702708612 0.800190001035461 -999 -999 -999 -999 -999 -999 -999 -999
0.336232729547038 0.194613834263016 -999 -999 -999 -999 -999 -999 -999 -999
0.337198567744351 0.00519616470152231 -999 -999 -999 -999 -999 -999 -999 -999
0.338374161748165 0.683449439605494 -999 -999 -999 -999 -999 -999 -999 -999
0.329890825273616 0.313975753330204 -999 -999 -999 -999 -999 -999 -999 -999
0.33173501297822 0.0025748070643011 -999 -999 -999 -999 -999 -999 -999 -999
0.329389016853566 0.728221593037516 -999 -999 -999 -999 -999 -999 -999 -999
0.323583426463203 0.268630648223249 -999 -999 -999 -999 -999 -999 -999 -999
0.347027556683232 0.00314775873923526 -999 -999 -999 -999 -999 -999 -999 -999
0.333071788332754 0.676514343066766 -999 -999 -999 -999 -999 -999 -999 -999
0.34121562567245 0.320920101944342 -999 -999 -999 -999 -999 -999 -999 -999
0.325712585994796 0.00256555498889174 -999 -999 -999 -999 -999 -999 -999 -999
0.339824863942468 0.871105387908733 -999 -999 -999 -999 -999 -999 -999 -999
0.325939152386032 0.121056868232118 -999 -999 -999 -999 -999 -999 -999 -999
0.3342359836715 0.00783774385914977 -999 -999 -999 -999 -999 -999 -999 -999
0.360260199843613 0.692326543178657 -999 -999 -999 -999 -999 -999 -999 -999
0.304236092701956 0.304776398264646 -999 -999 -999 -999 -999 -999 -999 -999
0.335503707454431 0.00289705855669777 -999 -999 -999 -999 -999 -999 -999 -999
0.352187858733633 0.759149466401714 -999 -999 -999 -999 -999 -999 -999 -999
0.313747313474447 0.236547747087442 -999 -999 -999 -999 -999 -999 -999 -999
0.33406482779192 0.00430278651084406 -999 -999 -999 -999 -999 -999 -999 -999
0.329014257705496 0.613173493714703 -999 -999 -999 -999 -999 -999 -999 -999
0.353354309319976 0.384897389656346 -999 -999 -999 -999 -999 -999 -999 -999
0.317631432974528 0.00192911662895045 -999 -999 -999 -999 -999 -999 -999 -999
0.316871327636715 0.70004737069958 -999 -999 -999 -999 -999 -999 -999 -999
0.325611829293006 0.297109778231503 -999 -999 -999 -999 -999 -999 -999 -999
0.357516843070279 0.00284285106891652 -999 -999 -999 -999 -999 -999 -999 -999
0.320414343609562 0.787759789694845 -999 -999 -999 -999 -999 -999 -999 -999
0.327016631087902 0.20730959776494 -999 -999 -999 -999 -999 -999 -999 -999
0.352569025302536 0.00493061254021537 -999 -999 -999 -999 -999 -999 -999 -999
0.342583785579388 0.760588407322645 -999 -999 -999 -999 -999 -999 -999 -999
0.325008267469296 0.234875274732047 -999 -999 -999 -999 -999 -999 -999 -999
0.332407946951316 0.00453631794530769 -999 -999 -999 -999 -999 -999 -999 -999
0.327751719671409 0.797428883266144 -999 -999 -999 -999 -999 -999 -999 -999
0.349442748821416 0.197832937884118 -999 -999 -999 -999 -999 -999 -999 -999
0.322805531507175 0.00473817884973768 -999 -999 -999 -999 -999 -999 -999 -999
0.336126007485423 0.793022129868935 -999 -999 -999 -999 -999 -999 -999 -999
0.338585093518677 0.202222363800025 -999 -999 -999 -999 -999 -999 -999 -999
0.325288898995899 0.00475550633104083 -999 -999 -999 -999 -999 -999 -999 -999
0.336188513724985 0.749701219982971 -999 -999 -999 -999 -999 -999 -999 -999
0.328224019890575 0.246601604934111 -999 -999 -999 -999 -999 -999 -999 -999
0.33558746638444 0.0036971750829177 -999 -999 -999 -999 -999 -999 -999 -999
0.348072696453454 0.716829150160504 -999 -999 -999 -999 -999 -999 -999 -999
0.326950952618643 0.279817283325264 -999 -999 -999 -999 -999 -999 -999 -999
0.324976350927903 0.00335356651423171 -999 -999 -999 -999 -999 -999 -999 -999
0.327599556334337 0.80320755251744 -999 -999 -999 -999 -999 -999 -999 -999
0.337158086913382 0.191762369518115 -999 -999 -999 -999 -999 -999 -999 -999
0.335242356752281 0.00503007796444454 -999 -999 -999 -999 -999 -999 -999 -999
0.326314747773456 0.764376873255307 -999 -999 -999 -999 -999 -999 -999 -999
0.340790202188629 0.231488877021481 -999 -999 -999 -999 -999 -999 -999 -999
0.332895050037916 0.00413424972321244 -999 -999 -999 -999 -999 -999 -999 -999
0.327162630646619 0.778891003815826 -999 -999 -999 -999 -999 -999 -999 -999
0.33948313471831 0.217174024615402 -999 -999 -999 -999 -999 -999 -999 -999
0.333354234635071 0.0039349715687722 -999 -999 -999 -999 -999 -999 -999 -999
0.339083151431939 0.765492408893679 -999 -999 -999 -999 -999 -999 -999 -999
0.334982011795947 0.23025970926586 -999 -999 -999 -999 -999 -999 -999 -999
0.325934836772114 0.00424788184046128 -999 -999 -999 -999 -999 -999 -999 -999
0.344239986928307 0.826664696474778 -999 -999 -999 -999 -999 -999 -999 -999
0.310155923899598 0.167271907768817 -999 -999 -999 -999 -999 -999 -999 -999
0.345604089172095 0.00606339575640409 -999 -999 -999 -999 -999 -999 -999 -999
0.348685685454888 0.786913799580466 -999 -999 -999 -999 -999 -999 -999 -999
0.322179381440762 0.208726318159115 -999 -999 -999 -999 -999 -999 -999 -999
0.32913493310435 0.00435988226041893 -999 -999 -999 -999 -999 -999 -999 -999
0.334489376117646 0.679243571021074 -999 -999 -999 -999 -999 -999 -999 -999
0.332983042828417 0.318172516535112 -999 -999 -999 -999 -999 -999 -999 -999
0.332527581053937 0.00258391244381417 -999 -999 -999 -999 -999 -999 -999 -999
0.340181765244779 0.747628893528951 -999 -999 -999 -999 -999 -999 -999 -999
0.319574948019098 0.248706850191856 -999 -999 -999 -999 -999 -999 -999 -999
0.340243286736123 0.00366425627919185 -999 -999 -999 -999 -999 -999 -999 -999
0.333277398016176 0.735781187118719 -999 -999 -999 -999 -999 -999 -999 -999
0.328322546910009 0.260953931916898 -999 -999 -999 -999 -999 -999 -999 -999
0.338400055073815 0.00326488096438376 -999 -999 -999 -999 -999 -999 -999 -999
0.333543846559551 0.751506631487785 -999 -999 -999 -999 -999 -999 -999 -999
0.331220929916268 0.244777330539973 -999 -999 -999 -999 -999 -999 -999 -999
0.335235223524182 0.00371603797224172 -999 -999 -999 -999 -999 -999 -999 -999
0.346592545358134 0.771799957907775 -999 -999 -999 -999 -999 -999 -999 -999
0.340715289616564 0.224262869772518 -999 -999 -999 -999 -999 -999 -999 -999
0.312692165025302 0.00393717231970719 -999 -999 -999 -999 -999 -999 -999 -999
0.340377667073022 0.676814730113345 -999 -999 -999 -999 -999 -999 -999 -999
0.329440929919953 0.320819922880383 -999 -999 -999 -999 -999 -999 -999 -999
0.330181403007025 0.0023653470062717 -999 -999 -999 -999 -999 -999 -999 -999
0.321097511007393 0.760998589807919 -999 -999 -999 -999 -999 -999 -999 -999
0.337630748093906 0.235270618447096 -999 -999 -999 -999 -999 -999 -999 -999
0.341271740898701 0.00373079174498548 -999 -999 -999 -999 -999 -999 -999 -999
0.342398077548097 0.735847363233433 -999 -999 -999 -999 -999 -999 -999 -999
0.345674417638149 0.260914380104985 -999 -999 -999 -999 -999 -999 -999 -999
0.311927504813753 0.00323825666158222 -999 -999 -999 -999 -999 -999 -999 -999
0.333602526610702 0.8072941478021 -999 -999 -999 -999 -999 -999 -999 -999
0.344632013295734 0.187659752585177 -999 -999 -999 -999 -999 -999 -999 -999
0.321765460093564 0.00504609961272346 -999 -999 -999 -999 -999 -999 -999 -999
0.315273807522693 0.780633130075201 -999 -999 -999 -999 -999 -999 -999 -999
0.328229286042578 0.215554039731745 -999 -999 -999 -999 -999 -999 -999 -999
0.35649690643473 0.00381283019305477 -999 -999 -999 -999 -999 -999 -999 -999
0.323872380671182 0.829226339905731 -999 -999 -999 -999 -999 -999 -999 -999
0.335897991260674 0.164356260474153 -999 -999 -999 -999 -999 -999 -999 -999
0.340229628068144 0.00641739962011557 -999 -999 -999 -999 -999 -999 -999 -999
0.314618797802899 0.806949647638456 -999 -999 -999 -999 -999 -999 -999 -999
0.350481741358075 0.187924812399302 -999 -999 -999 -999 -999 -999 -999 -999
0.334899460839026 0.00512553996224076 -999 -999 -999 -999 -999 -999 -999 -999
0.345240255676749 0.739166238147769 -999 -999 -999 -999 -999 -999 -999 -999
0.334590838654234 0.257702425624573 -999 -999 -999 -999 -999 -999 -999 -999
0.320168905669017 0.00313133622765827 -999 -999 -999 -999 -999 -999 -999 -999
0.334413459648129 0.764147573522484 -999 -999 -999 -999 -999 -999 -999 -999
0.340733990348336 0.231833357918545 -999 -999 -999 -999 -999 -999 -999 -999
0.324852550003535 0.00401906855897102 -999 -999 -999 -999 -999 -999 -999 -999
0.322418934096875 0.712772893846277 -999 -999 -999 -999 -999 -999 -999 -999
0.345354541212148 0.284162386561045 -999 -999 -999 -999 -999 -999 -999 -999
0.332226524690976 0.00306471959267804 -999 -999 -999 -999 -999 -999 -999 -999
0.343582655696983 0.724731935899583 -999 -999 -999 -999 -999 -999 -999 -999
0.324111976800052 0.272128564115677 -999 -999 -999 -999 -999 -999 -999 -999
0.332305367502964 0.00313949998474029 -999 -999 -999 -999 -999 -999 -999 -999
0.328303888335313 0.780186352071807 -999 -999 -999 -999 -999 -999 -999 -999
0.336210012176704 0.214966526117121 -999 -999 -999 -999 -999 -999 -999 -999
0.335486099487983 0.00484712181107161 -999 -999 -999 -999 -999 -999 -999 -999
0.332287296070324 0.70585276429282 -999 -999 -999 -999 -999 -999 -999 -999
0.340890024566368 0.29123532446039 -999 -999 -999 -999 -999 -999 -999 -999
0.326822679363308 0.00291191124678958 -999 -999 -999 -999 -999 -999 -999 -999
0.334896164393299 0.701355568953262 -999 -999 -999 -999 -999 -999 -999 -999
0.307002382346162 0.295357527580845 -999 -999 -999 -999 -999 -999 -999 -999
0.358101453260539 0.00328690346589423 -999 -999 -999 -999 -999 -999 -999 -999
0.316440115280904 0.658921781692191 -999 -999 -999 -999 -999 -999 -999 -999
0.333398107455555 0.338709513852175 -999 -999 -999 -999 -999 -999 -999 -999
0.350161777263541 0.00236870445563324 -999 -999 -999 -999 -999 -999 -999 -999
0.322550687020709 0.826683059879315 -999 -999 -999 -999 -999 -999 -999 -999
0.334628680926938 0.167019126913495 -999 -999 -999 -999 -999 -999 -999 -999
0.342820632052353 0.00629781320718953 -999 -999 -999 -999 -999 -999 -999 -999
0.331776245330913 0.830083515009894 -999 -999 -999 -999 -999 -999 -999 -999
0.348390373804752 0.163337026295204 -999 -999 -999 -999 -999 -999 -999 -999
0.319833380864335 0.0065794586949024 -999 -999 -999 -999 -999 -999 -999 -999
0.32783408826893 0.720235118582404 -999 -999 -999 -999 -999 -999 -999 -999
0.344414820066184 0.276460801564231 -999 -999 -999 -999 -999 -999 -999 -999
0.327751091664886 0.00330407985336495 -999 -999 -999 -999 -999 -999 -999 -999
0.314392743250924 0.770557881174667 -999 -999 -999 -999 -999 -999 -999 -999
0.343121854564677 0.225479411916101 -999 -999 -999 -999 -999 -999 -999 -999
0.342485402184398 0.00396270690923239 -999 -999 -999 -999 -999 -999 -999 -999
0.326702556499907 0.73295480991373 -999 -999 -999 -999 -999 -999 -999 -999
0.337142992901399 0.263564078224714 -999 -999 -999 -999 -999 -999 -999 -999
0.336154450598694 0.0034811118615559 -999 -999 -999 -999 -999 -999 -999 -999
0.348682437891997 0.68758758782113 -999 -999 -999 -999 -999 -999 -999 -999
0.340519436945656 0.309752096907369 -999 -999 -999 -999 -999 -999 -999 -999
0.310798125162348 0.00266031527150127 -999 -999 -999 -999 -999 -999 -999 -999
0.334125125537066 0.772970838882098 -999 -999 -999 -999 -999 -999 -999 -999
0.340089437810353 0.222910208152649 -999 -999 -999 -999 -999 -999 -999 -999
0.32578543665258 0.00411895296525259 -999 -999 -999 -999 -999 -999 -999 -999
0.338893737451182 0.738429889485774 -999 -999 -999 -999 -999 -999 -999 -999
0.329857559983313 0.258544198219815 -999 -999 -999 -999 -999 -999 -999 -999
0.331248702565505 0.00302591229441153 -999 -999 -999 -999 -999 -999 -999 -999
0.325427536318724 0.781088829910246 -999 -999 -999 -999 -999 -999 -999 -999
0.31830963908089 0.214438619602955 -999 -999 -999 -999 -999 -999 -999 -999
0.356262824600387 0.00447255048679953 -999 -999 -999 -999 -999 -999 -999 -999
0.324135291374224 0.739184924566346 -999 -999 -999 -999 -999 -999 -999 -999
0.322653862769302 0.257386005308842 -999 -999 -999 -999 -999 -999 -999 -999
0.353210845856474 0.00342907012481172 -999 -999 -999 -999 -999 -999 -999 -999
0.329048676074845 0.81686559093175 -999 -999 -999 -999 -999 -999 -999 -999
0.333801427985651 0.177583769288528 -999 -999 -999 -999 -999 -999 -999 -999
0.337149895939504 0.00555063977972135 -999 -999 -999 -999 -999 -999 -999 -999
0.326904620494529 0.787989469565919 -999 -999 -999 -999 -999 -999 -999 -999
0.338630039844321 0.207443308628794 -999 -999 -999 -999 -999 -999 -999 -999
0.334465339661151 0.00456722180528768 -999 -999 -999 -999 -999 -999 -999 -999
0.309141102384226 0.759560475079638 -999 -999 -999 -999 -999 -999 -999 -999
0.337733123161549 0.236011317624229 -999 -999 -999 -999 -999 -999 -999 -999
0.353125774454226 0.00442820729613413 -999 -999 -999 -999 -999 -999 -999 -999
0.314397900861677 0.731033947919031 -999 -999 -999 -999 -999 -999 -999 -999
0.325578457581889 0.265861833404726 -999 -999 -999 -999 -999 -999 -999 -999
0.360023641556433 0.00310421867624313 -999 -999 -999 -999 -999 -999 -999 -999
0.340474223913051 0.680476751047269 -999 -999 -999 -999 -999 -999 -999 -999
0.320659896329094 0.316860485302619 -999 -999 -999 -999 -999 -999 -999 -999
0.338865879757855 0.0026627636501125 -999 -999 -999 -999 -999 -999 -999 -999
0.316424282556217 0.817227851517254 -999 -999 -999 -999 -999 -999 -999 -999
0.351657064314827 0.17706985170023 -999 -999 -999 -999 -999 -999 -999 -999
0.331918653128956 0.00570229678251571 -999 -999 -999 -999 -999 -999 -999 -999
0.337852003895131 0.685520453346578 -999 -999 -999 -999 -999 -999 -999 -999
0.333653892865033 0.311855781936298 -999 -999 -999 -999 -999 -999 -999 -999
0.328494103239836 0.00262376471712488 -999 -999 -999 -999 -999 -999 -999 -999
0.323702171815004 0.640892959076278 -999 -999 -999 -999 -999 -999 -999 -999
0.326936609360814 0.356821195123749 -999 -999 -999 -999 -999 -999 -999 -999
0.349361218824181 0.00228584579997356 -999 -999 -999 -999 -999 -999 -999 -999
0.346472826192346 0.755224092873457 -999 -999 -999 -999 -999 -999 -999 -999
0.327029359398951 0.240936552299146 -999 -999 -999 -999 -999 -999 -999 -999
0.326497814408704 0.00383935482739762 -999 -999 -999 -999 -999 -999 -999 -999
0.350318011228037 0.723453284189961 -999 -999 -999 -999 -999 -999 -999 -999
0.33394521510959 0.272997703232923 -999 -999 -999 -999 -999 -999 -999 -999
0.315736773662372 0.00354901257711603 -999 -999 -999 -999 -999 -999 -999 -999
0.328816586255733 0.767936833859434 -999 -999 -999 -999 -999 -999 -999 -999
0.330231935121349 0.227492056063004 -999 -999 -999 -999 -999 -999 -999 -999
0.340951478622918 0.00457111007756158 -999 -999 -999 -999 -999 -999 -999 -999
0.33876757077609 0.647747802537448 -999 -999 -999 -999 -999 -999 -999 -999
0.334535727850208 0.350004996304236 -999 -999 -999 -999 -999 -999 -999 -999
0.326696701373703 0.00224720115831611 -999 -999 -999 -999 -999 -999 -999 -999
0.315042303578141 0.659681729624584 -999 -999 -999 -999 -999 -999 -999 -999
0.338745651096267 0.33778913930639 -999 -999 -999 -999 -999 -999 -999 -999
0.346212045325592 0.00252913106902607 -999 -999 -999 -999 -999 -999 -999 -999
0.318088982579342 0.62078791066951 -999 -999 -999 -999 -999 -999 -999 -999
0.324755827429972 0.377309670466775 -999 -999 -999 -999 -999 -999 -999 -999
0.357155189990686 0.00190241886371516 -999 -999 -999 -999 -999 -999 -999 -999
0.338117883602773 0.794002876775601 -999 -999 -999 -999 -999 -999 -999 -999
0.323771901757992 0.201174232025438 -999 -999 -999 -999 -999 -999 -999 -999
0.338110214639235 0.00482289119895983 -999 -999 -999 -999 -999 -999 -999 -999
0.339547511326389 0.716743928754483 -999 -999 -999 -999 -999 -999 -999 -999
0.326375584733745 0.279999968834696 -999 -999 -999 -999 -999 -999 -999 -999
0.334076903939866 0.00325610241082229 -999 -999 -999 -999 -999 -999 -999 -999
0.335353380203886 0.719321418313983 -999 -999 -999 -999 -999 -999 -999 -999
0.328977211692103 0.277585193841713 -999 -999 -999 -999 -999 -999 -999 -999
0.335669408104011 0.00309338784430346 -999 -999 -999 -999 -999 -999 -999 -999
0.352896954307626 0.724942249801901 -999 -999 -999 -999 -999 -999 -999 -999
0.336835868045901 0.271683303329311 -999 -999 -999 -999 -999 -999 -999 -999
0.310267177646474 0.0033744468687889 -999 -999 -999 -999 -999 -999 -999 -999
0.339350834673874 0.701846029911151 -999 -999 -999 -999 -999 -999 -999 -999
0.337021677948311 0.295387650190155 -999 -999 -999 -999 -999 -999 -999 -999
0.323627487377815 0.00276631989869477 -999 -999 -999 -999 -999 -999 -999 -999
0.321684470004945 0.67149494492556 -999 -999 -999 -999 -999 -999 -999 -999
0.331521787798269 0.325912084776402 -999 -999 -999 -999 -999 -999 -999 -999
0.346793742196786 0.00259297029803837 -999 -999 -999 -999 -999 -999 -999 -999
0.338772895314446 0.714541340741383 -999 -999 -999 -999 -999 -999 -999 -999
0.343592988074549 0.282397885018275 -999 -999 -999 -999 -999 -999 -999 -999
0.317634116611005 0.0030607742403418 -999 -999 -999 -999 -999 -999 -999 -999
0.330887531910303 0.787380365504145 -999 -999 -999 -999 -999 -999 -999 -999
0.350296737194866 0.207656480611964 -999 -999 -999 -999 -999 -999 -999 -999
0.318815730894832 0.0049631538838909 -999 -999 -999 -999 -999 -999 -999 -999
0.329871579027858 0.712483316664526 -999 -999 -999 -999 -999 -999 -999 -999
0.328002457054713 0.28425705488961 -999 -999 -999 -999 -999 -999 -999 -999
0.342125963917429 0.00325962844586352 -999 -999 -999 -999 -999 -999 -999 -999
0.336538064080063 0.757623882721672 -999 -999 -999 -999 -999 -999 -999 -999
0.352801067460769 0.238676984307501 -999 -999 -999 -999 -999 -999 -999 -999
0.310660868459168 0.00369913297082683 -999 -999 -999 -999 -999 -999 -999 -999
0.328982596842195 0.733821695856532 -999 -999 -999 -999 -999 -999 -999 -999
0.329900839251721 0.262634733444656 -999 -999 -999 -999 -999 -999 -999 -999
0.341116563906085 0.00354357069881174 -999 -999 -999 -999 -999 -999 -999 -999
0.31364616686899 0.775335466335591 -999 -999 -999 -999 -999 -999 -999 -999
0.337289486176873 0.22051226262618 -999 -999 -999 -999 -999 -999 -999 -999
0.349064346954137 0.00415227103822846 -999 -999 -999 -999 -999 -999 -999 -999
0.341335519220357 0.633442816348902 -999 -999 -999 -999 -999 -999 -999 -999
0.310645765778944 0.36432999015462 -999 -999 -999 -999 -999 -999 -999 -999
0.348018715000699 0.00222719349647786 -999 -999 -999 -999 -999 -999 -999 -999
0.336523039025784 0.78024137988398 -999 -999 -999 -999 -999 -999 -999 -999
0.333817900703808 0.215650157877385 -999 -999 -999 -999 -999 -999 -999 -999
0.329659060270409 0.00410846223863505 -999 -999 -999 -999 -999 -999 -999 -999
0.326527311470999 0.806438761086593 -999 -999 -999 -999 -999 -999 -999 -999
0.336544905939294 0.18882413225135 -999 -999 -999 -999 -999 -999 -999 -999
0.336927782589707 0.00473710666205644 -999 -999 -999 -999 -999 -999 -999 -999
0.343358360946866 0.70550574163654 -999 -999 -999 -999 -999 -999 -999 -999
0.325521563632133 0.291245106039164 -999 -999 -999 -999 -999 -999 -999 -999
0.331120075421 0.00324915232429581 -999 -999 -999 -999 -999 -999 -999 -999
0.328476484573263 0.656370190700506 -999 -999 -999 -999 -999 -999 -999 -999
0.349265435105686 0.341345593912675 -999 -999 -999 -999 -999 -999 -999 -999
0.322258080321051 0.00228421538682027 -999 -999 -999 -999 -999 -999 -999 -999
-999 -999 -999 -999 -999 -999 -999 -999 -999 -999
-999 -999 -999 -999 -999 -999 -999 -999 -999 -999
-999 -999 -999 -999 -999 -999 -999 -999 -999 -999
-999 -999 -999 -999 -999 -999 -999 -999 -999 -999
-999 -999 -999 -999 -999 -999 -999 -999 -999 -999
-999 -999 -999 -999 -999 -999 -999 -999 -999 -999
