0.321995124121434 0.72199516203403 -999 -999 -999 -999 -999 -999 -999 -999
0.341295166704927 0.274694053118839 -999 -999 -999 -999 -999 -999 -999 -999
0.33670970917364 0.00331078484713188 -999 -999 -999 -999 -999 -999 -999 -999
0.34234108277973 0.751571850347406 -999 -999 -999 -999 -999 -999 -999 -999
0.332400203890028 0.244622055323868 -999 -999 -999 -999 -999 -999 -999 -999
0.325258713330241 0.00380609432872576 -999 -999 -999 -999 -999 -999 -999 -999
0.339386978226573 0.662795207475657 -999 -999 -999 -999 -999 -999 -999 -999
0.338615707697251 0.334906803016393 -999 -999 -999 -999 -999 -999 -999 -999
0.321997314076176 0.00229798950794954 -999 -999 -999 -999 -999 -999 -999 -999
0.347499923535318 0.823398744659818 -999 -999 -999 -999 -999 -999 -999 -999
0.323352902453029 0.171206512006169 -999 -999 -999 -999 -999 -999 -999 -999
0.329147174011653 0.0053947433340136 -999 -999 -999 -999 -999 -999 -999 -999
0.355245675844483 0.603127893226093 -999 -999 -999 -999 -999 -999 -999 -999
0.326037976059485 0.39497899609892 -999 -999 -999 -999 -999 -999 -999 -999
0.318716348096032 0.00189311067498622 -999 -999 -999 -999 -999 -999 -999 -999
0.340797177954619 0.682211241055311 -999 -999 -999 -999 -999 -999 -999 -999
0.334532399740484 0.315046617118886 -999 -999 -999 -999 -999 -999 -999 -999
0.324670422304897 0.00274214182580235 -999 -999 -999 -999 -999 -999 -999 -999
0.335583949725008 0.88995133172198 -999 -999 -999 -999 -999 -999 -999 -999
0.33111198300305 0.100935339139944 -999 -999 -999 -999 -999 -999 -999 -999
0.333304067271942 0.00911332913807632 -999 -999 -999 -999 -999 -999 -999 -999
0.356054314871669 0.653298970567446 -999 -999 -999 -999 -999 -999 -999 -999
0.316447676413381 0.344303556437049 -999 -999 -999 -999 -999 -999 -999 -999
0.32749800871495 0.00239747299550564 -999 -999 -999 -999 -999 -999 -999 -999
0.328783041712991 0.846482172084022 -999 -999 -999 -999 -999 -999 -999 -999
0.341189403221257 0.146083030936991 -999 -999 -999 -999 -999 -999 -999 -999
0.330027555065752 0.00743479697898644 -999 -999 -999 -999 -999 -999 -999 -999
0.316584474292617 0.63866612342937 -999 -999 -999 -999 -999 -999 -999 -999
0.351651087133676 0.359408495333173 -999 -999 -999 -999 -999 -999 -999 -999
0.331764438573707 0.00192538123745741 -999 -999 -999 -999 -999 -999 -999 -999
0.337940376581073 0.769579818323164 -999 -999 -999 -999 -999 -999 -999 -999
0.325745867521579 0.226563322145265 -999 -999 -999 -999 -999 -999 -999 -999
0.336313755897347 0.00385685953157085 -999 -999 -999 -999 -999 -999 -999 -999
0.32345533771272 0.778280353685916 -999 -999 -999 -999 -999 -999 -999 -999
0.349397728431173 0.217455455580509 -999 -999 -999 -999 -999 -999 -999 -999
0.327146933856108 0.00426419073357391 -999 -999 -999 -999 -999 -999 -999 -999
0.331416198926233 0.705693662144096 -999 -999 -999 -999 -999 -999 -999 -999
0.336079260951215 0.291651123980133 -999 -999 -999 -999 -999 -999 -999 -999
0.332504540122552 0.00265521387577139 -999 -999 -999 -999 -999 -999 -999 -999
0.326962120511136 0.84866305625654 -999 -999 -999 -999 -999 -999 -999 -999
0.319373395844497 0.144740544117545 -999 -999 -999 -999 -999 -999 -999 -999
0.353664483644367 0.00659639962591488 -999 -999 -999 -999 -999 -999 -999 -999
0.346714212722652 0.732663149655748 -999 -999 -999 -999 -999 -999 -999 -999
0.310428014195307 0.263998809868928 -999 -999 -999 -999 -999 -999 -999 -999
0.342857773082041 0.00333804047532437 -999 -999 -999 -999 -999 -999 -999 -999
0.344072020225995 0.834786095582334 -999 -999 -999 -999 -999 -999 -999 -999
0.313131900004247 0.158757342069923 -999 -999 -999 -999 -999 -999 -999 -999
0.342796079769757 0.00645656234774395 -999 -999 -999 -999 -999 -999 -999 -999
0.348781220895508 0.696534404011543 -999 -999 -999 -999 -999 -999 -999 -999
0.336051974826027 0.300558017468721 -999 -999 -999 -999 -999 -999 -999 -999
0.315166804278465 0.00290757851973531 -999 -999 -999 -999 -999 -999 -999 -999
0.320096877935975 0.647690717924515 -999 -999 -999 -999 -999 -999 -999 -999
0.340253363885088 0.349936654768578 -999 -999 -999 -999 -999 -999 -999 -999
0.339649758178938 0.00237262730690733 -999 -999 -999 -999 -999 -999 -999 -999
0.331828126977896 0.783493547306694 -999 -999 -999 -999 -999 -999 -999 -999
0.349178049706078 0.212407109363059 -999 -999 -999 -999 -999 -999 -999 -999
0.318993823316027 0.00409934333024733 -999 -999 -999 -999 -999 -999 -999 -999
0.306781542372578 0.866240881218351 -999 -999 -999 -999 -999 -999 -999 -999
0.369203905175245 0.126191726834483 -999 -999 -999 -999 -999 -999 -999 -999
0.324014552452177 0.00756739194716561 -999 -999 -999 -999 -999 -999 -999 -999
0.357061956555271 0.73223737081322 -999 -999 -999 -999 -999 -999 -999 -999
0.32052260760862 0.264410008706015 -999 -999 -999 -999 -999 -999 -999 -999
0.322415435836109 0.00335262048076498 -999 -999 -999 -999 -999 -999 -999 -999
0.318035557947258 0.763433174143848 -999 -999 -999 -999 -999 -999 -999 -999
0.330900606170107 0.232821193703932 -999 -999 -999 -999 -999 -999 -999 -999
0.351063835882635 0.00374563215221984 -999 -999 -999 -999 -999 -999 -999 -999
0.319845169185377 0.670718717090068 -999 -999 -999 -999 -999 -999 -999 -999
0.326173417918425 0.32659880597003 -999 -999 -999 -999 -999 -999 -999 -999
0.353981412896198 0.00268247693990176 -999 -999 -999 -999 -999 -999 -999 -999
0.323973250318944 0.782445025676184 -999 -999 -999 -999 -999 -999 -999 -999
0.328569919086169 0.213187424374799 -999 -999 -999 -999 -999 -999 -999 -999
0.347456830594886 0.00436754994901704 -999 -999 -999 -999 -999 -999 -999 -999
0.340021971270375 0.676852973589196 -999 -999 -999 -999 -999 -999 -999 -999
0.328449452374435 0.320547348354434 -999 -999 -999 -999 -999 -999 -999 -999
0.33152857635519 0.00259967805636991 -999 -999 -999 -999 -999 -999 -999 -999
0.336017157784993 0.677013060064974 -999 -999 -999 -999 -999 -999 -999 -999
0.337514945334105 0.320610267479961 -999 -999 -999 -999 -999 -999 -999 -999
0.326467896880902 0.00237667245506503 -999 -999 -999 -999 -999 -999 -999 -999
0.337734574411362 0.672992711816359 -999 -999 -999 -999 -999 -999 -999 -999
0.323003645758856 0.324190349126271 -999 -999 -999 -999 -999 -999 -999 -999
0.339261779829783 0.00281693905737052 -999 -999 -999 -999 -999 -999 -999 -999
0.330327470000449 0.662020353833341 -999 -999 -999 -999 -999 -999 -999 -999
0.336661261883151 0.335533554663422 -999 -999 -999 -999 -999 -999 -999 -999
0.3330112681164 0.00244609150323684 -999 -999 -999 -999 -999 -999 -999 -999
0.343285430476097 0.704815089828791 -999 -999 -999 -999 -999 -999 -999 -999
0.316675335073567 0.292454277959857 -999 -999 -999 -999 -999 -999 -999 -999
0.340039234450336 0.00273063221135248 -999 -999 -999 -999 -999 -999 -999 -999
0.318498414791054 0.770211932447433 -999 -999 -999 -999 -999 -999 -999 -999
0.342100547193201 0.225636637740639 -999 -999 -999 -999 -999 -999 -999 -999
0.339401038015744 0.00415142981192832 -999 -999 -999 -999 -999 -999 -999 -999
0.327658704950477 0.768751208558173 -999 -999 -999 -999 -999 -999 -999 -999
0.34235901674504 0.227010746812723 -999 -999 -999 -999 -999 -999 -999 -999
0.329982278304484 0.00423804462910452 -999 -999 -999 -999 -999 -999 -999 -999
0.319601080221004 0.703886537405478 -999 -999 -999 -999 -999 -999 -999 -999
0.354119345383875 0.293234682567143 -999 -999 -999 -999 -999 -999 -999 -999
0.32627957439512 0.00287878002737972 -999 -999 -999 -999 -999 -999 -999 -999
0.32949658101671 0.789502214568812 -999 -999 -999 -999 -999 -999 -999 -999
0.34611157239795 0.205936362683223 -999 -999 -999 -999 -999 -999 -999 -999
0.32439184658534 0.00456142274796489 -999 -999 -999 -999 -999 -999 -999 -999
0.337738002868398 0.786263372782967 -999 -999 -999 -999 -999 -999 -999 -999
0.333829818897123 0.208682919215301 -999 -999 -999 -999 -999 -999 -999 -999
0.32843217823448 0.00505370800173227 -999 -999 -999 -999 -999 -999 -999 -999
0.330313146824717 0.709937694861572 -999 -999 -999 -999 -999 -999 -999 -999
0.366336514292805 0.286974022233107 -999 -999 -999 -999 -999 -999 -999 -999
0.303350338882479 0.00308828290532035 -999 -999 -999 -999 -999 -999 -999 -999
0.325143669139934 0.72889841568495 -999 -999 -999 -999 -999 -999 -999 -999
0.340117527150068 0.267548612688124 -999 -999 -999 -999 -999 -999 -999 -999
0.334738803709997 0.00355297162692578 -999 -999 -999 -999 -999 -999 -999 -999
0.317762148948416 0.794182879376058 -999 -999 -999 -999 -999 -999 -999 -999
0.342785432767177 0.201433149026353 -999 -999 -999 -999 -999 -999 -999 -999
0.339452418284406 0.00438397159758922 -999 -999 -999 -999 -999 -999 -999 -999
0.335132226156975 0.746881261780953 -999 -999 -999 -999 -999 -999 -999 -999
0.323287795999097 0.248963134061979 -999 -999 -999 -999 -999 -999 -999 -999
0.341579977843928 0.00415560415706872 -999 -999 -999 -999 -999 -999 -999 -999
0.332433245767661 0.811498785785705 -999 -999 -999 -999 -999 -999 -999 -999
0.340747422797908 0.183285032431344 -999 -999 -999 -999 -999 -999 -999 -999
0.32681933143443 0.00521618178295072 -999 -999 -999 -999 -999 -999 -999 -999
0.354061232076697 0.770002003672942 -999 -999 -999 -999 -999 -999 -999 -999
0.312921839743258 0.225973563225275 -999 -999 -999 -999 -999 -999 -999 -999
0.333016928180045 0.0040244331017824 -999 -999 -999 -999 -999 -999 -999 -999
0.331736751299847 0.84442779767721 -999 -999 -999 -999 -999 -999 -999 -999
0.327786378640514 0.149285307890648 -999 -999 -999 -999 -999 -999 -999 -999
0.340476870059638 0.00628689443214202 -999 -999 -999 -999 -999 -999 -999 -999
0.313420057851275 0.685115886044068 -999 -999 -999 -999 -999 -999 -999 -999
0.348684520648598 0.312359067669896 -999 -999 -999 -999 -999 -999 -999 -999
0.337895421500126 0.00252504628603538 -999 -999 -999 -999 -999 -999 -999 -999
0.337607770275679 0.791638648190892 -999 -999 -999 -999 -999 -999 -999 -999
0.312507144556727 0.203821058377403 -999 -999 -999 -999 -999 -999 -999 -999
0.349885085167594 0.00454029343170576 -999 -999 -999 -999 -999 -999 -999 -999
0.336696619082761 0.756582578412954 -999 -999 -999 -999 -999 -999 -999 -999
0.335631195800213 0.239576154861061 -999 -999 -999 -999 -999 -999 -999 -999
0.327672185117026 0.00384126672598496 -999 -999 -999 -999 -999 -999 -999 -999
0.323324029207522 0.761516246463859 -999 -999 -999 -999 -999 -999 -999 -999
0.333211384822661 0.234973906176725 -999 -999 -999 -999 -999 -999 -999 -999
0.343464585969816 0.0035098473594165 -999 -999 -999 -999 -999 -999 -999 -999
0.337501528977108 0.794134765316438 -999 -999 -999 -999 -999 -999 -999 -999
0.337882017944454 0.201075902763019 -999 -999 -999 -999 -999 -999 -999 -999
0.324616453078437 0.00478933192054251 -999 -999 -999 -999 -999 -999 -999 -999
0.353198073804166 0.776304734250258 -999 -999 -999 -999 -999 -999 -999 -999
0.329070031584139 0.219142837547608 -999 -999 -999 -999 -999 -999 -999 -999
0.317731894611695 0.00455242820213474 -999 -999 -999 -999 -999 -999 -999 -999
0.31969464845125 0.866307141440269 -999 -999 -999 -999 -999 -999 -999 -999
0.334682411833091 0.125689444657272 -999 -999 -999 -999 -999 -999 -999 -999
0.345622939715659 0.00800341390245909 -999 -999 -999 -999 -999 -999 -999 -999
0.341690063329857 0.841815662101422 -999 -999 -999 -999 -999 -999 -999 -999
0.32775281982437 0.151612595315935 -999 -999 -999 -999 -999 -999 -999 -999
0.330557116845774 0.0065717425826437 -999 -999 -999 -999 -999 -999 -999 -999
0.340676674002618 0.760810845336241 -999 -999 -999 -999 -999 -999 -999 -999
0.331052006418289 0.235220822206072 -999 -999 -999 -999 -999 -999 -999 -999
0.328271319579093 0.00396833245768652 -999 -999 -999 -999 -999 -999 -999 -999
0.335202011863309 0.742393381020481 -999 -999 -999 -999 -999 -999 -999 -999
0.331324202452076 0.254015075852657 -999 -999 -999 -999 -999 -999 -999 -999
0.333473785684614 0.00359154312686294 -999 -999 -999 -999 -999 -999 -999 -999
0.316035420078811 0.8153194413208 -999 -999 -999 -999 -999 -999 -999 -999
0.346346688174643 0.179476746281642 -999 -999 -999 -999 -999 -999 -999 -999
0.337617891746546 0.0052038123975579 -999 -999 -999 -999 -999 -999 -999 -999
0.337619815285274 0.756441042300416 -999 -999 -999 -999 -999 -999 -999 -999
0.323756668509062 0.239914788302335 -999 -999 -999 -999 -999 -999 -999 -999
0.338623516205664 0.0036441693972485 -999 -999 -999 -999 -999 -999 -999 -999
0.319439675046963 0.759144811483226 -999 -999 -999 -999 -999 -999 -999 -999
0.338133147077555 0.236986203432297 -999 -999 -999 -999 -999 -999 -999 -999
0.342427177875482 0.00386898508447683 -999 -999 -999 -999 -999 -999 -999 -999
0.339497229570015 0.655364851297633 -999 -999 -999 -999 -999 -999 -999 -999
0.33941353451464 0.342302340656809 -999 -999 -999 -999 -999 -999 -999 -999
0.321089235915345 0.00233280804555764 -999 -999 -999 -999 -999 -999 -999 -999
0.321904216208644 0.857581675412896 -999 -999 -999 -999 -999 -999 -999 -999
0.336094164506478 0.134997963279678 -999 -999 -999 -999 -999 -999 -999 -999
0.342001619284879 0.00742036130742586 -999 -999 -999 -999 -999 -999 -999 -999
0.338465656259238 0.743299334170541 -999 -999 -999 -999 -999 -999 -999 -999
0.327291243644246 0.253238405902369 -999 -999 -999 -999 -999 -999 -999 -999
0.334243100096516 0.00346225992709065 -999 -999 -999 -999 -999 -999 -999 -999
0.330481382486992 0.739906527502015 -999 -999 -999 -999 -999 -999 -999 -999
0.327870190930969 0.256241583500302 -999 -999 -999 -999 -999 -999 -999 -999
0.341648426582039 0.00385188899768378 -999 -999 -999 -999 -999 -999 -999 -999
0.325926302377608 0.830901144690839 -999 -999 -999 -999 -999 -999 -999 -999
0.355203989505495 0.163586009262612 -999 -999 -999 -999 -999 -999 -999 -999
0.318869708116896 0.00551284604654975 -999 -999 -999 -999 -999 -999 -999 -999
0.335231341546084 0.832377028481148 -999 -999 -999 -999 -999 -999 -999 -999
0.341956931534967 0.161624898068405 -999 -999 -999 -999 -999 -999 -999 -999
0.322811726918949 0.00599807345044766 -999 -999 -999 -999 -999 -999 -999 -999
0.320212631896284 0.686024244197301 -999 -999 -999 -999 -999 -999 -999 -999
0.336585606503765 0.311266038316617 -999 -999 -999 -999 -999 -999 -999 -999
0.343201761599951 0.00270971748608179 -999 -999 -999 -999 -999 -999 -999 -999
0.343988351476906 0.801976331623134 -999 -999 -999 -999 -999 -999 -999 -999
0.334361275506864 0.193356180931273 -999 -999 -999 -999 -999 -999 -999 -999
0.32165037301623 0.00466748744559305 -999 -999 -999 -999 -999 -999 -999 -999
0.333782547049543 0.770262207691101 -999 -999 -999 -999 -999 -999 -999 -999
0.345336579909987 0.22573415999248 -999 -999 -999 -999 -999 -999 -999 -999
0.32088087304047 0.00400363231641921 -999 -999 -999 -999 -999 -999 -999 -999
0.317539385442169 0.696934049712041 -999 -999 -999 -999 -999 -999 -999 -999
0.361581692917389 0.300216369997863 -999 -999 -999 -999 -999 -999 -999 -999
0.320878921640442 0.00284958029009532 -999 -999 -999 -999 -999 -999 -999 -999
0.327150691769089 0.770383554664164 -999 -999 -999 -999 -999 -999 -999 -999
0.342590182846049 0.225524113282989 -999 -999 -999 -999 -999 -999 -999 -999
0.330259125384863 0.00409233205284743 -999 -999 -999 -999 -999 -999 -999 -999
0.328034570890259 0.824350322970504 -999 -999 -999 -999 -999 -999 -999 -999
0.33597835105572 0.1696011722208 -999 -999 -999 -999 -999 -999 -999 -999
0.335987078054021 0.00604850480869581 -999 -999 -999 -999 -999 -999 -999 -999
0.338828296901904 0.784947824670886 -999 -999 -999 -999 -999 -999 -999 -999
0.314864478116964 0.21065927543504 -999 -999 -999 -999 -999 -999 -999 -999
0.346307224981132 0.0043928998940748 -999 -999 -999 -999 -999 -999 -999 -999
0.31996406964592 0.745814437048225 -999 -999 -999 -999 -999 -999 -999 -999
0.345806275950179 0.250282136398915 -999 -999 -999 -999 -999 -999 -999 -999
0.334229654403901 0.00390342655286026 -999 -999 -999 -999 -999 -999 -999 -999
0.342841525019844 0.830147548245917 -999 -999 -999 -999 -999 -999 -999 -999
0.348551803667067 0.163568942186072 -999 -999 -999 -999 -999 -999 -999 -999
0.30860667131309 0.00628350956801116 -999 -999 -999 -999 -999 -999 -999 -999
0.349420465328839 0.721673420234453 -999 -999 -999 -999 -999 -999 -999 -999
0.324081672308353 0.274985871373268 -999 -999 -999 -999 -999 -999 -999 -999
0.326497862362809 0.00334070839227916 -999 -999 -999 -999 -999 -999 -999 -999
0.32612476284355 0.683940167735509 -999 -999 -999 -999 -999 -999 -999 -999
0.351355089892724 0.313325351343694 -999 -999 -999 -999 -999 -999 -999 -999
0.322520147263726 0.00273448092079657 -999 -999 -999 -999 -999 -999 -999 -999
0.323664086009473 0.647604797554887 -999 -999 -999 -999 -999 -999 -999 -999
0.335420594146818 0.350228179335032 -999 -999 -999 -999 -999 -999 -999 -999
0.340915319843708 0.00216702311008006 -999 -999 -999 -999 -999 -999 -999 -999
0.343831433174783 0.752567089858758 -999 -999 -999 -999 -999 -999 -999 -999
0.305230461164458 0.243399032316108 -999 -999 -999 -999 -999 -999 -999 -999
0.350938105660759 0.00403387782513337 -999 -999 -999 -999 -999 -999 -999 -999
0.325983554413934 0.725988506039171 -999 -999 -999 -999 -999 -999 -999 -999
0.334256298502866 0.270866486203789 -999 -999 -999 -999 -999 -999 -999 -999
0.3397601470832 0.00314500775704047 -999 -999 -999 -999 -999 -999 -999 -999
0.354389326259438 0.702629839363537 -999 -999 -999 -999 -999 -999 -999 -999
0.32169584974012 0.294596381169403 -999 -999 -999 -999 -999 -999 -999 -999
0.323914824000442 0.00277377946705986 -999 -999 -999 -999 -999 -999 -999 -999
0.326066580728275 0.761748207953045 -999 -999 -999 -999 -999 -999 -999 -999
0.351751231958867 0.234311212439867 -999 -999 -999 -999 -999 -999 -999 -999
0.322182187312858 0.0039405796070872 -999 -999 -999 -999 -999 -999 -999 -999
0.330571565703016 0.756754129566332 -999 -999 -999 -999 -999 -999 -999 -999
0.341836459990408 0.239767023808784 -999 -999 -999 -999 -999 -999 -999 -999
0.327591974306577 0.00347884662488346 -999 -999 -999 -999 -999 -999 -999 -999
0.317024119039726 0.732036780475591 -999 -999 -999 -999 -999 -999 -999 -999
0.322927965104213 0.264668495856348 -999 -999 -999 -999 -999 -999 -999 -999
0.360047915856061 0.00329472366806274 -999 -999 -999 -999 -999 -999 -999 -999
0.31821855922985 0.759878516068146 -999 -999 -999 -999 -999 -999 -999 -999
0.317758601875255 0.236070221046454 -999 -999 -999 -999 -999 -999 -999 -999
0.364022838894895 0.00405126288540019 -999 -999 -999 -999 -999 -999 -999 -999
0.346912131512377 0.707946343635595 -999 -999 -999 -999 -999 -999 -999 -999
0.311681328761736 0.289288335959164 -999 -999 -999 -999 -999 -999 -999 -999
0.341406539725887 0.00276532040523993 -999 -999 -999 -999 -999 -999 -999 -999
0.32220136303456 0.834504336947338 -999 -999 -999 -999 -999 -999 -999 -999
0.357725349058536 0.159401025143919 -999 -999 -999 -999 -999 -999 -999 -999
0.320073287906905 0.00609463790874312 -999 -999 -999 -999 -999 -999 -999 -999
0.337758950617355 0.812302784706425 -999 -999 -999 -999 -999 -999 -999 -999
0.321932127282002 0.182007508349303 -999 -999 -999 -999 -999 -999 -999 -999
0.340308922100643 0.00568970694427178 -999 -999 -999 -999 -999 -999 -999 -999
0.331004180600761 0.730244999221629 -999 -999 -999 -999 -999 -999 -999 -999
0.339516506181139 0.266558119982023 -999 -999 -999 -999 -999 -999 -999 -999
0.3294793132181 0.0031968807963483 -999 -999 -999 -999 -999 -999 -999 -999
0.337771199631611 0.796486738092821 -999 -999 -999 -999 -999 -999 -999 -999
0.326304506599255 0.199043695605765 -999 -999 -999 -999 -999 -999 -999 -999
0.335924293769133 0.00446956630141405 -999 -999 -999 -999 -999 -999 -999 -999
0.325316171402891 0.745084983285266 -999 -999 -999 -999 -999 -999 -999 -999
0.328841078725372 0.251181286552765 -999 -999 -999 -999 -999 -999 -999 -999
0.345842749871738 0.00373373016196776 -999 -999 -999 -999 -999 -999 -999 -999
0.334069339355063 0.872296480248446 -999 -999 -999 -999 -999 -999 -999 -999
0.31756727533315 0.11985865711049 -999 -999 -999 -999 -999 -999 -999 -999
0.348363385311787 0.00784486264106298 -999 -999 -999 -999 -999 -999 -999 -999
0.332586434737502 0.728305073445659 -999 -999 -999 -999 -999 -999 -999 -999
0.339047348678987 0.268490789390044 -999 -999 -999 -999 -999 -999 -999 -999
0.328366216583511 0.00320413716429685 -999 -999 -999 -999 -999 -999 -999 -999
0.31229195958371 0.721741384557776 -999 -999 -999 -999 -999 -999 -999 -999
0.333017653640821 0.275094712661874 -999 -999 -999 -999 -999 -999 -999 -999
0.35469038677547 0.00316390278034977 -999 -999 -999 -999 -999 -999 -999 -999
0.362521968192855 0.780072914961777 -999 -999 -999 -999 -999 -999 -999 -999
0.306559312595794 0.21572009743831 -999 -999 -999 -999 -999 -999 -999 -999
0.330918719211351 0.00420698759991241 -999 -999 -999 -999 -999 -999 -999 -999
0.307197942177491 0.792884362126728 -999 -999 -999 -999 -999 -999 -999 -999
0.333954432432135 0.202499532964805 -999 -999 -999 -999 -999 -999 -999 -999
0.358847625390373 0.00461610490846837 -999 -999 -999 -999 -999 -999 -999 -999
0.340025568448824 0.702090428828161 -999 -999 -999 -999 -999 -999 -999 -999
0.328806657368624 0.295059378244319 -999 -999 -999 -999 -999 -999 -999 -999
0.331167774182551 0.00285019292752062 -999 -999 -999 -999 -999 -999 -999 -999
0.349899920129732 0.734663154092063 -999 -999 -999 -999 -999 -999 -999 -999
0.312468310888021 0.261957699153144 -999 -999 -999 -999 -999 -999 -999 -999
0.337631768982247 0.00337914675479361 -999 -999 -999 -999 -999 -999 -999 -999
0.335821795868677 0.819093575540172 -999 -999 -999 -999 -999 -999 -999 -999
0.33007953363843 0.175454693761286 -999 -999 -999 -999 -999 -999 -999 -999
0.334098670492893 0.00545173069854283 -999 -999 -999 -999 -999 -999 -999 -999
0.347886175672213 0.791545851783252 -999 -999 -999 -999 -999 -999 -999 -999
0.335842230932569 0.203832654778505 -999 -999 -999 -999 -999 -999 -999 -999
0.316271593395218 0.00462149343824268 -999 -999 -999 -999 -999 -999 -999 -999
0.344251847541493 0.754551345670427 -999 -999 -999 -999 -999 -999 -999 -999
0.320384046121919 0.241626091136834 -999 -999 -999 -999 -999 -999 -999 -999
0.335364106336588 0.0038225631927382 -999 -999 -999 -999 -999 -999 -999 -999
0.334684217992938 0.71176289377555 -999 -999 -999 -999 -999 -999 -999 -999
0.331217654492476 0.285285231688012 -999 -999 -999 -999 -999 -999 -999 -999
0.334098127514586 0.00295187453643836 -999 -999 -999 -999 -999 -999 -999 -999
0.308473705463297 0.780189787582826 -999 -999 -999 -999 -999 -999 -999 -999
0.341235996963791 0.215409141987901 -999 -999 -999 -999 -999 -999 -999 -999
0.350290297572912 0.00440107042927331 -999 -999 -999 -999 -999 -999 -999 -999
0.332659284065194 0.804759875883112 -999 -999 -999 -999 -999 -999 -999 -999
0.33731045316406 0.190313466076283 -999 -999 -999 -999 -999 -999 -999 -999
0.330030262770745 0.00492665804060529 -999 -999 -999 -999 -999 -999 -999 -999
0.313959387814341 0.775206879628317 -999 -999 -999 -999 -999 -999 -999 -999
0.333344810657178 0.220550065755087 -999 -999 -999 -999 -999 -999 -999 -999
0.352695801528481 0.00424305461659625 -999 -999 -999 -999 -999 -999 -999 -999
0.330252905757904 0.744439189601027 -999 -999 -999 -999 -999 -999 -999 -999
0.325084233136411 0.25168337361019 -999 -999 -999 -999 -999 -999 -999 -999
0.344662861105685 0.00387743678878362 -999 -999 -999 -999 -999 -999 -999 -999
0.354406689727301 0.8221465172672 -999 -999 -999 -999 -999 -999 -999 -999
0.314115938182192 0.172329924365093 -999 -999 -999 -999 -999 -999 -999 -999
0.331477372090507 0.00552355836770783 -999 -999 -999 -999 -999 -999 -999 -999
0.329286155772903 0.807132730674172 -999 -999 -999 -999 -999 -999 -999 -999
0.338204521702285 0.188596732192902 -999 -999 -999 -999 -999 -999 -999 -999
0.332509322524812 0.00427053713292608 -999 -999 -999 -999 -999 -999 -999 -999
0.342946150973982 0.79610121500723 -999 -999 -999 -999 -999 -999 -999 -999
0.327180771478086 0.19908245136905 -999 -999 -999 -999 -999 -999 -999 -999
0.329873077547933 0.00481633362371957 -999 -999 -999 -999 -999 -999 -999 -999
0.334680921957905 0.81638136861614 -999 -999 -999 -999 -999 -999 -999 -999
0.324951295688792 0.177588135666996 -999 -999 -999 -999 -999 -999 -999 -999
0.340367782353304 0.0060304957168642 -999 -999 -999 -999 -999 -999 -999 -999
0.357385007489128 0.753301443665228 -999 -999 -999 -999 -999 -999 -999 -999
0.317665399034916 0.242928135802835 -999 -999 -999 -999 -999 -999 -999 -999
0.324949593475956 0.00377042053193724 -999 -999 -999 -999 -999 -999 -999 -999
0.321004458077809 0.678886876561088 -999 -999 -999 -999 -999 -999 -999 -999
0.356894810341857 0.318578129047211 -999 -999 -999 -999 -999 -999 -999 -999
0.322100731580333 0.00253499439170113 -999 -999 -999 -999 -999 -999 -999 -999
0.32552350769454 0.723482118046872 -999 -999 -999 -999 -999 -999 -999 -999
0.346270096816022 0.273262111216061 -999 -999 -999 -999 -999 -999 -999 -999
0.328206395489438 0.00325577073706639 -999 -999 -999 -999 -999 -999 -999 -999
0.343556288572503 0.80882025125043 -999 -999 -999 -999 -999 -999 -999 -999
0.325287722596209 0.185745726687699 -999 -999 -999 -999 -999 -999 -999 -999
0.331155988831288 0.00543402206187081 -999 -999 -999 -999 -999 -999 -999 -999
0.346885525003499 0.783147271682654 -999 -999 -999 -999 -999 -999 -999 -999
0.327694416839686 0.212274096771113 -999 -999 -999 -999 -999 -999 -999 -999
0.325420058156815 0.00457863154623388 -999 -999 -999 -999 -999 -999 -999 -999
0.326807824894851 0.742513047844545 -999 -999 -999 -999 -999 -999 -999 -999
0.336802673177463 0.254061497682965 -999 -999 -999 -999 -999 -999 -999 -999
0.336389501927686 0.00342545447249109 -999 -999 -999 -999 -999 -999 -999 -999
0.34148352473871 0.760637003442948 -999 -999 -999 -999 -999 -999 -999 -999
0.320693230276931 0.235386814590129 -999 -999 -999 -999 -999 -999 -999 -999
0.337823244984358 0.00397618196692309 -999 -999 -999 -999 -999 -999 -999 -999
0.330691963980101 0.804950972190837 -999 -999 -999 -999 -999 -999 -999 -999
0.329338441102149 0.190196403241142 -999 -999 -999 -999 -999 -999 -999 -999
0.339969594917751 0.00485262456802128 -999 -999 -999 -999 -999 -999 -999 -999
0.34161591593747 0.761052332131523 -999 -999 -999 -999 -999 -999 -999 -999
0.319195155700508 0.235205620018951 -999 -999 -999 -999 -999 -999 -999 -999
0.339188928362022 0.00374204784952618 -999 -999 -999 -999 -999 -999 -999 -999
0.350453421011681 0.675697741611275 -999 -999 -999 -999 -999 -999 -999 -999
0.326447807481858 0.321526657634686 -999 -999 -999 -999 -999 -999 -999 -999
0.323098771506461 0.00277560075403889 -999 -999 -999 -999 -999 -999 -999 -999
0.32207952187468 0.796558300401117 -999 -999 -999 -999 -999 -999 -999 -999
0.316085988998818 0.198264348023302 -999 -999 -999 -999 -999 -999 -999 -999
0.361834489126503 0.00517735157558024 -999 -999 -999 -999 -999 -999 -999 -999
0.34452306813867 0.760871296257683 -999 -999 -999 -999 -999 -999 -999 -999
0.33222992923901 0.23520841579644 -999 -999 -999 -999 -999 -999 -999 -999
0.32324700262232 0.00392028794587806 -999 -999 -999 -999 -999 -999 -999 -999
0.323439041672516 0.748724213171073 -999 -999 -999 -999 -999 -999 -999 -999
0.347450221240602 0.247336164663545 -999 -999 -999 -999 -999 -999 -999 -999
0.329110737086883 0.00393962216538261 -999 -999 -999 -999 -999 -999 -999 -999
0.3317876505412 0.746714177784524 -999 -999 -999 -999 -999 -999 -999 -999
0.344279256525689 0.249556838404855 -999 -999 -999 -999 -999 -999 -999 -999
0.323933092933111 0.00372898381062071 -999 -999 -999 -999 -999 -999 -999 -999
0.309828616802427 0.799916298885801 -999 -999 -999 -999 -999 -999 -999 -999
0.333924313907621 0.195241727397428 -999 -999 -999 -999 -999 -999 -999 -999
0.356247069289951 0.00484197371677072 -999 -999 -999 -999 -999 -999 -999 -999
0.33618092091966 0.68318659090801 -999 -999 -999 -999 -999 -999 -999 -999
0.340938148669017 0.314261688470733 -999 -999 -999 -999 -999 -999 -999 -999
0.322880930411323 0.00255172062125767 -999 -999 -999 -999 -999 -999 -999 -999
0.326950618140099 0.727322522078807 -999 -999 -999 -999 -999 -999 -999 -999
0.318582767843569 0.269307356900398 -999 -999 -999 -999 -999 -999 -999 -999
0.354466614016332 0.00337012102079399 -999 -999 -999 -999 -999 -999 -999 -999
0.331932280793017 0.674795463663993 -999 -999 -999 -999 -999 -999 -999 -999
0.347336585467323 0.322604832829644 -999 -999 -999 -999 -999 -999 -999 -999
0.32073113373966 0.00259970350636203 -999 -999 -999 -999 -999 -999 -999 -999
0.320934871995584 0.871478026807626 -999 -999 -999 -999 -999 -999 -999 -999
0.333316002991913 0.119894209605547 -999 -999 -999 -999 -999 -999 -999 -999
0.345749125012503 0.00862776358682672 -999 -999 -999 -999 -999 -999 -999 -999
0.343001146372183 0.692124880627805 -999 -999 -999 -999 -999 -999 -999 -999
0.327347405203895 0.305089893834089 -999 -999 -999 -999 -999 -999 -999 -999
0.329651448423922 0.00278522553810631 -999 -999 -999 -999 -999 -999 -999 -999
0.312358500706658 0.75954391738543 -999 -999 -999 -999 -999 -999 -999 -999
0.343576439568721 0.236461537209654 -999 -999 -999 -999 -999 -999 -999 -999
0.34406505972462 0.00399454540491615 -999 -999 -999 -999 -999 -999 -999 -999
0.318306209987743 0.611191117478422 -999 -999 -999 -999 -999 -999 -999 -999
0.355612165292162 0.386776902023591 -999 -999 -999 -999 -999 -999 -999 -999
0.326081624720094 0.00203198049798614 -999 -999 -999 -999 -999 -999 -999 -999
0.332959012695913 0.700357083407258 -999 -999 -999 -999 -999 -999 -999 -999
0.33953810294498 0.29658407928741 -999 -999 -999 -999 -999 -999 -999 -999
0.327502884359108 0.00305883730533315 -999 -999 -999 -999 -999 -999 -999 -999
0.347554097699253 0.786997550445801 -999 -999 -999 -999 -999 -999 -999 -999
0.325938328910345 0.208651640197022 -999 -999 -999 -999 -999 -999 -999 -999
0.326507573390402 0.00435080935717688 -999 -999 -999 -999 -999 -999 -999 -999
0.339178222219974 0.761383402899867 -999 -999 -999 -999 -999 -999 -999 -999
0.319584637087975 0.234582641003614 -999 -999 -999 -999 -999 -999 -999 -999
0.34123714069205 0.00403395609651978 -999 -999 -999 -999 -999 -999 -999 -999
0.318304877267522 0.797731613125298 -999 -999 -999 -999 -999 -999 -999 -999
0.350960359236321 0.197293149272677 -999 -999 -999 -999 -999 -999 -999 -999
0.330734763496157 0.0049752376020247 -999 -999 -999 -999 -999 -999 -999 -999
0.328536748717899 0.792951172100728 -999 -999 -999 -999 -999 -999 -999 -999
0.33024952452934 0.202222549398311 -999 -999 -999 -999 -999 -999 -999 -999
0.341213726752761 0.00482627850096047 -999 -999 -999 -999 -999 -999 -999 -999
0.335171539212571 0.749633113966412 -999 -999 -999 -999 -999 -999 -999 -999
0.332573807468336 0.246678433176714 -999 -999 -999 -999 -999 -999 -999 -999
0.332254653319093 0.00368845285687321 -999 -999 -999 -999 -999 -999 -999 -999
0.340586648910344 0.719192291633257 -999 -999 -999 -999 -999 -999 -999 -999
0.313752912580731 0.277631399805617 -999 -999 -999 -999 -999 -999 -999 -999
0.345660438508925 0.0031763085611258 -999 -999 -999 -999 -999 -999 -999 -999
0.332168643886784 0.803356355808095 -999 -999 -999 -999 -999 -999 -999 -999
0.3317250262644 0.191736320724746 -999 -999 -999 -999 -999 -999 -999 -999
0.336106329848815 0.0049073234671595 -999 -999 -999 -999 -999 -999 -999 -999
0.328798750269589 0.764311701650347 -999 -999 -999 -999 -999 -999 -999 -999
0.340972197344963 0.231823529277123 -999 -999 -999 -999 -999 -999 -999 -999
0.330229052385449 0.00386476907253011 -999 -999 -999 -999 -999 -999 -999 -999
0.326892207347466 0.776192063450587 -999 -999 -999 -999 -999 -999 -999 -999
0.332141244519619 0.219758520847081 -999 -999 -999 -999 -999 -999 -999 -999
0.340966548132915 0.00404941570233236 -999 -999 -999 -999 -999 -999 -999 -999
0.34404133006447 0.766833907774621 -999 -999 -999 -999 -999 -999 -999 -999
0.317837248647524 0.229364980026682 -999 -999 -999 -999 -999 -999 -999 -999
0.338121421288006 0.00380111219869682 -999 -999 -999 -999 -999 -999 -999 -999
0.33250857585388 0.827744166368731 -999 -999 -999 -999 -999 -999 -999 -999
0.338442715337625 0.166552298524018 -999 -999 -999 -999 -999 -999 -999 -999
0.329048708808496 0.00570353510725031 -999 -999 -999 -999 -999 -999 -999 -999
0.325440492537911 0.787200086379265 -999 -999 -999 -999 -999 -999 -999 -999
0.321778207919374 0.208099918912219 -999 -999 -999 -999 -999 -999 -999 -999
0.352781299542715 0.00469999470851636 -999 -999 -999 -999 -999 -999 -999 -999
0.332871667837252 0.68124095101681 -999 -999 -999 -999 -999 -999 -999 -999
0.331105044904909 0.316136244975723 -999 -999 -999 -999 -999 -999 -999 -999
0.336023287257838 0.00262280400746699 -999 -999 -999 -999 -999 -999 -999 -999
0.331602115207118 0.74720887188966 -999 -999 -999 -999 -999 -999 -999 -999
0.342504541133274 0.248988787835871 -999 -999 -999 -999 -999 -999 -999 -999
0.325893343659608 0.00380234027446966 -999 -999 -999 -999 -999 -999 -999 -999
0.332608244861514 0.735621658146281 -999 -999 -999 -999 -999 -999 -999 -999
0.330423228062242 0.26085780093014 -999 -999 -999 -999 -999 -999 -999 -999
0.336968527076245 0.00352054092357967 -999 -999 -999 -999 -999 -999 -999 -999
0.344404207217101 0.749924892898702 -999 -999 -999 -999 -999 -999 -999 -999
0.319030841479125 0.246177436591844 -999 -999 -999 -999 -999 -999 -999 -999
0.336564951303774 0.00389767050945328 -999 -999 -999 -999 -999 -999 -999 -999
0.347006398811916 0.769186582755898 -999 -999 -999 -999 -999 -999 -999 -999
0.321582652580952 0.226301797050815 -999 -999 -999 -999 -999 -999 -999 -999
0.331410948607131 0.00451162019328735 -999 -999 -999 -999 -999 -999 -999 -999
0.341258646701647 0.675948866121193 -999 -999 -999 -999 -999 -999 -999 -999
0.334049694738408 0.321337044726882 -999 -999 -999 -999 -999 -999 -999 -999
0.324691658559944 0.00271408915192525 -999 -999 -999 -999 -999 -999 -999 -999
0.333640987050026 0.760552078269259 -999 -999 -999 -999 -999 -999 -999 -999
0.355907032079298 0.235302817537355 -999 -999 -999 -999 -999 -999 -999 -999
0.310451980870676 0.00414510419338528 -999 -999 -999 -999 -999 -999 -999 -999
0.329031672895701 0.733725443372893 -999 -999 -999 -999 -999 -999 -999 -999
0.337904022226726 0.262860434011695 -999 -999 -999 -999 -999 -999 -999 -999
0.333064304877573 0.00341412261541208 -999 -999 -999 -999 -999 -999 -999 -999
0.332871919476509 0.807669944638214 -999 -999 -999 -999 -999 -999 -999 -999
0.332809840020022 0.187255187368146 -999 -999 -999 -999 -999 -999 -999 -999
0.334318240503469 0.00507486799364068 -999 -999 -999 -999 -999 -999 -999 -999
0.319486349972819 0.779054638317573 -999 -999 -999 -999 -999 -999 -999 -999
0.327612010530008 0.216420936031948 -999 -999 -999 -999 -999 -999 -999 -999
0.352901639497174 0.00452442565047929 -999 -999 -999 -999 -999 -999 -999 -999
0.349403516499286 0.827795486041076 -999 -999 -999 -999 -999 -999 -999 -999
0.337378191006156 0.165842332472281 -999 -999 -999 -999 -999 -999 -999 -999
0.313218292494558 0.00636218148664234 -999 -999 -999 -999 -999 -999 -999 -999
0.320472384127551 0.8077602703351 -999 -999 -999 -999 -999 -999 -999 -999
0.337930687348905 0.186655387889084 -999 -999 -999 -999 -999 -999 -999 -999
0.341596928523543 0.00558434177581651 -999 -999 -999 -999 -999 -999 -999 -999
0.322628770653867 0.739711255575984 -999 -999 -999 -999 -999 -999 -999 -999
0.351286944089799 0.257069309868115 -999 -999 -999 -999 -999 -999 -999 -999
0.326084285256333 0.00321943455590069 -999 -999 -999 -999 -999 -999 -999 -999
0.335159899237418 0.764004747009355 -999 -999 -999 -999 -999 -999 -999 -999
0.339609477647804 0.231861225678333 -999 -999 -999 -999 -999 -999 -999 -999
0.325230623114777 0.00413402731231186 -999 -999 -999 -999 -999 -999 -999 -999
0.324815121285347 0.713816460904661 -999 -999 -999 -999 -999 -999 -999 -999
0.302745923690116 0.283493292743916 -999 -999 -999 -999 -999 -999 -999 -999
0.372438955024537 0.00269024635142287 -999 -999 -999 -999 -999 -999 -999 -999
0.340388789542719 0.72192871106822 -999 -999 -999 -999 -999 -999 -999 -999
0.335299318671737 0.274798296664562 -999 -999 -999 -999 -999 -999 -999 -999
0.324311891785544 0.00327299226721758 -999 -999 -999 -999 -999 -999 -999 -999
0.342680382289216 0.780107878267013 -999 -999 -999 -999 -999 -999 -999 -999
0.311524905320241 0.215339291742904 -999 -999 -999 -999 -999 -999 -999 -999
0.345794712390542 0.004552829990083 -999 -999 -999 -999 -999 -999 -999 -999
0.333975776662112 0.705420897119488 -999 -999 -999 -999 -999 -999 -999 -999
0.33476347872629 0.291258545659278 -999 -999 -999 -999 -999 -999 -999 -999
0.331260744611598 0.0033205572212339 -999 -999 -999 -999 -999 -999 -999 -999
0.337121464662679 0.70436709962617 -999 -999 -999 -999 -999 -999 -999 -999
0.335643621428349 0.292607985238792 -999 -999 -999 -999 -999 -999 -999 -999
0.327234913908972 0.00302491513503776 -999 -999 -999 -999 -999 -999 -999 -999
0.356713795042449 0.658874471979184 -999 -999 -999 -999 -999 -999 -999 -999
0.320195313893731 0.338699777341319 -999 -999 -999 -999 -999 -999 -999 -999
0.32309089106382 0.00242575067949696 -999 -999 -999 -999 -999 -999 -999 -999
0.308269189958115 0.82680392422959 -999 -999 -999 -999 -999 -999 -999 -999
0.347528737111889 0.167423131429687 -999 -999 -999 -999 -999 -999 -999 -999
0.344202072929996 0.00577294434072285 -999 -999 -999 -999 -999 -999 -999 -999
0.33696103521302 0.831803286149321 -999 -999 -999 -999 -999 -999 -999 -999
0.343963501192178 0.161700531112253 -999 -999 -999 -999 -999 -999 -999 -999
0.319075463594803 0.00649618273842651 -999 -999 -999 -999 -999 -999 -999 -999
0.332374621333018 0.720298342120947 -999 -999 -999 -999 -999 -999 -999 -999
0.336259910697362 0.276731352236622 -999 -999 -999 -999 -999 -999 -999 -999
0.33136546796962 0.00297030564243055 -999 -999 -999 -999 -999 -999 -999 -999
0.32589242494958 0.770274084199296 -999 -999 -999 -999 -999 -999 -999 -999
0.328790990730365 0.225278909655688 -999 -999 -999 -999 -999 -999 -999 -999
0.345316584320055 0.00444700614501572 -999 -999 -999 -999 -999 -999 -999 -999
0.327583376900921 0.733377660141078 -999 -999 -999 -999 -999 -999 -999 -999
0.332015694024761 0.263328649688406 -999 -999 -999 -999 -999 -999 -999 -999
0.340400929074319 0.0032936901705162 -999 -999 -999 -999 -999 -999 -999 -999
0.325729554250115 0.68612991624092 -999 -999 -999 -999 -999 -999 -999 -999
0.335812632487982 0.310974656060816 -999 -999 -999 -999 -999 -999 -999 -999
0.338457813261903 0.00289542769826447 -999 -999 -999 -999 -999 -999 -999 -999
0.344475013248895 0.772043169511967 -999 -999 -999 -999 -999 -999 -999 -999
0.322416618227345 0.223898656636672 -999 -999 -999 -999 -999 -999 -999 -999
0.33310836852376 0.00405817385136197 -999 -999 -999 -999 -999 -999 -999 -999
0.352357341337198 0.736686571344834 -999 -999 -999 -999 -999 -999 -999 -999
0.315098913099851 0.260035578336979 -999 -999 -999 -999 -999 -999 -999 -999
0.33254374556295 0.00327785031818753 -999 -999 -999 -999 -999 -999 -999 -999
0.352248234257764 0.782763683583041 -999 -999 -999 -999 -999 -999 -999 -999
0.333017631393419 0.212950064307541 -999 -999 -999 -999 -999 -999 -999 -999
0.314734134348817 0.00428625210941778 -999 -999 -999 -999 -999 -999 -999 -999
0.330018947535286 0.73983784261758 -999 -999 -999 -999 -999 -999 -999 -999
0.342430544007815 0.256597168366774 -999 -999 -999 -999 -999 -999 -999 -999
0.3275505084569 0.00356498901564579 -999 -999 -999 -999 -999 -999 -999 -999
0.337540801194535 0.816688188018981 -999 -999 -999 -999 -999 -999 -999 -999
0.328175901140681 0.1773068684646 -999 -999 -999 -999 -999 -999 -999 -999
0.334283297664784 0.00600494351641903 -999 -999 -999 -999 -999 -999 -999 -999
0.348743000539939 0.78787493875266 -999 -999 -999 -999 -999 -999 -999 -999
0.33718291944038 0.207708760912143 -999 -999 -999 -999 -999 -999 -999 -999
0.314074080019681 0.00441630033519702 -999 -999 -999 -999 -999 -999 -999 -999
0.354691287643212 0.756925540532257 -999 -999 -999 -999 -999 -999 -999 -999
0.327342547843182 0.239042428328201 -999 -999 -999 -999 -999 -999 -999 -999
0.317966164513606 0.00403203113954157 -999 -999 -999 -999 -999 -999 -999 -999
0.330223165707968 0.730718613379548 -999 -999 -999 -999 -999 -999 -999 -999
0.327308311867852 0.266170899602744 -999 -999 -999 -999 -999 -999 -999 -999
0.34246852242418 0.00311048701770865 -999 -999 -999 -999 -999 -999 -999 -999
0.344287828536052 0.681795454874762 -999 -999 -999 -999 -999 -999 -999 -999
0.327275371788598 0.315729053404354 -999 -999 -999 -999 -999 -999 -999 -999
0.32843679967535 0.00247549172088282 -999 -999 -999 -999 -999 -999 -999 -999
0.303399869303829 0.820163629463384 -999 -999 -999 -999 -999 -999 -999 -999
0.357383738366903 0.174468271837236 -999 -999 -999 -999 -999 -999 -999 -999
0.339216392329268 0.00536809869938031 -999 -999 -999 -999 -999 -999 -999 -999
0.35951562616377 0.687421696523675 -999 -999 -999 -999 -999 -999 -999 -999
0.321784371886863 0.30985411796477 -999 -999 -999 -999 -999 -999 -999 -999
0.318700001949367 0.00272418551155589 -999 -999 -999 -999 -999 -999 -999 -999
0.339921866309863 0.641310986799935 -999 -999 -999 -999 -999 -999 -999 -999
0.305359519549072 0.356221880732186 -999 -999 -999 -999 -999 -999 -999 -999
0.354718614141065 0.00246713246787845 -999 -999 -999 -999 -999 -999 -999 -999
0.325545138443339 0.756522750740035 -999 -999 -999 -999 -999 -999 -999 -999
0.34491711370075 0.239497400758174 -999 -999 -999 -999 -999 -999 -999 -999
0.329537747855911 0.00397984850179108 -999 -999 -999 -999 -999 -999 -999 -999
0.34483513990939 0.723639279658191 -999 -999 -999 -999 -999 -999 -999 -999
0.343748888437438 0.272974588178688 -999 -999 -999 -999 -999 -999 -999 -999
0.311415971653173 0.00338613216312076 -999 -999 -999 -999 -999 -999 -999 -999
0.333727557041519 0.768071347393212 -999 -999 -999 -999 -999 -999 -999 -999
0.33982237677958 0.22783626924108 -999 -999 -999 -999 -999 -999 -999 -999
0.326450066178901 0.00409238336570784 -999 -999 -999 -999 -999 -999 -999 -999
0.353663891402885 0.649169999892097 -999 -999 -999 -999 -999 -999 -999 -999
0.328371949946437 0.348560625967081 -999 -999 -999 -999 -999 -999 -999 -999
0.317964158650678 0.00226937414082225 -999 -999 -999 -999 -999 -999 -999 -999
0.346161506167239 0.658899277203991 -999 -999 -999 -999 -999 -999 -999 -999
0.326567898913525 0.338828730609406 -999 -999 -999 -999 -999 -999 -999 -999
0.327270594919236 0.00227199218660309 -999 -999 -999 -999 -999 -999 -999 -999
0.328335307126893 0.621041154701168 -999 -999 -999 -999 -999 -999 -999 -999
0.334783386091595 0.376875680970255 -999 -999 -999 -999 -999 -999 -999 -999
0.336881306781512 0.00208316432857713 -999 -999 -999 -999 -999 -999 -999 -999
0.333130494675647 0.792524471804683 -999 -999 -999 -999 -999 -999 -999 -999
0.340001289500825 0.203304198224106 -999 -999 -999 -999 -999 -999 -999 -999
0.326868215823528 0.0041713299712121 -999 -999 -999 -999 -999 -999 -999 -999
0.31976621771608 0.717545994898784 -999 -999 -999 -999 -999 -999 -999 -999
0.334257224655822 0.27926709709749 -999 -999 -999 -999 -999 -999 -999 -999
0.345976557628099 0.00318690800372602 -999 -999 -999 -999 -999 -999 -999 -999
0.358688043544791 0.720104103256886 -999 -999 -999 -999 -999 -999 -999 -999
0.33095690081578 0.276657730146768 -999 -999 -999 -999 -999 -999 -999 -999
0.310355055639429 0.00323816659634501 -999 -999 -999 -999 -999 -999 -999 -999
0.33704330768915 0.724133756197256 -999 -999 -999 -999 -999 -999 -999 -999
0.330498798673575 0.272529917394837 -999 -999 -999 -999 -999 -999 -999 -999
0.332457893637275 0.00333632640790582 -999 -999 -999 -999 -999 -999 -999 -999
0.318200353886336 0.701664224923089 -999 -999 -999 -999 -999 -999 -999 -999
0.335955675619182 0.295596751828981 -999 -999 -999 -999 -999 -999 -999 -999
0.345843970494481 0.00273902324793059 -999 -999 -999 -999 -999 -999 -999 -999
0.361263957084946 0.672191479146539 -999 -999 -999 -999 -999 -999 -999 -999
0.306894040489428 0.325207063233305 -999 -999 -999 -999 -999 -999 -999 -999
0.331842002425626 0.00260145762015555 -999 -999 -999 -999 -999 -999 -999 -999
0.335409611276927 0.715217766697334 -999 -999 -999 -999 -999 -999 -999 -999
0.33241976775329 0.28186207049467 -999 -999 -999 -999 -999 -999 -999 -999
0.332170620969783 0.00292016280799708 -999 -999 -999 -999 -999 -999 -999 -999
0.359772855041953 0.789713451720753 -999 -999 -999 -999 -999 -999 -999 -999
0.328255614442638 0.206093350375321 -999 -999 -999 -999 -999 -999 -999 -999
0.311971530515409 0.00419319790392572 -999 -999 -999 -999 -999 -999 -999 -999
0.329844138283371 0.712439341548918 -999 -999 -999 -999 -999 -999 -999 -999
0.328820501622595 0.284692607184723 -999 -999 -999 -999 -999 -999 -999 -999
0.341335360094034 0.00286805126635988 -999 -999 -999 -999 -999 -999 -999 -999
0.338197309141882 0.757978056282726 -999 -999 -999 -999 -999 -999 -999 -999
0.332019649661971 0.237841552150934 -999 -999 -999 -999 -999 -999 -999 -999
0.329783041196147 0.00418039156634014 -999 -999 -999 -999 -999 -999 -999 -999
0.329615708430596 0.73640133413828 -999 -999 -999 -999 -999 -999 -999 -999
0.346652746139117 0.259957650685533 -999 -999 -999 -999 -999 -999 -999 -999
0.323731545430288 0.00364101517618598 -999 -999 -999 -999 -999 -999 -999 -999
0.339746066683838 0.774596480933408 -999 -999 -999 -999 -999 -999 -999 -999
0.325746813357782 0.221430572738612 -999 -999 -999 -999 -999 -999 -999 -999
0.33450711995838 0.00397294632798037 -999 -999 -999 -999 -999 -999 -999 -999
0.347966186567611 0.633076896389777 -999 -999 -999 -999 -999 -999 -999 -999
0.312399311899193 0.364662321725523 -999 -999 -999 -999 -999 -999 -999 -999
0.339634501533196 0.00226078188470077 -999 -999 -999 -999 -999 -999 -999 -999
0.320052929393786 0.781681043159816 -999 -999 -999 -999 -999 -999 -999 -999
0.332916231328182 0.213583492533774 -999 -999 -999 -999 -999 -999 -999 -999
0.347030839278031 0.00473546430641102 -999 -999 -999 -999 -999 -999 -999 -999
0.333096991210569 0.804978702706979 -999 -999 -999 -999 -999 -999 -999 -999
0.337343832876626 0.189377004760302 -999 -999 -999 -999 -999 -999 -999 -999
0.329559175912806 0.0056442925327198 -999 -999 -999 -999 -999 -999 -999 -999
0.338023070121958 0.707759303959107 -999 -999 -999 -999 -999 -999 -999 -999
0.327691364404247 0.28941922786029 -999 -999 -999 -999 -999 -999 -999 -999
0.334285565473795 0.00282146818060271 -999 -999 -999 -999 -999 -999 -999 -999
0.34420665746901 0.657004441589837 -999 -999 -999 -999 -999 -999 -999 -999
0.322085731118736 0.340696919510364 -999 -999 -999 -999 -999 -999 -999 -999
0.333707611412254 0.00229863889979838 -999 -999 -999 -999 -999 -999 -999 -999
-999 -999 -999 -999 -999 -999 -999 -999 -999 -999
-999 -999 -999 -999 -999 -999 -999 -999 -999 -999
-999 -999 -999 -999 -999 -999 -999 -999 -999 -999
-999 -999 -999 -999 -999 -999 -999 -999 -999 -999
-999 -999 -999 -999 -999 -999 -999 -999 -999 -999
-999 -999 -999 -999 -999 -999 -999 -999 -999 -999
