209
123
56
36
27
31
29
26
20
18
21
22
16
16
15
14
16
13
14
12
13
11
12
12
13
12
12
12
12
15
11
9
8
7
1
1
1
1
1
1
2
1
1
1
1
1
1
1
1
1
1
1
1
1
1
1
1
1
1
1
1
1
1
1
1
1
1
1
1
1
1
1
1
1
1
1
1
1
1
1
1
1
1
1
1
1
1
1
1
1
1
1
1
1
1
1
1
1
1
1
1
1
1
1
3
1
1
5
1
2
1
2
1
1
1
1
1
1
1
1
1
1
1
1
1
1
1
4
1
2
1
2
3
2
1
1
1
1
1
2
1
1
1
1
1
1
3
3
1
1
1
1
1
1
1
1
1
2
1
1
1
1
1
3
1
3
1
3
1
1
1
1
1
4
1
1
1
1
1
1
1
1
1
2
1
1
3
1
2
1
2
2
1
1
1
1
4
1
1
1
1
1
2
1
1
1
2
1
1
1
1
2
1
1
1
1
2
1
1
1
2
1
1
2
1
2
1
1
1
1
1
2
1
2
1
1
1
1
4
1
1
1
1
2
1
1
2
1
1
2
1
1
1
1
1
1
1
2
1
1
1
1
2
1
1
1
2
1
1
1
1
2
1
1
1
1
1
1
1
1
1
1
1
1
1
1
2
2
1
2
2
1
1
1
1
2
1
1
1
1
1
1
2
1
1
2
1
2
1
1
1
1
1
1
1
1
1
2
1
2
3
1
1
1
1
2
1
1
1
1
1
2
1
1
1
1
3
1
2
2
1
1
2
1
1
2
1
1
2
1
1
1
1
1
1
1
1
2
1
1
1
1
1
1
1
1
2
1
1
1
1
1
3
1
1
1
1
2
1
1
2
1
1
3
1
1
1
1
1
1
1
3
1
1
1
2
1
1
1
1
1
1
1
2
1
1
1
1
1
2
1
1
2
1
1
1
1
1
2
1
2
3
1
3
1
1
1
1
1
1
1
3
1
1
6
1
1
1
1
2
1
1
1
1
1
1
3
1
2
1
1
1
1
1
1
1
3
1
1
1
1
1
1
1
3
2
1
2
1
1
4
3
1
2
2
1
1
2
1
1
1
1
2
1
4
4
1
1
3
1
1
2
2
1
1
1
1
1
1
1
1
1
2
1
1
1
1
1
1
1
1
1
1
1
1
1
1
1
1
2
1
1
1
1
1
1
1
1
1
1
1
1
1
1
1
2
1
2
1
1
1
1
1
1
1
2
1
1
1
1
2
1
1
1
1
3
2
1
1
1
1
1
1
2
1
1
1
1
1
1
1
1
1
1
1
3
1
1
1
1
1
1
1
1
1
1
1
1
1
1
1
2
1
3
1
1
1
1
1
1
1
2
2
1
1
1
1
1
1
1
1
2
3
1
1
1
1
1
1
1
1
1
1
1
1
1
1
5
1
1
1
1
1
2
2
2
1
2
1
1
1
2
1
1
1
3
1
2
1
1
1
1
1
2
1
1
1
1
1
1
1
1
1
3
1
1
1
1
1
1
1
2
1
1
1
2
1
1
1
3
1
2
3
1
1
1
1
1
1
1
2
1
3
1
1
1
1
2
2
1
1
1
1
2
3
1
1
2
1
1
1
1
1
1
1
1
1
1
1
1
1
1
1
1
1
1
1
1
1
1
1
1
1
2
1
1
3
1
5
1
2
3
1
2
1
1
1
1
1
3
2
2
1
1
1
1
1
2
2
1
2
1
2
1
1
1
1
1
1
1
4
1
1
1
1
1
1
2
1
1
1
1
1
2
1
1
1
1
3
1
1
2
1
1
1
1
1
1
1
1
2
1
4
1
1
1
1
1
1
1
2
1
1
2
1
1
2
1
2
1
1
1
1
2
1
5
4
1
1
1
1
1
1
1
1
2
1
1
3
1
1
1
1
3
1
1
1
1
1
1
1
1
1
1
1
1
1
1
1
1
1
1
1
1
1
1
1
1
1
1
1
2
2
1
2
1
1
1
1
1
2
4
1
1
1
4
1
1
1
1
1
2
5
1
1
7
1
1
1
1
2
1
1
1
1
2
1
1
2
1
1
1
1
2
1
1
1
1
2
3
1
1
1
1
1
1
1
2
1
1
1
1
1
1
1
1
1
1
1
1
1
2
2
2
1
2
1
1
1
1
3
1
1
3
1
1
1
1
1
1
1
1
2
1
2
1
1
1
1
1
1
1
1
1
1
1
3
1
1
1
1
1
1
1
2
1
1
2
2
1
2
3
1
1
1
1
3
1
3
1
