0.722974448225158 0.34454713560252
0.273763242488167 0.329771505608162
0.00326230928667623 0.325681358789317
0.751771530468213 0.325114580587937
0.244462372151895 0.338186092333385
0.00376609737989258 0.336699327078678
0.661366807633061 0.331806377178968
0.336197662380045 0.323615121286488
0.00243552998689261 0.344578501534543
0.821786499576395 0.343047723074293
0.172362112887484 0.34159140471911
0.00585138753612121 0.315360872206597
0.60134967780152 0.334188658971299
0.396664738233249 0.33655409392303
0.00198558396523123 0.329257247105671
0.682418963815276 0.347586142452377
0.314815747297389 0.321787940939297
0.00276528888733425 0.330625916608327
0.889397727261348 0.338633524144306
0.101273627246523 0.321961220602291
0.00932864549212895 0.339405255253403
0.652530741134109 0.342735221519293
0.345025374579686 0.327439204999299
0.00244388428620482 0.329825573481407
0.847276055174086 0.324598659545518
0.146101949219323 0.342465927022758
0.00662199560659072 0.332935413431724
0.637196754978852 0.319531860822864
0.360469850876824 0.342665382375462
0.00233339414432396 0.337802756801673
0.769501743058215 0.327158419588269
0.226338484492698 0.341856538244457
0.00415977244908797 0.330985042167274
0.776863717275674 0.325875176223177
0.218799603359911 0.329031644476551
0.00433667936441477 0.345093179300273
0.706028395083565 0.332001456091546
0.291105008346811 0.342990381896098
0.00286659656962471 0.325008162012356
0.849261970509596 0.338588106938118
0.144007990385357 0.328971840987869
0.00673003910504772 0.332440052074014
0.731460844615688 0.335234757278958
0.264985752811595 0.330072693547881
0.00355340257271698 0.33469254917316
0.835325735944784 0.336524543066189
0.158600185815838 0.341014293623732
0.00607407823937798 0.322461163310079
0.696477968729885 0.332412896622565
0.300714979270386 0.325046419123243
0.00280705199973019 0.342540684254192
0.647921429558073 0.321507517416476
0.349658654131894 0.337618204533917
0.00241991631003236 0.340874278049607
0.783058564251915 0.339319589865378
0.212049830410421 0.323222017988496
0.00489160533766517 0.337458392146126
0.866569736676483 0.33663566228332
0.125409865409862 0.321312279702775
0.00802039791365438 0.342052058013905
0.731467012881803 0.339076272517375
0.265089906679792 0.325677826082345
0.00344308043840447 0.335245901400279
0.763115032986552 0.338752278929799
0.233107754916926 0.331165845749539
0.00377721209652215 0.330081875320662
0.671500259342975 0.351376899069338
0.325859815302242 0.319922714659005
0.00263992535478269 0.328700386271657
0.782521235034715 0.330463675625836
0.213140895200054 0.330891481678317
0.00433786976523164 0.338644842695846
0.675856626055443 0.340134752715321
0.321387626174584 0.338143451419078
0.0027557477699722 0.321721795865602
0.676199477207485 0.332079156752893
0.321254787170202 0.341972424162583
0.00254573562231401 0.325948419084524
0.674370971721087 0.329221693917963
0.322972469629563 0.333172331944395
0.00265655864934968 0.337605974137642
0.662126876675991 0.327752965169772
0.335484963476606 0.333039397565408
0.00238815984740219 0.339207637264821
0.704814462616809 0.345225625352428
0.292306698047443 0.329423772438642
0.00287883933574801 0.32535060220893
0.771013079323891 0.342431802752318
0.2249849620712 0.326626196584217
0.00400195860490981 0.330942000663465
0.770526575454337 0.334659712078516
0.22537655124789 0.325245766577874
0.00409687329777313 0.340094521343611
0.70221734493796 0.333908444457846
0.294822475321437 0.334136877756831
0.0029601797406033 0.331954677785322
0.79058332206951 0.337868778385474
0.204840246205844 0.32798424615416
0.00457643172464567 0.334146975460365
0.786596363981819 0.338334866887057
0.208789678500769 0.315548646801105
0.00461395751741258 0.346116486311838
0.710397190135335 0.324135528978397
0.286629044003822 0.351340287735595
0.00297376586084379 0.324524183286008
0.728479826270888 0.322677635578412
0.268333474326103 0.338628377813335
0.00318669940300783 0.338693986608254
0.794771699464955 0.339359544121575
0.200616306681463 0.336874053238192
0.00461199385358206 0.323766402640232
0.748439394000333 0.339856206585372
0.247940838563343 0.343056154410051
0.00361976743632413 0.317087639004578
0.811713362895396 0.327853350301352
0.183050777445943 0.336334345797079
0.00523585965865953 0.335812303901568
0.769660766627158 0.338109522244818
0.225991434766846 0.335929766096925
0.00434779860599675 0.325960711658256
0.84435612854782 0.333402013477242
0.149089340800113 0.342458529517003
0.00655453065206619 0.324139457005756
0.686187623069081 0.330610008977857
0.311169781301196 0.329953569361596
0.00264259562972386 0.339436421660547
0.790438340082819 0.320904909339455
0.204695428128509 0.336753961080684
0.00486623178867183 0.342341129579861
0.756904751525053 0.329617297130833
0.239028929589279 0.331756381410625
0.00406631888566952 0.338626321458542
0.760252401122658 0.322121230399859
0.235763304906063 0.351508090657723
0.00398429397127752 0.326370678942418
0.79416113022599 0.318194736237227
0.201173619399209 0.344848716999121
0.00466525037480056 0.336956546763652
0.776831906339461 0.33996250401962
0.218615047551405 0.336747157080048
0.00455304610913312 0.323290338900333
0.865985040780802 0.330434072026507
0.125915117948901 0.328748943825886
0.00809984127029832 0.340816984147607
0.84232829024132 0.328006362841321
0.151265391875187 0.319240615724389
0.00640631788349268 0.35275302143429
0.76249238184282 0.333182761163011
0.233458981862221 0.332302964501797
0.00404863629495956 0.334514274335192
0.742613425609683 0.331746167140708
0.253913706038272 0.340146633707843
0.00347286835204505 0.328107199151451
0.815006910393433 0.326647036190533
0.179607492081471 0.341702162324126
0.00538559752509607 0.331650801485342
0.757325564732702 0.324643421618215
0.239070540320961 0.338772459390811
0.0036038949463369 0.336584118990974
0.758638466352793 0.35147757100527
0.237608513105627 0.324428984184733
0.00375302054158122 0.324093444809996
0.654078328276728 0.338976759176235
0.343700352785248 0.33605238553134
0.00222131893802325 0.324970855292425
0.857866644490902 0.331759601283366
0.134554046560632 0.33306788806393
0.00757930894846497 0.335172510652704
0.742175440570435 0.331257808489741
0.254455575510211 0.340103441264882
0.00336898391935399 0.328638750245378
0.740260790168259 0.333692514981426
0.256249603583365 0.346294571533179
0.00348960624837694 0.320012913485394
0.829423906812467 0.328238398896137
0.164572715906014 0.33248001958759
0.00600337728151786 0.339281581516273
0.831677490368174 0.332230380430183
0.16211661456228 0.345632055638498
0.0062058950695471 0.322137563931318
0.686058350474511 0.328734385300729
0.311094871503823 0.348247750420968
0.0028467780216652 0.323017864278302
0.801843973416983 0.332803768587546
0.193024455658279 0.350175416222328
0.00513157092473782 0.317020815190125
0.770583886266953 0.331297629064689
0.225128029882843 0.335912178532651
0.00428808385020234 0.332790192402659
0.697578702565811 0.352337368969799
0.299542223541751 0.323015961518911
0.0028790738924383 0.32464666951129
0.770107986620971 0.331421965540914
0.225525129590546 0.335071196953396
0.00436688378848171 0.33350683750569
0.823800584499068 0.318963631307902
0.17043095596076 0.334010557946529
0.00576845954017065 0.347025810745569
0.785205415951364 0.334251976608217
0.21008722662673 0.329885667242001
0.00470735742190688 0.335862356149782
0.747195514748767 0.332262882457137
0.249023294379862 0.336921429456437
0.00378119087137163 0.330815688086425
0.829472440873927 0.335674026804672
0.164418115925652 0.341202674540359
0.00610944320042115 0.323123298654968
0.721417322283933 0.314001239357445
0.275301746970565 0.340564883041284
0.0032809307455021 0.34543387760127
0.68668190067477 0.330090277246415
0.310741835084332 0.327776112585161
0.00257626424089843 0.342133610168425
0.647372304740539 0.345664571763678
0.350364236945672 0.315535762545728
0.0022634583137889 0.338799665690594
0.751960581209554 0.34153960530143
0.244444486506279 0.321316555309301
0.00359493228416692 0.33714383938927
0.725128038784982 0.328620410578127
0.271710442970859 0.336300033271992
0.00316151824415934 0.33507955614988
0.702419331086544 0.338272060287287
0.294624657784745 0.331682071506225
0.00295601112871129 0.330045868206488
0.760858106395224 0.331498856865946
0.235248960368024 0.328293260299432
0.00389293323675169 0.340207882834623
0.755872627397765 0.331231441336214
0.240343737885844 0.338299649686012
0.00378363471638964 0.330468908977775
0.730292957098297 0.344273939125019
0.266415335785451 0.336360884416374
0.00329170711625208 0.319365176458606
0.759079760256284 0.337565444814852
0.236943006496258 0.340198141619575
0.00397723324745876 0.322236413565573
0.707790685684344 0.329068235036271
0.289354438200864 0.34092979301609
0.00285487611479159 0.330001971947639
0.835170461435061 0.342711737429994
0.158727431298858 0.32881732019538
0.00610210726608084 0.328470942374626
0.813141183326413 0.332247491488924
0.181611020818025 0.333995347765346
0.00524779585556124 0.333757160745729
0.730008591257142 0.333736222723175
0.266585234189253 0.32884655356951
0.00340617455360498 0.337417223707314
0.794296625948521 0.350979398810829
0.200938615194661 0.321567941806054
0.00476475885681884 0.327452659383118
0.745439488953187 0.346407298936907
0.250727527598269 0.337256096886
0.00383298344854302 0.316336604177093
0.87103383579608 0.321670570303063
0.12064779192405 0.337745398536781
0.00831837227986989 0.340584031160156
0.72759908101414 0.341378355412113
0.269132560692608 0.320597075637953
0.00326835829325205 0.338024568949934
0.720658824350402 0.332706630239576
0.27613723949969 0.332562297736295
0.00320393614990857 0.334731072024128
0.779381190008144 0.341059013540684
0.21614350197494 0.327219935970329
0.00447530801691683 0.331721050488988
0.791168975722648 0.327067063758442
0.203973667559139 0.324525196707779
0.00485735671821268 0.34840773953378
0.701054854549508 0.343929533640598
0.296004497551426 0.327243250382669
0.00294064789906689 0.328827215976732
0.734954204958597 0.332870026150665
0.261640520193713 0.324747292725834
0.00340527484768947 0.3423826811235
0.818456012972782 0.332325709580192
0.175902183115868 0.333972604979241
0.0056418039113501 0.333701685440568
0.791544763916216 0.334035183408849
0.203889057556865 0.313303949088621
0.00456617852691918 0.352660867502529
0.755124638034322 0.322043683798396
0.241224790732849 0.34068332463303
0.00365057123282835 0.337272991568574
0.711094980905749 0.333989703137051
0.285775920854832 0.333339007583128
0.00312909823941827 0.332671289279821
0.779948703884631 0.338100320841098
0.215803103813865 0.328791404091569
0.00424819230150332 0.333108275067333
0.805755666169452 0.343355812162052
0.189244709961845 0.326668967286547
0.00499962386870379 0.329975220551401
0.775527294943285 0.338346216628742
0.219976075964292 0.339954985146506
0.00449662909242251 0.321698798224752
0.744042760915373 0.343546853394955
0.25236508599288 0.3239052795421
0.00359215309174546 0.332547867062945
0.822542629563222 0.32381917519866
0.172065806998827 0.329715950762062
0.00539156343795239 0.346464874039278
0.805376393033676 0.332475936840283
0.189513182307484 0.329963952912941
0.0051104246588402 0.337560110246777
0.795551223248997 0.336873337310059
0.199630932120274 0.337485636637321
0.00481784463072791 0.325641026052621
0.817413959708693 0.335007457091207
0.176990638544658 0.332369066982981
0.00559540174664895 0.332623475925812
0.754475737010848 0.33794019290223
0.241707082301449 0.323756567552833
0.00381718068770278 0.338303239544937
0.676925621157227 0.338856608685722
0.320332847565971 0.330380478648694
0.00274153127680233 0.330762912665584
0.723526249446748 0.343997558115277
0.273143444457636 0.325300808270822
0.00333030609561507 0.3307016336139
0.808706531452912 0.357583260093197
0.186073429788613 0.322332016321517
0.00522003875847446 0.320084723585286
0.782840719248413 0.33430937396182
0.212522522592823 0.329767914976236
0.00463675815876351 0.335922711061945
0.743169829256216 0.323875870202036
0.253338005526265 0.340036310782552
0.00349216521751724 0.336087819015412
0.760891225762585 0.331773169123445
0.23518483478229 0.336757301280448
0.0039239394551245 0.331469529596108
0.804164281511797 0.321657830099035
0.190958433687139 0.334907109437135
0.00487728480106326 0.343435060463831
0.76101049459263 0.330109961973579
0.235050388891426 0.331366323778321
0.00393911651594403 0.3385237142481
0.67698542161698 0.322649930663925
0.32034378812478 0.324234051266504
0.00267079025823995 0.353116018069571
0.796740198366195 0.323052376976209
0.198532613413223 0.322598803148525
0.00472718822058309 0.354348819875265
0.760573847473602 0.330156063964759
0.235480342706912 0.333155228283707
0.00394580981948565 0.336688707751534
0.751452157542364 0.33100891944537
0.244902423067071 0.337893368488952
0.00364541939056433 0.331097712065678
0.746894614696755 0.329715662007834
0.249506362627639 0.338098569503534
0.00359902267560637 0.332185768488633
0.800755696669274 0.341596470985141
0.194472518128988 0.32058856353106
0.00477178520173782 0.337814965483798
0.683004189409642 0.329778529218321
0.314345532484982 0.331151180793574
0.00265027810537781 0.339070289988106
0.727382956759078 0.333244845967351
0.269294658475565 0.350502092171752
0.00332238476535725 0.316253061860897
0.676265811186538 0.334539304293565
0.321065575778799 0.329293518200631
0.00266861303466176 0.336167177505804
0.871124407067661 0.339169853248848
0.120309522618017 0.317115784570496
0.00856607031432319 0.343714362180656
0.693843331375539 0.331449984975475
0.303164438768255 0.340659150767989
0.00299222985620591 0.327890864256534
0.758184423330664 0.326075470233842
0.237680104847175 0.324200563338198
0.00413547182216052 0.34972396642796
0.612611920205795 0.321082512241726
0.385438062547552 0.344665929511166
0.00195001724665359 0.334251558247109
0.700401973379362 0.327707905540358
0.296659136600118 0.323033138999586
0.00293889002052065 0.349258955460057
0.787739679890211 0.331023022710588
0.207593098706204 0.326524643813462
0.00466722140358622 0.34245233347595
0.76049568107107 0.3478387250037
0.235363875216408 0.317547932511971
0.00414044371252115 0.334613342484329
0.797327658498423 0.326453158506754
0.198023619185209 0.342392240103532
0.00464872231636701 0.331154601389714
0.792870505473036 0.328630152563753
0.202389480804786 0.32976347421685
0.00474001372217765 0.341606373219397
0.750429854652523 0.32161302215843
0.245908227956847 0.353484740563387
0.00366191739063031 0.324902237278182
0.719929971322506 0.332223586403357
0.276867209277913 0.328253953340051
0.00320281939958029 0.339522460256593
0.804758102696426 0.329464547036424
0.190380346733538 0.324846946310253
0.00486155057003535 0.345688506653323
0.764942321823389 0.317736247849574
0.230983170751776 0.339881750142151
0.00407450742483383 0.342382002008275
0.777281228236341 0.324151125993098
0.218416888111415 0.336817309265088
0.00430188365224426 0.339031564741814
0.766974564385276 0.344997419853566
0.229080849457484 0.322287560677329
0.00394458615723995 0.332715019469105
0.827756778533235 0.34426873036592
0.166528815115239 0.326655622977978
0.0057144063515258 0.329075646656101
0.787289530625021 0.335394791636774
0.208349194795366 0.338449566243069
0.00436127457961282 0.326155642120158
0.680052108431491 0.347718350041109
0.317244769887967 0.329764645314619
0.00270312168054206 0.322517004644272
0.747034344203753 0.333627776218266
0.24949593082688 0.330004562719809
0.00346972496936771 0.336367661061926
0.735302437514186 0.335544699379203
0.261442750071602 0.326974418490576
0.00325481241421178 0.33748088213022
0.751155921653595 0.334919767866432
0.245174781987468 0.339386211729387
0.00366929635893792 0.325694020404181
0.771549610812257 0.327690549305948
0.224627676590412 0.329110199672911
0.00382271259733069 0.343199251021141
0.676889601404934 0.342999160166079
0.320666938864804 0.332072721633755
0.00244345973026098 0.324928118200166
0.760482378965079 0.323938336817214
0.235555919360612 0.325651985679529
0.00396170167430973 0.350409677503257
0.73517797364049 0.338193622657649
0.261441384805777 0.326819512252746
0.0033806415537333 0.334986865089605
0.808414339405265 0.318744300988482
0.18640206817743 0.344847476165487
0.00518359241730527 0.33640822284603
0.780985354982687 0.326551229123312
0.214731767297234 0.326607853964495
0.00428287772007993 0.346840916912193
0.828653101577946 0.328572455391913
0.165354585621706 0.348217066468419
0.00599231280034801 0.323210478139668
0.807060841682578 0.338949312450027
0.187689532652823 0.332697591661356
0.00524962566459976 0.328353095888618
0.738848124560439 0.327010440770238
0.257745375120694 0.331821423104776
0.00340650031886658 0.341168136124987
0.764647763718602 0.345007558148221
0.23120212259687 0.332687825037168
0.0041501136845288 0.322304616814611
0.712656249642331 0.330494419368846
0.284200559375794 0.335963844740848
0.0031431909818754 0.333541735890305
0.722666476332387 0.328006768662506
0.274048889955929 0.338706754228031
0.00328463371168429 0.333286477109463
0.779766527243933 0.341009304733936
0.215776688014814 0.319789824377349
0.00445678474125273 0.339200870888715
0.704761923393048 0.322774592076537
0.292202017980087 0.334880015043991
0.00303605862686544 0.342345392879472
0.702450225107199 0.328463771458024
0.294496369263022 0.342800656287206
0.00305340562977907 0.328735572254771
0.658447914727015 0.338448372468395
0.339255410671931 0.32675348452327
0.00229667460105415 0.334798143008335
0.825926254461177 0.317106941986117
0.168069522558748 0.345861293674476
0.00600422298007489 0.337031764339406
0.832603306113017 0.338112998767758
0.161356887912206 0.33106197322133
0.00603980597477703 0.330825028010912
0.720770491986604 0.338745466529586
0.276121009345805 0.332769967972631
0.00310849866759093 0.328484565497784
0.770241449444149 0.328210248650982
0.225944697568107 0.339991136206558
0.00381385298774269 0.331798615142459
0.733190584085557 0.325893286589721
0.263334243595489 0.328694788451332
0.00347517231895349 0.345411924958948
0.687291709486519 0.322451508434636
0.31003447393253 0.328313581123953
0.00267381658095114 0.34923491044141
0.772793623349106 0.320034457815573
0.222925480747054 0.329001052989218
0.00428089590384144 0.350964489195208
0.73594924871238 0.322167637188604
0.260565872371822 0.34679697414636
0.00348487891579657 0.331035388665037
0.783313922577227 0.321276448332556
0.212292005511082 0.345487731723899
0.00439407191169133 0.333235819943546
0.741323818921238 0.324255862863773
0.255242785259077 0.343619299481654
0.00343339581968497 0.332124837654573
0.816677120054411 0.330707391542135
0.178108108326346 0.334012024459978
0.00521477161924327 0.335280583997887
0.78664789266582 0.321068781714671
0.208803777169031 0.3463377119607
0.00454833016514862 0.332593506324628
0.757723765087463 0.333616350071938
0.238257738915913 0.340244828472062
0.00401849599662422 0.326138821456
0.729941576829491 0.330071311023334
0.266754187327775 0.324061744394295
0.00330423584273493 0.345866944582371
0.679275437982281 0.335423188571978
0.317997049298409 0.338574920109487
0.00272751271930934 0.326001891318534
0.819260782049873 0.334641133155226
0.175166675010858 0.326707473871889
0.00557254293926948 0.338651392972884
0.685468629718472 0.330509249459676
0.311782226720394 0.337956471554257
0.00274914356113241 0.331534278986067
0.641957286083696 0.325800883530898
0.355829688667099 0.339977492202064
0.00221302524920531 0.334221624267037
0.754854669680934 0.325056722528256
0.241487044919985 0.337369616378296
0.00365828539908062 0.337573661093448
0.723830789379796 0.346682230043239
0.272970702521711 0.327866869958086
0.00319850809849373 0.325450899998676
0.767401085950026 0.337117568545695
0.228163421695723 0.335811548326447
0.00443549235425095 0.327070883127857
0.649642808580781 0.334005332015699
0.348173960178597 0.337833213505801
0.00218323124062181 0.3281614544785
0.660107367619595 0.340982463161213
0.337577129296206 0.323937339084556
0.00231550308419893 0.335080197754232
0.620510494981058 0.335865360080693
0.377430123815677 0.346318066902865
0.00205938120326547 0.317816573016441
0.793625499986788 0.324997668193372
0.201530363823232 0.345514052670385
0.00484413618998199 0.329488279136245
0.71659610085287 0.327097068173747
0.280235306794342 0.348289354819048
0.00316859235278785 0.324613577007204
0.719869684140143 0.345182196411329
0.27687693921279 0.32467983794541
0.00325337664706687 0.330137965643261
0.723683086617861 0.33533458214726
0.272878140922119 0.329140800496384
0.00343877246002094 0.335524617356356
0.701396659484208 0.321629811525081
0.2956618392885 0.328962812981767
0.0029415012272927 0.349407375493153
0.670577532882466 0.350543789891122
0.326898681432629 0.33463054332825
0.00252378568490576 0.314825666780629
0.716187770791248 0.333395811698589
0.280818454799745 0.324451601868792
0.00299377440900697 0.342152586432618
0.788112317447794 0.342048127017644
0.207219583272948 0.328229612013578
0.00466809927925811 0.329722260968778
0.712710231497859 0.342012459952345
0.284202521195306 0.326889698077179
0.00308724730683559 0.331097841970477
0.759104458474145 0.332501062821138
0.237134212827668 0.336543538069902
0.0037613286981871 0.33095539910896
0.734487082769684 0.332652490161346
0.262155919937516 0.339913865359312
0.00335699729280022 0.327433644479342
0.773867780858423 0.335436499912383
0.221835409819456 0.335726366115889
0.00429680932212173 0.328837133971728
0.634336625701871 0.341675163558687
0.363370266286562 0.327020326127587
0.00229310801156759 0.331304510313726
0.781813266133128 0.327974317762068
0.213997646109407 0.329439266351541
0.00418908775746571 0.34258641588639
0.805348319139691 0.328313798473637
0.189308365392669 0.339197745037433
0.00534331546764059 0.33248845648893
0.705393135650753 0.324935602626998
0.291656295594549 0.341321386108629
0.00295056875469793 0.333743011264372
0.655236397709329 0.341818057911634
0.342379325674859 0.324109978274605
0.00238427661581204 0.334071963813761
-999 -999
-999 -999
-999 -999
-999 -999
-999 -999
-999 -999
