0.813880889158351 0.345043594994101
0.180600874634792 0.333533135804264
0.00551823620685821 0.321423269201635
0.85714505671054 0.333179886611437
0.135426861219055 0.334816388551171
0.00742808207040461 0.332003724837392
0.723298798343922 0.343652937705658
0.27348546008159 0.322079199719329
0.0032157415744884 0.334267862575013
0.724614804170869 0.344812712902513
0.272127743317163 0.32172321154194
0.00325745251196902 0.333464075555548
0.782805289514702 0.342783139480605
0.212738719900591 0.324958848563236
0.00445599058470577 0.332258011956159
0.7607325005615 0.338172307164731
0.235359504415573 0.338394390207013
0.00390799502292727 0.323433302628255
0.701331115931456 0.340084815004681
0.295551754409414 0.33428496949576
0.00311712965912986 0.325630215499559
0.736657346090231 0.331818004568582
0.259609768797281 0.331694743982412
0.00373288511248752 0.336487251449006
0.646702025098367 0.337342145104639
0.350885992185502 0.339279453479597
0.00241198271613003 0.323378401415763
0.710656878678745 0.322620463905914
0.286286685580848 0.343619796995964
0.00305643574040662 0.333759739098122
0.718071785549533 0.320359112958515
0.27897687734661 0.345697497920738
0.00295133710385672 0.333943389120747
0.689719005059485 0.323897665374693
0.307379704100337 0.339199679418603
0.00290129084017834 0.336902655206705
0.720576929086829 0.343811541232392
0.276048483779085 0.328520156128845
0.00337458713408508 0.327668302638764
0.69722611171403 0.321378915668163
0.299720379944366 0.351137911249944
0.00305350834160347 0.327483173081893
0.815476374542875 0.327227324643764
0.179188189904623 0.354737286583955
0.0053354355525033 0.318035388772281
0.73068356557733 0.333835682590041
0.266003512899415 0.330547472653643
0.00331292152325458 0.335616844756316
0.763313442521814 0.343708145094994
0.232916283860586 0.325731958130047
0.00377027361759966 0.330559896774959
0.627024224302542 0.346337662122933
0.370777150300077 0.33742673534392
0.00219862539738139 0.316235602533148
0.738203807622145 0.324609972339204
0.258204187000773 0.342604806447784
0.00359200537708246 0.332785221213012
0.687867716699505 0.32417231780032
0.309434206470541 0.328696486176305
0.00269807682995341 0.347131196023375
0.791930090737894 0.343171426088948
0.203164150857609 0.323866706528632
0.00490575840449902 0.33296186738242
0.757065413876356 0.344524261030274
0.23909549960392 0.330906476143869
0.00383908651972404 0.324569262825857
0.779615554428007 0.33503365557922
0.215887612104704 0.346153745055128
0.00449683346728931 0.318812599365653
0.78961877423056 0.332139446233577
0.205745347937818 0.34744439307657
0.00463587783162218 0.320416160689853
0.785805508070484 0.324623674334435
0.209683687872468 0.333535513795819
0.00451080405704815 0.341840811869746
0.744926223627248 0.342818050625092
0.251257317547262 0.328595776664932
0.00381645882549012 0.328586172709977
0.632253138495377 0.327554164944053
0.365621367685385 0.332672528338409
0.00212549381923853 0.339773306717537
0.802908980479454 0.340174182120252
0.192025042118634 0.337488475809867
0.00506597740191273 0.322337342069881
0.776676502856514 0.324090051806575
0.218893711384855 0.33101933271211
0.00442978575863099 0.344890615481315
0.780661837899069 0.326465500794489
0.214876152669975 0.338717489319433
0.00446200943095586 0.334817009886078
0.833483380742954 0.339304213827968
0.160697865490153 0.344874391554682
0.00581875376689468 0.31582139461735
0.672411540074862 0.333647857866317
0.325090902831855 0.330797802968469
0.00249755709328214 0.335554339165214
0.75049055780594 0.339956703735779
0.245752790088659 0.324955133414411
0.00375665210540064 0.335088162849809
0.795493956449222 0.32774667054032
0.199863191695557 0.339855579303792
0.00464285185522132 0.332397750155887
0.750809606822092 0.339915543033777
0.245470751522454 0.339169205995333
0.00371964165545412 0.32091525097089
0.805538809075959 0.33737552463996
0.189124037976363 0.334640804114399
0.00533715294767817 0.327983671245641
0.729524341472904 0.349804464685175
0.267166153427952 0.32806694443058
0.003309505099145 0.322128590884245
0.86405427119894 0.331283399835824
0.128131230761471 0.330148819520162
0.00781449803958865 0.338567780644014
0.706385038429917 0.346752010168082
0.290749762872098 0.327296798882052
0.00286519869798582 0.325951190949866
0.80764118323345 0.320828062036948
0.187185839132549 0.344567122443685
0.00517297763400125 0.334604815519367
0.825101082471394 0.338936266813982
0.168673710782807 0.328998571046385
0.0062252067457986 0.332065162139633
0.674896768314131 0.335668081907566
0.322370741033023 0.341179588118931
0.0027324906528459 0.323152329973504
0.86425100115213 0.333459920309519
0.128175282886689 0.338414982507377
0.00757371596118124 0.328125097183104
0.681703905133713 0.345453542293368
0.315774057090516 0.316720566612076
0.00252203777577114 0.337825891094557
0.76370589497775 0.335309727747759
0.232212771132542 0.334231494181756
0.00408133388970835 0.330458778070486
0.65651785400954 0.327091146440739
0.341137995405233 0.339308779306044
0.0023441505852277 0.333600074253217
0.708768682338415 0.333982873036336
0.288316784962149 0.349747621936983
0.00291453269943654 0.31626950502668
0.665873050981306 0.328491697498347
0.331548232199582 0.337506434954165
0.00257871681911203 0.334001867547488
0.787422557933689 0.33467961612436
0.208087857113833 0.327729034609142
0.00448958495247777 0.337591349266497
0.709350125075179 0.335513486563681
0.287549551443379 0.322476390281319
0.00310032348144117 0.342010123154999
0.744656191791447 0.348254202769825
0.251640909748467 0.315391953738189
0.00370289846008569 0.336353843491986
0.689514440748799 0.344465988729658
0.307719359022475 0.323488586231105
0.0027662002287271 0.332045425039236
0.700022788938984 0.345934831087623
0.297121130654094 0.328316588716698
0.00285608040692244 0.325748580195679
0.744670035948448 0.330070217796199
0.251885797909076 0.332520220504642
0.00344416614247635 0.337409561699158
0.659369502358927 0.32912715093856
0.338161358759441 0.339920124398227
0.00246913888163369 0.330952724663214
0.861959805525498 0.31571351447519
0.13036695430368 0.336729878788058
0.00767324017082287 0.347556606736751
0.650411114507151 0.338422502225026
0.347165983669095 0.342620229120496
0.00242290182375362 0.318957268654477
0.750246792364183 0.332777262774323
0.245789649844791 0.336201022968791
0.00396355779102583 0.331021714256887
0.637240617678748 0.314091408399716
0.36057850630963 0.352159566233946
0.00218087601162176 0.333749025366338
0.806777029540411 0.344052242185788
0.18813698640116 0.339727549953688
0.00508598405843009 0.316220207860524
0.61296786235763 0.319162107726048
0.385090282550658 0.35425549547843
0.00194185509171222 0.326582396795522
0.605679547841766 0.330195803577326
0.392401056317774 0.33432111524145
0.00191939584045955 0.335483081181224
0.680435574573073 0.316115648917116
0.31696974797096 0.339266220636323
0.00259467745596764 0.344618130446562
0.673269700323727 0.334365027224188
0.324091919175322 0.335574029035097
0.00263838050095011 0.330060943740716
0.787875609567162 0.333312641286204
0.207538330181685 0.322332342590987
0.00458606025115362 0.344355016122809
0.830136287835483 0.330947792008543
0.163544444798477 0.325963435645333
0.00631926736604003 0.343088772346123
0.730427643900602 0.328965169994096
0.266153936000862 0.327405891536091
0.00341842009853463 0.343628938469813
0.690745807774337 0.323945443332344
0.306538936014422 0.334845522147285
0.00271525621124052 0.34120903452037
0.582046563901192 0.335124736484799
0.416262518239749 0.322868151339496
0.00169091785905957 0.342007112175705
0.720223301146847 0.316480311054273
0.276681988801605 0.349269538628766
0.00309471005154853 0.334250150316962
0.74229702744996 0.32682539511204
0.254205931830677 0.326764328855182
0.00349704071936328 0.346410276032778
0.756009610756895 0.328137906287578
0.240202054078514 0.327310586804139
0.00378833516459081 0.344551506908282
0.738813129113185 0.356562325262553
0.257428141906018 0.312421978236391
0.00375872898079761 0.331015696501056
0.794970920901911 0.334493828807966
0.200233426284738 0.324966640068688
0.0047956528133507 0.340539531123346
0.81385240678325 0.333139213324876
0.180636452934207 0.331799969510915
0.00551114028254425 0.335060817164208
0.799790644312824 0.330898842844649
0.19487673635402 0.335488550933147
0.00533261933315568 0.333612606222204
0.728154286004915 0.3406419564529
0.268250035263177 0.32929850512379
0.00359567873190795 0.330059538423311
0.647047984590946 0.319141750007676
0.350743489084663 0.337282349376776
0.00220852632439121 0.343575900615548
0.761147348987717 0.342610020236543
0.234881262223357 0.31931469734768
0.00397138878892756 0.338075282415777
0.787499537814727 0.324799829539678
0.208023510823023 0.342222859728438
0.0044769513622511 0.332977310731886
0.700825836545765 0.321208659562414
0.29641928483931 0.340577707478641
0.00275487861492427 0.338213632958945
0.77964283696531 0.338727710526986
0.215950670413281 0.335679792335966
0.00440649262140923 0.325592497137048
0.838208166913116 0.343806665577349
0.155272027087947 0.333328400339193
0.00651980599893686 0.322864934083458
0.784240526631252 0.320600408004578
0.211410796026954 0.335654981763174
0.00434867734179561 0.343744610232249
0.785962127994562 0.336301186151872
0.209466771113542 0.330490371381088
0.00457110089189509 0.333208442467039
0.816644084546974 0.332171619788077
0.177751611243073 0.321641956891517
0.00560430420995267 0.346186423320407
0.590182296787809 0.321596162128004
0.408026114626393 0.335265620135662
0.00179158858579847 0.343138217736334
0.811342339578 0.323335070851546
0.183237903704212 0.344649290155061
0.00541975671778871 0.332015638993393
0.845255369469429 0.329551277608636
0.148399729320573 0.327997920210596
0.00634490120999853 0.342450802180768
0.615891752432405 0.316116794518353
0.382018060292966 0.337827326642955
0.00209018727462981 0.346055878838692
0.789228764494378 0.325628425216809
0.20606486597524 0.337445737795878
0.00470636953038042 0.336925836987314
0.771788787181541 0.329988849950366
0.224266998711727 0.330740150040328
0.00394421410673238 0.339271000009305
0.81280273947784 0.31729326580021
0.18185314409408 0.351261069416797
0.0053441164280796 0.331445664782994
0.771326231021331 0.334025466763344
0.224493130721311 0.332621643968195
0.0041806382573561 0.333352889268462
0.72310005628235 0.357807596542943
0.273634967354855 0.315511559953495
0.00326497636279574 0.326680843503562
0.720633911827487 0.335797074966189
0.276125095102458 0.326576076707106
0.00324099307005424 0.337626848326706
0.6378033606584 0.343228682844938
0.359927733781894 0.332071047290581
0.00226890555970631 0.324700269864482
0.74355492248443 0.321776212659657
0.252779226935133 0.338999002985928
0.00366585058043694 0.339224784354416
0.735314349901001 0.33057706044998
0.261379535379567 0.321681626488422
0.00330611471943198 0.347741313061597
0.727042741048577 0.321875537751902
0.269672946730567 0.347983943194658
0.00328431222085651 0.330140519053439
0.798363843889919 0.332822502033874
0.196491554863922 0.331186283455588
0.00514460124616053 0.335991214510538
0.693014012565467 0.325163229809064
0.304197898979393 0.333018537461437
0.00278808845514003 0.341818232729498
0.719110921280742 0.328950122522133
0.277698838262525 0.328639138563527
0.00319024045673274 0.34241073891434
0.77923650715732 0.340845271371286
0.216323362436935 0.318776081042786
0.00444013040574386 0.340378647585927
0.721167932501045 0.323269135537713
0.275687242332474 0.344872891493975
0.00314482516648037 0.331857972968312
0.704152737622879 0.323929739882311
0.29274535803934 0.346130323336664
0.0031019043377813 0.329939936781025
0.888934538603101 0.326881871526299
0.101790126633246 0.330304027231759
0.00927533476365232 0.342814101241941
0.78300071526508 0.322286628884882
0.212240367558846 0.335506691876851
0.00475891717607505 0.342206679238267
0.792676981334715 0.324608147396644
0.202432171849875 0.335879494950138
0.00489084681541002 0.339512357653217
0.860168066549985 0.328190625870857
0.132558700703671 0.339349134671585
0.00727323274634427 0.332460239457559
0.761940065139352 0.343373393208987
0.233809906153233 0.329188709948902
0.00425002870741403 0.327437896842111
0.756787171842926 0.321847809683592
0.239399188817109 0.341221993809547
0.00381363933996507 0.336930196506861
0.687545825571663 0.330831232190555
0.309748770237667 0.350070598533374
0.00270540419067077 0.319098169276071
0.753538846949336 0.337878907330737
0.242742601229804 0.322301239222611
0.00371855182086129 0.339819853446652
0.761375068265568 0.338356273880123
0.234766032489458 0.330655302771732
0.00385889924497455 0.330988423348146
0.74251692178534 0.34630212401695
0.253907672847449 0.334815684647029
0.00357540536721102 0.318882191336021
0.762483199425802 0.331502489420888
0.23331268710014 0.336664073053976
0.00420411347405653 0.331833437525137
0.822991778697443 0.343918014873407
0.170940769984063 0.333093576041234
0.00606745131849435 0.322988409085359
0.668084463148917 0.329593666232113
0.329392043585879 0.336257656157084
0.00252349326520484 0.334148677610803
0.73513086631545 0.331017096472226
0.26141013576785 0.343838820634541
0.00345899791670155 0.325144082893233
0.654750838846237 0.345097236270158
0.342699141523049 0.33370476501563
0.00255001963071326 0.321197998714212
0.80847940254246 0.330497485934474
0.186182908331191 0.344451589267228
0.00533768912634922 0.3250509247983
0.85656295660934 0.339383557917082
0.136130675317201 0.33327447705204
0.00730636807345813 0.327341965030878
0.813035116816318 0.347849877183238
0.181776765630457 0.328825117350474
0.00518811755322443 0.323325005466288
0.7299845606547 0.346963652418884
0.266718899947699 0.328734956196697
0.00329653939760035 0.324301391384419
0.66777863210695 0.332745527931676
0.329648960163426 0.343829258348611
0.00257240772962415 0.323425213719713
0.747271954697031 0.334923180227562
0.249131632487666 0.334558568598475
0.00359641281530421 0.330518251173964
0.678845591223725 0.329828180661559
0.318595578799337 0.350974213835609
0.00255882997693708 0.319197605502832
0.677178041062377 0.330616188372667
0.320230417618778 0.327674281327938
0.00259154131884381 0.341709530299396
0.731148429714096 0.332266047171756
0.26545481540883 0.327907474951808
0.0033967548770748 0.339826477876436
0.670676435566551 0.332281690358655
0.326749203751173 0.334059418468741
0.00257436068227691 0.333658891172605
0.703839111808459 0.343014022638196
0.293245437121316 0.329720754939159
0.00291545107022515 0.327265222422645
0.750158082310614 0.351589774936909
0.245957814841297 0.342839486736406
0.00388410284808793 0.305570738326686
0.666132820489085 0.324560883063098
0.331340645514204 0.332215191842432
0.00252653399671147 0.34322392509447
0.780336964372083 0.317131049172227
0.215365251529291 0.34154411557641
0.00429778409862504 0.341324835251363
0.82962891965952 0.324822757492581
0.164812655233718 0.34355548601892
0.00555842510676273 0.331621756488499
0.695248426073931 0.345360227858734
0.301866992708381 0.323231655746155
0.00288458121768695 0.331408116395111
0.829563011488461 0.335127993046198
0.164457671701465 0.331553049203308
0.00597931681007418 0.333318957750494
0.782732441489984 0.338648207875253
0.212790070598265 0.346362243654123
0.00447748791175128 0.314989548470623
0.772202918391102 0.329030469512687
0.223734002453692 0.332797921772607
0.00406307915520634 0.338171608714705
0.772646684721666 0.341194269735557
0.223535584097707 0.32788684051108
0.00381773118062647 0.330918889753364
0.795111145495404 0.329595249066458
0.199858550087132 0.327287672458378
0.00503030441746474 0.343117078475164
0.741654287007219 0.334456211289853
0.254962569141306 0.326013750212569
0.00338314385147391 0.339530038497578
0.774314933079882 0.333753042148214
0.221573373226639 0.329996690387591
0.00411169369347874 0.336250267464195
0.792845220625374 0.32589391517532
0.202677716633225 0.339442897917096
0.00447706274140127 0.334663186907584
0.605228822446218 0.33193957732968
0.392878957384623 0.341958340362675
0.00189222016915957 0.326102082307646
0.77228545386351 0.336583739112711
0.22378531719049 0.338585347509476
0.00392922894599993 0.324830913377812
0.745046597832084 0.332330919925926
0.251298971523957 0.343940719153072
0.00365443064395703 0.323728360921002
0.675401418171256 0.329641049402079
0.321972725775065 0.326384092096338
0.00262585605367814 0.343974858501583
0.801142282768262 0.324001575312643
0.193917604476573 0.348472139801316
0.00494011275516525 0.327526284886041
0.741009023716975 0.319289730751484
0.255338109909613 0.342591845886112
0.00365286637341258 0.338118423362403
0.679846259209177 0.316109917764396
0.317561429921709 0.347359358432991
0.00259231086911432 0.336530723802613
0.740660124239285 0.330767764168494
0.255825654076942 0.318128601634796
0.00351422168377295 0.35110363419671
0.795761318595547 0.334728797999351
0.199277661683619 0.335464177455984
0.00496101972083283 0.329807024544665
0.768099124693222 0.33471966022502
0.227918494798571 0.321072362089585
0.00398238050820749 0.344207977685394
0.769155939430857 0.328667656027986
0.226726735360129 0.339431448221042
0.00411732520901513 0.331900895750972
0.820392349226854 0.332236866946675
0.174031093746675 0.345367716496348
0.00557655702647015 0.322395416556976
0.696009223081894 0.335224965982219
0.301280096026943 0.327516683827278
0.00271068089116392 0.337258350190503
0.792160516504479 0.331099005334884
0.203241875247826 0.328691363241271
0.00459760824769482 0.340209631423846
0.80613959875974 0.33893360906604
0.188860724447123 0.333966932159228
0.004999676793136 0.327099458774731
0.642499518661662 0.323638572025978
0.355305146074585 0.338306708758005
0.00219533526375255 0.338054719216017
0.764665089793569 0.334274266200551
0.231204455795791 0.33026802556982
0.00413045441064146 0.335457708229629
0.625596817285219 0.340124850804518
0.372206404136 0.3194126247292
0.00219677857878092 0.340462524466282
0.77328937994098 0.334270871968598
0.222610611600323 0.33643773379099
0.00410000845869703 0.329291394240412
0.686784237755006 0.331064824048742
0.310331824706172 0.333092887544478
0.00288393753882067 0.33584228840678
0.717860751702394 0.323921583193899
0.279053584292732 0.336214529728102
0.00308566400487483 0.339863887077999
0.661514333984868 0.350893287294183
0.33619151943106 0.309752195682915
0.0022941465840722 0.339354517022901
0.814138223083219 0.333856725551325
0.180344940897893 0.331604750556057
0.00551683601888802 0.334538523892617
0.684939681744879 0.329267981619198
0.312481239032014 0.336500606010236
0.00257907922310732 0.334231412370566
0.815602442511975 0.358246953795409
0.179184702196606 0.322046211956887
0.00521285529141855 0.319706834247704
0.819139524196224 0.338251145333791
0.17549991975507 0.324717251091338
0.00536055604870573 0.33703160357487
0.854941616635646 0.332537597485157
0.138063485024308 0.338864147179099
0.00699489834004482 0.328598255335745
0.831519397710794 0.324722150836752
0.162087849420908 0.327388520095168
0.00639275286829828 0.347889329068079
0.638682880384087 0.332589277079629
0.359020296782989 0.331852932550398
0.00229682283292363 0.335557790369973
0.699766982990191 0.329805831151604
0.297245430212666 0.332129382741613
0.00298758679714268 0.338064786106783
0.760630057805459 0.341972026919529
0.235424387302343 0.328688595029453
0.00394555489219726 0.329339378051017
0.754441620635991 0.335295873802849
0.241519081983 0.336897689240479
0.0040392973810099 0.327806436956672
0.794082304333706 0.337189060740752
0.201389598745132 0.327312250222477
0.00452809692116271 0.33549868903677
0.691682407677222 0.32646563403604
0.305611805625145 0.33054273478192
0.0027057866976343 0.342991631182041
0.751379691930662 0.335494521204864
0.244744157425049 0.32965895809794
0.00387615064428997 0.334846520697196
0.854978443478086 0.335805805096026
0.138073010071525 0.321749515399194
0.00694854645038895 0.342444679504779
0.664436796098497 0.335076449950223
0.333016773996704 0.337461565824198
0.00254642990479887 0.327461984225579
0.705003695854842 0.357206730540156
0.29217215195452 0.316012380425547
0.0028241521906372 0.326780889034297
0.744928425077901 0.347550528731314
0.251391689314088 0.330786798618199
0.00367988560800992 0.321662672650488
0.768940998391459 0.327530624176837
0.227039583886342 0.33369696662958
0.00401941772219892 0.338772409193584
0.726160093858226 0.335197921386835
0.270613715556458 0.332240720282837
0.00322619058531664 0.332561358330328
0.664568821524537 0.331402601174807
0.33289541415916 0.333647812782981
0.00253576431630265 0.334949586042211
0.663810592615904 0.329777113945722
0.333766537066613 0.33242397879817
0.00242287031748317 0.337798907256108
0.842586805155489 0.332065604998806
0.151040836140652 0.323902279461168
0.00637235870386006 0.344032115540026
0.683802610174824 0.324098983543787
0.313370560772497 0.339579995162098
0.0028268290526797 0.336321021294115
0.642926156813181 0.325435385883326
0.35496238583371 0.344174846177337
0.00211145735310737 0.330389767939337
0.658463146063139 0.340345450216987
0.33913232637958 0.331152201554353
0.00240452755728109 0.328502348228659
0.65837040509117 0.324827712899255
0.339372372272198 0.331700191077865
0.00225722263663238 0.34347209602288
0.687671561431823 0.338672696657123
0.309366330167771 0.327379849017274
0.00296210840040501 0.333947454325603
0.806838294586499 0.345089412680713
0.188274053524207 0.334448306814831
0.00488765188929406 0.320462280504455
0.792631232577403 0.333684540625638
0.202489273497824 0.327913967513162
0.00487949392477105 0.3384014918612
0.825274339155955 0.337262880911377
0.169164360856399 0.32018886625255
0.00556129998764445 0.342548252836073
0.786209971601164 0.336869382636294
0.209282704251044 0.335778081627431
0.00450732414779202 0.327352535736276
0.669556487859411 0.337099218300233
0.327886314660831 0.345841961287511
0.00255719747975733 0.317058820412255
0.79988774811266 0.336055065382156
0.19516966446406 0.339578876252898
0.00494258742327952 0.324366058364945
-999 -999
-999 -999
-999 -999
-999 -999
-999 -999
-999 -999
