0.514765402705777 0.759244232756711
0.4120832921638 0.21825409779089
0.0731513051304289 0.0225016694524081
0.486147964774432 0.222807002322916
0.499647090562519 0.696168509833293
0.0142049446630518 0.0810244878437896
0.726672847554977 0.739541810846947
0.255947812399912 0.260384806920456
0.0173793400451068 7.33822326063894e-05
0.556586304691835 0.352885338763563
0.424472537657283 0.646040835688834
0.0189411576508878 0.00107382554761149
0.484012578874229 0.347247051047272
0.473177089448332 0.630671622475699
0.0428103316774291 0.0220813264770234
0.371683394899583 0.2820668523893
0.60325291969194 0.686288145737927
0.0250636854084863 0.031645001872781
0.580816546473797 0.590343912463892
0.380380377529036 0.394916016342676
0.0388030759971594 0.0147400711934278
0.454462480049853 0.444391762359161
0.528371392842571 0.542437727291218
0.0171661271075866 0.0131705103496119
0.74066211305558 0.722912996652096
0.247463340187636 0.242506210628674
0.0118745467567781 0.0345807927192399
0.692716768910148 0.76315670588873
0.301647263812533 0.23481096631776
0.00563596727730429 0.00203232779349876
0.439187784520259 0.389498714256264
0.536277055876054 0.603492203053293
0.0245351596036834 0.00700908269043766
0.470308390210794 0.48797758390612
0.520859246215296 0.475782723187294
0.00883236357390535 0.036239692906581
0.557612077287044 0.519169247699649
0.405782077311015 0.474555878437301
0.0366058454019506 0.00627487386305212
0.678864054067576 0.613751680534225
0.320301756592215 0.349895254566144
0.000834189340201075 0.0363530648996251
0.499477424501791 0.477327103873464
0.493988373697998 0.514893740000958
0.00653420180021864 0.00777915612557112
0.621438946234935 0.602603465949357
0.362370364268051 0.37814063565761
0.0161906894970212 0.0192558983930357
0.355945698751845 0.405248239347167
0.616332347657547 0.566631505394184
0.0277219535905931 0.0281202552586447
0.436812710294195 0.323343781856892
0.550875981406806 0.674269690259115
0.0123113082989963 0.0023865278839843
0.485773315664498 0.431986845078329
0.49106167219168 0.513036745918742
0.0231650121438244 0.0549764090029255
0.686473535856746 0.548155964668696
0.307106071559929 0.399899394483099
0.00642039258333147 0.0519446408482032
0.317984331909548 0.32403449572201
0.660500848792494 0.658395156292613
0.02151481929794 0.0175703479853712
0.42527184751841 0.553253134304996
0.529928269464846 0.432000383442192
0.0447998830167443 0.0147464822528109
0.610623950093836 0.568959938547225
0.384222613685704 0.403347923414305
0.0051534362204624 0.0276921380384606
0.315204223413367 0.392766617262969
0.678283957464383 0.535279608683253
0.00651181912224058 0.0719537740537798
0.520822523911362 0.521719536902069
0.457689365639449 0.463474598380556
0.0214881104492 0.0148058647173846
0.347129047000747 0.268021374557774
0.642646818056093 0.681903639374024
0.010224134943174 0.050074986068197
0.558526894779955 0.480423717340326
0.437982118386339 0.503895748752977
0.00349098683372041 0.0156805339067128
0.39762440804714 0.525428969004338
0.561010987947912 0.45944565500548
0.0413646040049331 0.0151253759901858
0.539880875906517 0.570123865304127
0.45562723741942 0.42924392736342
0.00449188667407218 0.000632207332453342
0.474528093891097 0.447284352805355
0.502584484484832 0.549721438908066
0.0228874216240606 0.00299420828658147
0.370237278749774 0.363294550781101
0.588887650507103 0.634197223888649
0.0408750707431331 0.00250822533023287
0.46069983454966 0.298194865358113
0.536972899174032 0.635449017579719
0.00232726627630431 0.066356117062178
0.555089125021639 0.639736489753943
0.424611892444695 0.346564710113816
0.0202989825336744 0.0136988001322483
0.519711104927462 0.496823703288329
0.444524177680024 0.477821659159512
0.0357647173925206 0.0253546375521623
0.318310515458229 0.345354933623948
0.654019263757267 0.653431920463215
0.0276702207845074 0.00121314591284669
0.567057765650686 0.578184569251887
0.366453043314151 0.395069438328396
0.0664891910351808 0.0267459924197266
0.658224451827195 0.853120151233312
0.274290832349812 0.130043481662777
0.0674847158230045 0.0168363671039023
0.427831839848487 0.487679253166124
0.541568903271412 0.478091589508967
0.0305992568800937 0.0342291573248951
0.26157862777535 0.50964666798264
0.720645456991456 0.440859743867975
0.0177759152331895 0.0494935881493794
0.342424121356834 0.462464083233096
0.631160539302513 0.499417381295923
0.0264153393406588 0.0381185354709954
0.546576768985561 0.65128786182294
0.434325281790284 0.322770688858752
0.0190979492241521 0.0259414493183066
0.547683003189604 0.614445322133534
0.420075066766838 0.344856608807449
0.0322419300435637 0.0406980690590004
0.429723631554505 0.48619253312376
0.534841568661421 0.467015204431751
0.035434799784074 0.0467922624444704
0.400371086041276 0.527032138085421
0.599481109265142 0.431185099999761
0.000147804693571621 0.041782761914817
0.523259082887975 0.661456387486954
0.464977043454228 0.329754123598626
0.011763873657797 0.0087894889144317
0.524854991712179 0.584190810592641
0.417319670756473 0.400041573138617
0.0578253375313385 0.0157676162687471
0.597498659498298 0.597364957453745
0.361328526553336 0.400539107950864
0.0411728139483573 0.00209593459539498
0.34832652179127 0.438955677887355
0.612882263220187 0.522406718345806
0.0387912149885352 0.0386376037668254
0.49685022179671 0.236580263802703
0.490967522898249 0.752299285861834
0.0121822553050237 0.0111204503354614
0.483578190143888 0.507856662749518
0.48019711903531 0.438413769522222
0.0362246908207996 0.0537295677282706
0.417239078987718 0.287970653200979
0.516792290886376 0.69656216942359
0.0659686301258965 0.0154671773754357
0.4371792855456 0.527699276165091
0.559305850416978 0.468051287204067
0.00351486403742355 0.00424943663084229
0.54640186343823 0.466077167865209
0.413476045129812 0.50913107673641
0.0401220914319653 0.0247917553983825
0.369419941500831 0.365938795979956
0.606655351590231 0.626508665201485
0.0239247069089537 0.00755253881854934
0.576432851932903 0.589266791131312
0.391640565409432 0.381103679557251
0.0319265826576742 0.0296295293114274
0.525321066657809 0.654017523273754
0.455801511967763 0.31872464523982
0.0188774213744267 0.0272578314864257
0.454672560693501 0.30323115541932
0.507406164201315 0.677270533102347
0.0379212751051705 0.0194983114783245
0.668702562312616 0.624941189799316
0.328328639676521 0.341799448831409
0.00296879801086232 0.0332593613692655
0.572908023726487 0.805280881081478
0.358161233591747 0.193384292255897
0.068930742681763 0.00133482666263237
0.496445813363569 0.45037480458626
0.452938699281974 0.497415345752092
0.0506154873544466 0.0522098496616443
0.60596043364632 0.544709731781369
0.392198471827446 0.447415034763842
0.00184109452622113 0.00787523345478823
0.478649760411655 0.570657775916289
0.499104196362738 0.403267745997805
0.0222460432256067 0.0260744780859042
0.641760988852796 0.81212905083828
0.355163822383851 0.172706597834956
0.00307518876336249 0.0151643513267649
0.371277945543317 0.365103346673115
0.62735347622072 0.629830320760661
0.00136857823595846 0.00506633256623356
0.386402461889986 0.580727322304771
0.607985464243981 0.414278447214184
0.00561207386604588 0.00499423048103465
0.457253568770439 0.417527987615944
0.506495888896954 0.556644481476086
0.0362505423325991 0.0258275309079704
0.341040962357794 0.374158081970734
0.645437258590629 0.608278226776281
0.0135217790515759 0.0175636912529899
0.444812412834003 0.543784007317511
0.55105538018529 0.420800942800514
0.00413220698069829 0.0354150498819806
0.539894263631421 0.549974095540576
0.436105932644409 0.444523686780827
0.0239998037241801 0.00550221767858665
0.632726839554433 0.70629633881351
0.341907929178826 0.273451458625523
0.025365231266754 0.020252202560965
0.376279483324253 0.302858500600841
0.605923814460876 0.613745148084221
0.0177967022148824 0.0833963513149314
0.603247515101953 0.595257059358756
0.360791596114742 0.383912744466931
0.0359608887833041 0.0208301961743076
0.447302601579151 0.641793529883827
0.497300073446691 0.353673731405219
0.055397324974168 0.0045327387109664
0.405345069939379 0.283986941814129
0.554798252592362 0.701444926524728
0.0398566774682641 0.0145681316611483
0.476894140833924 0.591862682905799
0.521340230236787 0.372996740123993
0.00176562892927979 0.0351405769702113
0.510130267858455 0.763897670291735
0.482614573843209 0.23390546472109
0.00725515829833809 0.00219686498716931
0.605356827394245 0.532840214251049
0.378355589190812 0.434412867009014
0.0162875834149484 0.032746918739945
0.404414531518512 0.50906233385092
0.538222854474541 0.472159547141071
0.057362614006955 0.0187781190080169
0.454970108823105 0.439217317560919
0.533434524395188 0.549387469935031
0.0115953667817113 0.0113952125040383
0.429488028790899 0.669966886121247
0.5579555683608 0.328058756047655
0.0125564028482971 0.00197435783109534
0.375979785996341 0.337476871369342
0.618526313222052 0.652661841313843
0.0054939007815972 0.00986128731680646
0.493571953653713 0.420589314841624
0.458552486143166 0.531864349334743
0.0478755602031178 0.0475463358236226
0.701214274663408 0.896013131637235
0.242237264171301 0.0926752782660575
0.0565484611652918 0.0113115900966985
0.396815788887755 0.524477736096383
0.591139601480222 0.417424910315938
0.0120446096320166 0.0580973535876907
0.508615463629229 0.631251040590597
0.44349015501071 0.345457595078223
0.0478943813600522 0.0232913643311845
0.428537960277161 0.513361510340715
0.524646046778558 0.453768644203551
0.0468159929442772 0.0328698454557248
0.659715095461593 0.59775259118544
0.325890898329539 0.364887631794975
0.0143940062088603 0.0373597770195878
0.576653936402579 0.595351453708077
0.382932219176803 0.393796728580525
0.040413844420616 0.0108518177113968
0.627678280867642 0.624005024887356
0.354503399273792 0.362033541254707
0.0178183198585749 0.0139614338579436
0.446817168375849 0.404943737886815
0.541990442623274 0.570143876794035
0.0111923890008665 0.0249123853191372
0.335101936877606 0.487814865859302
0.662227571703056 0.50702289325056
0.00267049141933768 0.00516224089015449
0.510422940563939 0.446167198143411
0.457942888236744 0.524415210917442
0.0316341711993193 0.0294175909391435
0.52115629807895 0.473641764453688
0.462866882357426 0.509570111946616
0.0159768195636318 0.0167881235996975
0.534290687199818 0.607177989177732
0.447453317595696 0.358437312940258
0.0182559952044842 0.0343846978820014
0.503183413447515 0.753831566105863
0.455441478088802 0.232694989202705
0.0413751084636827 0.013473444691444
0.644995120196892 0.829502015356332
0.339412254728725 0.14494585061956
0.0155926250743809 0.0255521340241103
0.443553373011432 0.6168180066894
0.510365278916043 0.382194823609893
0.0460813480725116 0.000987169700716302
0.587960336046475 0.720179884452186
0.404806253603961 0.279036726588088
0.00723341034957237 0.000783388959724529
0.470799449750415 0.51603070842447
0.520521381325636 0.398857923557915
0.00867916892395477 0.085111368017612
0.59098742595711 0.628092404002131
0.39615588738767 0.345519713728968
0.0128566866552246 0.0263878822689098
0.530617512681959 0.467428343275328
0.430727094263111 0.516759686504826
0.0386553930549172 0.0158119702198546
0.617549722493845 0.616246109649066
0.359644509949987 0.352912205688534
0.0228057675561643 0.0308416846624093
0.439517428398351 0.343002508773855
0.541947489773394 0.602525925043836
0.0185350818282509 0.0544715661823051
0.445327751203384 0.354669153619339
0.496323060799568 0.636738596581832
0.0583491879970459 0.00859224979884216
0.579972148608988 0.631309000967637
0.353675134580107 0.342318778575816
0.0663527168108991 0.0263722204565401
0.487029820998937 0.657318996480443
0.502118507505046 0.334803497700074
0.0108516714960176 0.00787750581949347
0.342088687489371 0.471080957564467
0.653693814479695 0.488739910740659
0.00421749803093973 0.0401791316948781
0.355603728877383 0.502556660446094
0.639579361696533 0.49681462938281
0.00481690942607693 0.000628710171091076
0.409191064305611 0.537758010093227
0.559043440578822 0.423203743686822
0.0317654951155714 0.0390382462199625
0.34867613670224 0.446654678917638
0.614786511981935 0.537391493826406
0.0365373513158315 0.0159538272559683
0.439312544695595 0.33268634502093
0.534053993424432 0.63399094938836
0.0266334618799784 0.0333227055907199
0.515921636490689 0.538859103509293
0.477738033536985 0.418539612004701
0.00634032997232134 0.0426012844860084
0.482217273038274 0.365207406560047
0.469831279001577 0.619635485331071
0.047951447960152 0.0151571081088728
0.389445411051044 0.367673726131083
0.60198801529265 0.585279829404729
0.00856657365629587 0.0470464444641792
0.648807715712625 0.741654142362778
0.329943707352838 0.221245319309864
0.0212485769345334 0.0371005383273724
0.594852176345386 0.722005265599892
0.381834533883767 0.270079514272537
0.0233132897708475 0.00791522012757457
0.473523869187037 0.527144257427377
0.471155584380976 0.405082849016533
0.0553205464319861 0.067772893556098
0.620802768433964 0.663664107066882
0.346515773055784 0.29654979499054
0.0326814585102644 0.039786097942585
0.41815265948806 0.258346368405626
0.556772610865945 0.72935295795094
0.0250747296460006 0.0123006736434233
0.435828007694964 0.449919292404502
0.497562493637602 0.505176410057625
0.0666094986674373 0.0449042975378799
0.563053488171928 0.674996982829056
0.431718817911795 0.309167756082097
0.00522769391628463 0.0158352610888434
0.279012379160888 0.280216548155181
0.665769965466379 0.696934992605507
0.0552176553727358 0.0228484592393293
0.520140201748238 0.493282465645375
0.469640045927818 0.489110078939671
0.010219752323934 0.0176074554149696
0.38396670964617 0.284282099672417
0.607757656268135 0.699602146211068
0.00827563408568178 0.0161157541165243
0.336299457643527 0.23610150785899
0.652432182374128 0.750803977752829
0.0112683599823348 0.01309451438818
0.480819845297898 0.671907090531918
0.512554454850698 0.292242179765985
0.00662569985141614 0.0358507297021153
0.442700952537714 0.351818412520514
0.516171545618538 0.633824440774393
0.0411275018437473 0.0143571467050875
0.512456585035906 0.424412501577799
0.48646688603058 0.469702224730437
0.00107652893352529 0.105885273691769
0.47241531142727 0.512272880524947
0.518901482669893 0.483925712433215
0.00868320590283275 0.00380140704184658
0.385917092189367 0.408640482131966
0.571787807358191 0.571874301674212
0.0422951004524389 0.0194852161938095
0.481532438377727 0.447569107430771
0.484527382268373 0.55107345488396
0.0339401793538874 0.00135743768527518
0.466181293721869 0.524522984036822
0.525425961615794 0.455070331401093
0.00839274466233865 0.0204066845620739
0.515760379366882 0.272401789299068
0.480151845138053 0.681886182921352
0.00408777549506879 0.0457120277795765
0.264922751472711 0.381666518928076
0.707784630518291 0.605870946237534
0.02729261800899 0.0124625348343822
0.345248775115403 0.378161112227839
0.65220742750374 0.613518831351328
0.00254379738087213 0.00832005642082036
0.470121107533487 0.490627213324544
0.473535132131033 0.480372415603161
0.056343760335482 0.0290003710722919
0.338020599084783 0.219178147261981
0.629979597534483 0.778880123317937
0.0319998033807423 0.00194172942006848
0.522611101514414 0.654790927111277
0.464012164354866 0.338276491856143
0.0133767341307328 0.00693258103257074
0.313870969406594 0.38383889005388
0.619496043492191 0.596778110641663
0.0666329871012011 0.0193829993044491
0.452381911714208 0.432026303460299
0.523512064019652 0.520459993487915
0.0241060242661521 0.0475137030517977
0.378595821070918 0.371154322074284
0.616854183904036 0.627383249927444
0.00454999502503428 0.00146242799828798
0.465770870877747 0.307562408086602
0.52002003939414 0.689001516010141
0.0142090897281109 0.00343607590325855
0.560390812872696 0.544547952134093
0.415799464953843 0.416566920446294
0.0238097221734677 0.0388851274196256
0.540109874687118 0.516708027073212
0.404144101186428 0.4634800715292
0.055746024126461 0.0198119013975847
0.48839889324849 0.418451921836988
0.489714803963792 0.526445260697147
0.0218863027877201 0.0551028174658609
0.497881073172038 0.391423331884994
0.476188500031695 0.606619332153102
0.0259304267962758 0.00195733596191467
0.437610220585042 0.294821130951446
0.486809529682016 0.65076645552233
0.075580249732953 0.0544124135262289
0.574337471117471 0.552371836160047
0.391886834768439 0.432900172516021
0.0337756941140943 0.0147279913239333
0.445704630971363 0.421656427104665
0.539813907153201 0.569761501952083
0.0144814618754355 0.00858207094326444
0.440458600208805 0.595632302964646
0.538155231255741 0.322218640629922
0.0213861685354604 0.0821490564054338
0.473572007594062 0.404729706460484
0.507958886493502 0.56249101925863
0.0184691059124198 0.0327792742808866
0.700598090606152 0.44894044488547
0.279920243917787 0.507876859211465
0.0194816654760555 0.0431826959030623
0.526324650388237 0.161796955358223
0.435352694786669 0.83808909806676
0.0383226548250917 0.000113946575027348
0.551387737742589 0.530144686519915
0.427120139752559 0.45502265171812
0.021492122504844 0.0148326617619715
0.614224207556859 0.661675730365457
0.350708345679745 0.329148397366617
0.0350674467633885 0.009175872267938
0.395657418122368 0.622483908742381
0.549978701815239 0.350309743942806
0.0543638800623849 0.0272063473148056
0.531287392450947 0.47512219373347
0.463052840778441 0.483903863072778
0.00565976677062433 0.0409739431937553
0.579234535763804 0.436664757399947
0.412960175924188 0.546446887811145
0.0078052883120125 0.0168883547889128
0.360356117863882 0.357811697808535
0.630384213060551 0.595921047121877
0.00925966907557373 0.0462672550695736
0.554232001508994 0.528771078054941
0.4024117990266 0.462182690288232
0.0433561994643916 0.00904623165683027
0.543766526005568 0.631545484787922
0.45048881241699 0.356346050545432
0.00574466157745206 0.0121084646666329
0.647137937802358 0.732148029343006
0.338574475245562 0.240471893829776
0.0142875869520901 0.0273800768272207
0.551473705337587 0.471651303966381
0.425866084160532 0.457697450530873
0.0226602105018685 0.0706512455027506
0.65852432196236 0.518380503291781
0.311394325327909 0.458303166170613
0.0300813527097468 0.0233163305375982
0.516664511487871 0.609037893398792
0.469213632447652 0.356193849270995
0.0141218560644772 0.0347682573302198
0.593053354693435 0.618630337590062
0.390400572500049 0.380007594586725
0.0165460728065238 0.00136206782320255
0.411866183807511 0.495745875374387
0.541716688189966 0.45620122107512
0.0464171280025246 0.0480529035504838
0.498505746962165 0.420692560158955
0.492487055161401 0.556816241509567
0.00900719787644278 0.0224911983314829
0.627113894441595 0.817032533830118
0.351132832358953 0.144259351481638
0.0217532731994615 0.0387081146882371
0.575840121314415 0.639351457295458
0.403480154963212 0.330644028654976
0.0206797237223646 0.0300045140495572
0.551735829573078 0.465703850529167
0.408650609134616 0.519306683606387
0.0396135612923017 0.0149894658644425
0.576344277425237 0.37507962713454
0.385101539299091 0.584186886345321
0.0385541832756644 0.0407334865201392
0.369618250436531 0.285559106037389
0.579482193482489 0.710026569340369
0.0508995560809716 0.00441432462223644
0.49325537170228 0.540254202291241
0.491475545873301 0.421444202172815
0.0152690824244086 0.038301595535941
0.288854023497807 0.453788937035127
0.690668984371366 0.528517038275655
0.0204769921308224 0.0176940246892129
0.544433007275034 0.697503597013793
0.455450131513183 0.265436744513749
0.000116861211779839 0.0370596584724546
0.672468544802717 0.556993793842939
0.296329850310422 0.364326834813203
0.0312016048868632 0.0786793713438456
0.351118652832385 0.403709176024053
0.639878913075674 0.550284499742983
0.00900243409194276 0.0460063242329688
0.398880981736453 0.300502317241239
0.589856552428103 0.66538042318662
0.0112624658354494 0.0341172595721313
0.352894285652631 0.33947354376585
0.612332950254544 0.643630666167792
0.0347727640928177 0.0168957900663468
0.46272242582963 0.199432241786779
0.531979883229156 0.77390010267111
0.00529769094120394 0.0266676555421057
0.60575962314756 0.698141471435735
0.343726620995879 0.272200586144344
0.0505137558565609 0.0296579424199341
0.700266507134921 0.805190980428656
0.281386474641207 0.151658608054035
0.0183470182238762 0.0431504115173098
0.596474590898299 0.467860017283613
0.382432615435937 0.520071545899231
0.021092793665769 0.012068436817149
0.518794601955379 0.601526408500479
0.453077922136271 0.352390876181156
0.0281274759083582 0.046082715318367
0.440344075821331 0.776619743129222
0.559131648763996 0.210441972740426
0.000524275414662114 0.0129382841303572
0.374290524774495 0.562764660444433
0.614999400230715 0.397703358482994
0.0107100749947851 0.0395319810725716
0.541998419323246 0.596748385881439
0.415399732885947 0.371257494829341
0.0426018477908155 0.0319941192892156
0.330507234937648 0.445250838281405
0.643663098135504 0.552187802349468
0.02582966692685 0.00256135936912758
0.596749130367256 0.708023948618988
0.376912241292644 0.27287171566848
0.0263386283400887 0.0191043357125321
0.562331825466132 0.569977912713402
0.426155488446438 0.398963862096063
0.0115126860874237 0.0310582251905307
0.61365074261886 0.608856932069613
0.350526501314671 0.336928930896874
0.0358227560664692 0.0542141370335182
0.535961719407894 0.391976011887385
0.459600382863546 0.606584584498125
0.0044378977285611 0.00143940361449111
0.429112967883136 0.225560653656894
0.546397452672295 0.757870057698366
0.0244895794445708 0.0165692886447478
0.503750975163204 0.589898423033446
0.472899682757051 0.402448418542177
0.0233493420797292 0.00765315842438065
0.587457009431247 0.408006117691742
0.396625964030231 0.55449176300702
0.0159170265385301 0.0375021193012436
0.452105006403201 0.426795436510378
0.523600604286728 0.560866952912473
0.0242943893100783 0.0123376105771561
0.430686130952701 0.5469040891366
0.533442339084174 0.419163393593464
0.035871529963125 0.0339325172699433
0.412029988719631 0.608639670369755
0.532394185190241 0.37164041948637
0.055575826090127 0.019719910143882
0.517127358633615 0.481473980413668
0.418679481902587 0.514732773856494
0.0641931594637985 0.00379324572984444
-999 -999
-999 -999
-999 -999
-999 -999
-999 -999
-999 -999
