0.722001391414378 0.350179180781472 -999 -999 -999 -999 -999 -999 -999 -999
0.274633293505324 0.327824969476362 -999 -999 -999 -999 -999 -999 -999 -999
0.00336531508029754 0.321995849742166 -999 -999 -999 -999 -999 -999 -999 -999
0.752081606741132 0.332223669960984 -999 -999 -999 -999 -999 -999 -999 -999
0.243859264163211 0.341035008844737 -999 -999 -999 -999 -999 -999 -999 -999
0.00405912909565611 0.326741321194279 -999 -999 -999 -999 -999 -999 -999 -999
0.661523409758252 0.336966022537258 -999 -999 -999 -999 -999 -999 -999 -999
0.335983363779652 0.328232245621539 -999 -999 -999 -999 -999 -999 -999 -999
0.00249322646209675 0.334801731841203 -999 -999 -999 -999 -999 -999 -999 -999
0.823686235093577 0.333566639244024 -999 -999 -999 -999 -999 -999 -999 -999
0.170924826182219 0.354515426161303 -999 -999 -999 -999 -999 -999 -999 -999
0.00538893872420453 0.311917934594673 -999 -999 -999 -999 -999 -999 -999 -999
0.600876809204627 0.348300364462678 -999 -999 -999 -999 -999 -999 -999 -999
0.397299794417946 0.338964056755735 -999 -999 -999 -999 -999 -999 -999 -999
0.00182339637742693 0.312735578781588 -999 -999 -999 -999 -999 -999 -999 -999
0.681877752791829 0.349609735870726 -999 -999 -999 -999 -999 -999 -999 -999
0.315186713598109 0.309390388585915 -999 -999 -999 -999 -999 -999 -999 -999
0.00293553361006179 0.340999875543359 -999 -999 -999 -999 -999 -999 -999 -999
0.889472391667769 0.329911851283942 -999 -999 -999 -999 -999 -999 -999 -999
0.10113923894546 0.327010387097429 -999 -999 -999 -999 -999 -999 -999 -999
0.00938836938677173 0.343077761618628 -999 -999 -999 -999 -999 -999 -999 -999
0.65298878865589 0.328407956758483 -999 -999 -999 -999 -999 -999 -999 -999
0.344631040765971 0.342325907799756 -999 -999 -999 -999 -999 -999 -999 -999
0.00238017057813839 0.32926613544176 -999 -999 -999 -999 -999 -999 -999 -999
0.848053905442982 0.333653020942229 -999 -999 -999 -999 -999 -999 -999 -999
0.145472965608488 0.325904568579332 -999 -999 -999 -999 -999 -999 -999 -999
0.0064731289485304 0.34044241047844 -999 -999 -999 -999 -999 -999 -999 -999
0.638018994380297 0.356078974039501 -999 -999 -999 -999 -999 -999 -999 -999
0.359842534810819 0.324008682115938 -999 -999 -999 -999 -999 -999 -999 -999
0.00213847080888429 0.319912343844561 -999 -999 -999 -999 -999 -999 -999 -999
0.768697628107241 0.30743361080627 -999 -999 -999 -999 -999 -999 -999 -999
0.227085118659355 0.320900090809751 -999 -999 -999 -999 -999 -999 -999 -999
0.00421725323340444 0.371666298383979 -999 -999 -999 -999 -999 -999 -999 -999
0.777554093879422 0.328965453240561 -999 -999 -999 -999 -999 -999 -999 -999
0.217856418435258 0.335705376764385 -999 -999 -999 -999 -999 -999 -999 -999
0.00458948768532001 0.335329169995054 -999 -999 -999 -999 -999 -999 -999 -999
0.706680943128396 0.319286548179586 -999 -999 -999 -999 -999 -999 -999 -999
0.290472497955181 0.334917673572644 -999 -999 -999 -999 -999 -999 -999 -999
0.00284655891642283 0.34579577824777 -999 -999 -999 -999 -999 -999 -999 -999
0.850217249580747 0.354892789224283 -999 -999 -999 -999 -999 -999 -999 -999
0.143012129247211 0.318646975843311 -999 -999 -999 -999 -999 -999 -999 -999
0.00677062117204274 0.326460234932407 -999 -999 -999 -999 -999 -999 -999 -999
0.730692921171362 0.32913040774339 -999 -999 -999 -999 -999 -999 -999 -999
0.265680123675084 0.350819117054923 -999 -999 -999 -999 -999 -999 -999 -999
0.00362695515355385 0.320050475201687 -999 -999 -999 -999 -999 -999 -999 -999
0.836178411025555 0.324732792025488 -999 -999 -999 -999 -999 -999 -999 -999
0.157976683393175 0.347092246195423 -999 -999 -999 -999 -999 -999 -999 -999
0.00584490558127049 0.328174961779089 -999 -999 -999 -999 -999 -999 -999 -999
0.694843315169277 0.332712046488485 -999 -999 -999 -999 -999 -999 -999 -999
0.302084887863712 0.33162130358258 -999 -999 -999 -999 -999 -999 -999 -999
0.00307179696701046 0.335666649928935 -999 -999 -999 -999 -999 -999 -999 -999
0.647339206910903 0.331471742778015 -999 -999 -999 -999 -999 -999 -999 -999
0.35050245043288 0.32731064525398 -999 -999 -999 -999 -999 -999 -999 -999
0.00215834265621743 0.341217611968004 -999 -999 -999 -999 -999 -999 -999 -999
0.782986923248399 0.337050356756232 -999 -999 -999 -999 -999 -999 -999 -999
0.21259871759745 0.326783956626406 -999 -999 -999 -999 -999 -999 -999 -999
0.00441435915415007 0.336165686617361 -999 -999 -999 -999 -999 -999 -999 -999
0.86404751574203 0.336073420130255 -999 -999 -999 -999 -999 -999 -999 -999
0.127279237236419 0.345897800436262 -999 -999 -999 -999 -999 -999 -999 -999
0.00867324702155139 0.318028779433483 -999 -999 -999 -999 -999 -999 -999 -999
0.730505397198404 0.328310891283069 -999 -999 -999 -999 -999 -999 -999 -999
0.26612359229316 0.334096469567783 -999 -999 -999 -999 -999 -999 -999 -999
0.00337101050843665 0.337592639149148 -999 -999 -999 -999 -999 -999 -999 -999
0.761332709818687 0.326665936278942 -999 -999 -999 -999 -999 -999 -999 -999
0.234635719480635 0.342807367121469 -999 -999 -999 -999 -999 -999 -999 -999
0.00403157070067731 0.330526696599589 -999 -999 -999 -999 -999 -999 -999 -999
0.670869646470608 0.348587896581588 -999 -999 -999 -999 -999 -999 -999 -999
0.326769810882999 0.316540119826682 -999 -999 -999 -999 -999 -999 -999 -999
0.00236054264639407 0.33487198359173 -999 -999 -999 -999 -999 -999 -999 -999
0.781900961411008 0.319305124597467 -999 -999 -999 -999 -999 -999 -999 -999
0.213315574201052 0.343293930789535 -999 -999 -999 -999 -999 -999 -999 -999
0.00478346438794038 0.337400944612997 -999 -999 -999 -999 -999 -999 -999 -999
0.679912482982546 0.335189615245127 -999 -999 -999 -999 -999 -999 -999 -999
0.317646283071943 0.327373909210703 -999 -999 -999 -999 -999 -999 -999 -999
0.00244123394551048 0.33743647554417 -999 -999 -999 -999 -999 -999 -999 -999
0.67695468243591 0.326496053474831 -999 -999 -999 -999 -999 -999 -999 -999
0.320564998835522 0.328671962286114 -999 -999 -999 -999 -999 -999 -999 -999
0.00248031872856823 0.344831984239055 -999 -999 -999 -999 -999 -999 -999 -999
0.673084896080904 0.35321240970738 -999 -999 -999 -999 -999 -999 -999 -999
0.324468126252405 0.325020906072353 -999 -999 -999 -999 -999 -999 -999 -999
0.00244697766669037 0.321766684220267 -999 -999 -999 -999 -999 -999 -999 -999
0.662372962368607 0.347236536645058 -999 -999 -999 -999 -999 -999 -999 -999
0.335344025826335 0.336661790095752 -999 -999 -999 -999 -999 -999 -999 -999
0.00228301180505795 0.31610167325919 -999 -999 -999 -999 -999 -999 -999 -999
0.703213037372499 0.32778025152118 -999 -999 -999 -999 -999 -999 -999 -999
0.293886423472752 0.336847736674538 -999 -999 -999 -999 -999 -999 -999 -999
0.00290053915474784 0.335372011804282 -999 -999 -999 -999 -999 -999 -999 -999
0.770641710579758 0.320476020246406 -999 -999 -999 -999 -999 -999 -999 -999
0.225115289962264 0.351119561435385 -999 -999 -999 -999 -999 -999 -999 -999
0.00424299945797868 0.328404418318209 -999 -999 -999 -999 -999 -999 -999 -999
0.768863452765305 0.331458131126439 -999 -999 -999 -999 -999 -999 -999 -999
0.226800828526748 0.341019964510421 -999 -999 -999 -999 -999 -999 -999 -999
0.0043357187079473 0.32752190436314 -999 -999 -999 -999 -999 -999 -999 -999
0.702814590888585 0.346252268392315 -999 -999 -999 -999 -999 -999 -999 -999
0.293992239333304 0.328300730599285 -999 -999 -999 -999 -999 -999 -999 -999
0.00319316977810946 0.3254470010084 -999 -999 -999 -999 -999 -999 -999 -999
0.789521375980305 0.324823665824501 -999 -999 -999 -999 -999 -999 -999 -999
0.205873745451203 0.342990596310464 -999 -999 -999 -999 -999 -999 -999 -999
0.00460487856849212 0.332185737865035 -999 -999 -999 -999 -999 -999 -999 -999
0.78813722822001 0.326274743118086 -999 -999 -999 -999 -999 -999 -999 -999
0.206970574912351 0.33480343250774 -999 -999 -999 -999 -999 -999 -999 -999
0.00489219686763919 0.338921824374174 -999 -999 -999 -999 -999 -999 -999 -999
0.710004462521515 0.339649826643323 -999 -999 -999 -999 -999 -999 -999 -999
0.286818009884182 0.335392529263537 -999 -999 -999 -999 -999 -999 -999 -999
0.00317752759430358 0.324957644093141 -999 -999 -999 -999 -999 -999 -999 -999
0.730234182742844 0.312337767426408 -999 -999 -999 -999 -999 -999 -999 -999
0.266202024506615 0.320778193669145 -999 -999 -999 -999 -999 -999 -999 -999
0.00356379275054147 0.366884038904447 -999 -999 -999 -999 -999 -999 -999 -999
0.793424390506564 0.3269133018855 -999 -999 -999 -999 -999 -999 -999 -999
0.201471598234439 0.333550323758629 -999 -999 -999 -999 -999 -999 -999 -999
0.00510401125899698 0.339536374355871 -999 -999 -999 -999 -999 -999 -999 -999
0.750247573072181 0.313926529464184 -999 -999 -999 -999 -999 -999 -999 -999
0.246147813513114 0.32788858644589 -999 -999 -999 -999 -999 -999 -999 -999
0.0036046134147051 0.358184884089926 -999 -999 -999 -999 -999 -999 -999 -999
0.811572530050168 0.338292943334539 -999 -999 -999 -999 -999 -999 -999 -999
0.18295847544491 0.314626481762541 -999 -999 -999 -999 -999 -999 -999 -999
0.00546899450492179 0.34708057490292 -999 -999 -999 -999 -999 -999 -999 -999
0.770032984635127 0.325697841578077 -999 -999 -999 -999 -999 -999 -999 -999
0.225604513631955 0.326140262172562 -999 -999 -999 -999 -999 -999 -999 -999
0.00436250173291811 0.348161896249361 -999 -999 -999 -999 -999 -999 -999 -999
0.842971782655947 0.34402977980897 -999 -999 -999 -999 -999 -999 -999 -999
0.150104852279482 0.343129271219642 -999 -999 -999 -999 -999 -999 -999 -999
0.00692336506457141 0.312840948971388 -999 -999 -999 -999 -999 -999 -999 -999
0.687031346492882 0.324352315683975 -999 -999 -999 -999 -999 -999 -999 -999
0.310420304052577 0.337821124480514 -999 -999 -999 -999 -999 -999 -999 -999
0.00254834945454083 0.33782655983551 -999 -999 -999 -999 -999 -999 -999 -999
0.790988260412236 0.325637207597117 -999 -999 -999 -999 -999 -999 -999 -999
0.204231319250198 0.321965251182208 -999 -999 -999 -999 -999 -999 -999 -999
0.00478042033756602 0.352397541220676 -999 -999 -999 -999 -999 -999 -999 -999
0.757585722183283 0.345829598102951 -999 -999 -999 -999 -999 -999 -999 -999
0.238426811875623 0.322700294682811 -999 -999 -999 -999 -999 -999 -999 -999
0.00398746594109396 0.331470107214238 -999 -999 -999 -999 -999 -999 -999 -999
0.760199540647935 0.335207691005331 -999 -999 -999 -999 -999 -999 -999 -999
0.235620602706358 0.331928699245835 -999 -999 -999 -999 -999 -999 -999 -999
0.00417985664570705 0.332863609748833 -999 -999 -999 -999 -999 -999 -999 -999
0.7927866884782 0.33225529186324 -999 -999 -999 -999 -999 -999 -999 -999
0.202366060443385 0.330278486978473 -999 -999 -999 -999 -999 -999 -999 -999
0.00484725107841579 0.337466221158287 -999 -999 -999 -999 -999 -999 -999 -999
0.776240096334671 0.352926354752311 -999 -999 -999 -999 -999 -999 -999 -999
0.219357094841434 0.335362272182314 -999 -999 -999 -999 -999 -999 -999 -999
0.00440280882389553 0.311711373065374 -999 -999 -999 -999 -999 -999 -999 -999
0.866198480086527 0.314816754423514 -999 -999 -999 -999 -999 -999 -999 -999
0.125705699754635 0.342620841725742 -999 -999 -999 -999 -999 -999 -999 -999
0.00809582015883731 0.342562403850744 -999 -999 -999 -999 -999 -999 -999 -999
0.842106500321905 0.34314850375719 -999 -999 -999 -999 -999 -999 -999 -999
0.151606735311231 0.314482024214204 -999 -999 -999 -999 -999 -999 -999 -999
0.00628676436686365 0.342369472028607 -999 -999 -999 -999 -999 -999 -999 -999
0.761771414593308 0.31192227321889 -999 -999 -999 -999 -999 -999 -999 -999
0.234351560078107 0.343652303134056 -999 -999 -999 -999 -999 -999 -999 -999
0.00387702532858521 0.344425423647055 -999 -999 -999 -999 -999 -999 -999 -999
0.741562132863981 0.334425859290811 -999 -999 -999 -999 -999 -999 -999 -999
0.254910694468163 0.330564715364898 -999 -999 -999 -999 -999 -999 -999 -999
0.0035271726678552 0.335009425344291 -999 -999 -999 -999 -999 -999 -999 -999
0.815588274135372 0.328083399798145 -999 -999 -999 -999 -999 -999 -999 -999
0.178976683777974 0.319613569427392 -999 -999 -999 -999 -999 -999 -999 -999
0.00543504208665483 0.352303030774463 -999 -999 -999 -999 -999 -999 -999 -999
0.757021117781328 0.344694356741389 -999 -999 -999 -999 -999 -999 -999 -999
0.239249363161994 0.330447038267688 -999 -999 -999 -999 -999 -999 -999 -999
0.00372951905667867 0.324858604990923 -999 -999 -999 -999 -999 -999 -999 -999
0.757564599984589 0.341222758520814 -999 -999 -999 -999 -999 -999 -999 -999
0.238323343878039 0.345577788627624 -999 -999 -999 -999 -999 -999 -999 -999
0.00411205613737182 0.313199452851562 -999 -999 -999 -999 -999 -999 -999 -999
0.654314190136712 0.33763466123131 -999 -999 -999 -999 -999 -999 -999 -999
0.343495885679888 0.331078742740605 -999 -999 -999 -999 -999 -999 -999 -999
0.00218992418339986 0.331286596028085 -999 -999 -999 -999 -999 -999 -999 -999
0.858164372214629 0.341728190727387 -999 -999 -999 -999 -999 -999 -999 -999
0.134285089897474 0.33708518744224 -999 -999 -999 -999 -999 -999 -999 -999
0.00755053788789786 0.321186621830374 -999 -999 -999 -999 -999 -999 -999 -999
0.740785698368096 0.349655172995358 -999 -999 -999 -999 -999 -999 -999 -999
0.255565502590688 0.325700381414316 -999 -999 -999 -999 -999 -999 -999 -999
0.00364879904121581 0.324644445590326 -999 -999 -999 -999 -999 -999 -999 -999
0.739105539977579 0.320869199764018 -999 -999 -999 -999 -999 -999 -999 -999
0.257416467407964 0.345096252570799 -999 -999 -999 -999 -999 -999 -999 -999
0.00347799261445794 0.334034547665183 -999 -999 -999 -999 -999 -999 -999 -999
0.829062610221175 0.318826921629714 -999 -999 -999 -999 -999 -999 -999 -999
0.164606422311568 0.335368178094757 -999 -999 -999 -999 -999 -999 -999 -999
0.00633096746725726 0.345804900275529 -999 -999 -999 -999 -999 -999 -999 -999
0.831668429785667 0.323731920806375 -999 -999 -999 -999 -999 -999 -999 -999
0.161751527692834 0.34403999601489 -999 -999 -999 -999 -999 -999 -999 -999
0.00658004252149818 0.332228083178735 -999 -999 -999 -999 -999 -999 -999 -999
0.687934813523841 0.341410152191688 -999 -999 -999 -999 -999 -999 -999 -999
0.309365002630406 0.344544972501109 -999 -999 -999 -999 -999 -999 -999 -999
0.0027001838457531 0.314044875307203 -999 -999 -999 -999 -999 -999 -999 -999
0.802494169754274 0.338732728809116 -999 -999 -999 -999 -999 -999 -999 -999
0.192776389731593 0.329084945406631 -999 -999 -999 -999 -999 -999 -999 -999
0.00472944051413402 0.332182325784253 -999 -999 -999 -999 -999 -999 -999 -999
0.770546299712839 0.341970573904393 -999 -999 -999 -999 -999 -999 -999 -999
0.225444578773705 0.340500680197077 -999 -999 -999 -999 -999 -999 -999 -999
0.00400912151345544 0.317528745898529 -999 -999 -999 -999 -999 -999 -999 -999
0.697020381554599 0.320361810234938 -999 -999 -999 -999 -999 -999 -999 -999
0.300088181370425 0.339000013516251 -999 -999 -999 -999 -999 -999 -999 -999
0.00289143707497548 0.34063817624881 -999 -999 -999 -999 -999 -999 -999 -999
0.769981795485042 0.336170620510275 -999 -999 -999 -999 -999 -999 -999 -999
0.225763118301542 0.335886090926039 -999 -999 -999 -999 -999 -999 -999 -999
0.00425508621341632 0.327943288563685 -999 -999 -999 -999 -999 -999 -999 -999
0.82509143740061 0.325617237075305 -999 -999 -999 -999 -999 -999 -999 -999
0.169539001992841 0.351662134346165 -999 -999 -999 -999 -999 -999 -999 -999
0.00536956060654924 0.32272062857853 -999 -999 -999 -999 -999 -999 -999 -999
0.785973458909881 0.357996098742105 -999 -999 -999 -999 -999 -999 -999 -999
0.209609615978446 0.322460946383026 -999 -999 -999 -999 -999 -999 -999 -999
0.00441692511167385 0.31954295487487 -999 -999 -999 -999 -999 -999 -999 -999
0.74570576837259 0.359384199709444 -999 -999 -999 -999 -999 -999 -999 -999
0.250721084137568 0.317060720460295 -999 -999 -999 -999 -999 -999 -999 -999
0.00357314748984195 0.323555079830261 -999 -999 -999 -999 -999 -999 -999 -999
0.829639951159041 0.311300477701785 -999 -999 -999 -999 -999 -999 -999 -999
0.164226722020705 0.342412511163096 -999 -999 -999 -999 -999 -999 -999 -999
0.0061333268202533 0.346287011135119 -999 -999 -999 -999 -999 -999 -999 -999
0.721631171531404 0.360785579124369 -999 -999 -999 -999 -999 -999 -999 -999
0.274949569791486 0.317389414429182 -999 -999 -999 -999 -999 -999 -999 -999
0.00341925867711059 0.321825006446448 -999 -999 -999 -999 -999 -999 -999 -999
0.68575894982071 0.327209610717417 -999 -999 -999 -999 -999 -999 -999 -999
0.311624146080248 0.34171672321859 -999 -999 -999 -999 -999 -999 -999 -999
0.00261690409904184 0.331073666063993 -999 -999 -999 -999 -999 -999 -999 -999
0.64813887653428 0.32830956181695 -999 -999 -999 -999 -999 -999 -999 -999
0.349610423266155 0.343171088543808 -999 -999 -999 -999 -999 -999 -999 -999
0.00225070019956513 0.328519349639242 -999 -999 -999 -999 -999 -999 -999 -999
0.752107459335873 0.350853354807752 -999 -999 -999 -999 -999 -999 -999 -999
0.243963385996973 0.32828878983101 -999 -999 -999 -999 -999 -999 -999 -999
0.00392915466715431 0.320857855361237 -999 -999 -999 -999 -999 -999 -999 -999
0.724238505103825 0.346789912041566 -999 -999 -999 -999 -999 -999 -999 -999
0.272629595673185 0.331465837850131 -999 -999 -999 -999 -999 -999 -999 -999
0.00313189922299121 0.321744250108304 -999 -999 -999 -999 -999 -999 -999 -999
0.70218107123205 0.34292898061347 -999 -999 -999 -999 -999 -999 -999 -999
0.29502819266806 0.323294364904566 -999 -999 -999 -999 -999 -999 -999 -999
0.00279073609988999 0.333776654481964 -999 -999 -999 -999 -999 -999 -999 -999
0.760928649385601 0.345469162165471 -999 -999 -999 -999 -999 -999 -999 -999
0.235222689841107 0.327128687187925 -999 -999 -999 -999 -999 -999 -999 -999
0.00384866077329176 0.327402150646604 -999 -999 -999 -999 -999 -999 -999 -999
0.755720184978268 0.32994768134528 -999 -999 -999 -999 -999 -999 -999 -999
0.240441757403434 0.328759630007709 -999 -999 -999 -999 -999 -999 -999 -999
0.00383805761829689 0.341292688647011 -999 -999 -999 -999 -999 -999 -999 -999
0.729609501757854 0.333452358239396 -999 -999 -999 -999 -999 -999 -999 -999
0.267094037272118 0.339986587998008 -999 -999 -999 -999 -999 -999 -999 -999
0.00329646097002872 0.326561053762596 -999 -999 -999 -999 -999 -999 -999 -999
0.759675907100296 0.334369318822687 -999 -999 -999 -999 -999 -999 -999 -999
0.236367335586005 0.325726305718743 -999 -999 -999 -999 -999 -999 -999 -999
0.00395675731369926 0.33990437545857 -999 -999 -999 -999 -999 -999 -999 -999
0.706963841984241 0.335248288635733 -999 -999 -999 -999 -999 -999 -999 -999
0.290159930738263 0.332185033756323 -999 -999 -999 -999 -999 -999 -999 -999
0.0028762272774945 0.332566677607945 -999 -999 -999 -999 -999 -999 -999 -999
0.834859355801779 0.346364786931695 -999 -999 -999 -999 -999 -999 -999 -999
0.15935707893534 0.337380596266153 -999 -999 -999 -999 -999 -999 -999 -999
0.0057835652628811 0.316254616802152 -999 -999 -999 -999 -999 -999 -999 -999
0.814266298760884 0.35107492291644 -999 -999 -999 -999 -999 -999 -999 -999
0.180774684315949 0.337931120784489 -999 -999 -999 -999 -999 -999 -999 -999
0.0049590169231658 0.310993956299071 -999 -999 -999 -999 -999 -999 -999 -999
0.730390819877097 0.342267679438906 -999 -999 -999 -999 -999 -999 -999 -999
0.26621342697292 0.318584208063343 -999 -999 -999 -999 -999 -999 -999 -999
0.00339575314998385 0.33914811249775 -999 -999 -999 -999 -999 -999 -999 -999
0.795259926218942 0.334723350803999 -999 -999 -999 -999 -999 -999 -999 -999
0.199594358042149 0.3218579616964 -999 -999 -999 -999 -999 -999 -999 -999
0.00514571573890788 0.343418687499601 -999 -999 -999 -999 -999 -999 -999 -999
0.746502185434856 0.336245037391796 -999 -999 -999 -999 -999 -999 -999 -999
0.249637785069442 0.355670890576061 -999 -999 -999 -999 -999 -999 -999 -999
0.00386002949570188 0.308084072032143 -999 -999 -999 -999 -999 -999 -999 -999
0.871581562596213 0.322582749983181 -999 -999 -999 -999 -999 -999 -999 -999
0.12006635154607 0.341592727724897 -999 -999 -999 -999 -999 -999 -999 -999
0.00835208585771622 0.335824522291922 -999 -999 -999 -999 -999 -999 -999 -999
0.727902303415713 0.341041304932143 -999 -999 -999 -999 -999 -999 -999 -999
0.268510333279349 0.342733241730568 -999 -999 -999 -999 -999 -999 -999 -999
0.00358736330493737 0.316225453337288 -999 -999 -999 -999 -999 -999 -999 -999
0.720709876618126 0.313158651952208 -999 -999 -999 -999 -999 -999 -999 -999
0.276431757548486 0.334910962368297 -999 -999 -999 -999 -999 -999 -999 -999
0.00285836583338783 0.351930385679496 -999 -999 -999 -999 -999 -999 -999 -999
0.779807252190409 0.349659288932974 -999 -999 -999 -999 -999 -999 -999 -999
0.21540554749966 0.332373285352799 -999 -999 -999 -999 -999 -999 -999 -999
0.00478720030993118 0.317967425714227 -999 -999 -999 -999 -999 -999 -999 -999
0.790845740628178 0.343974075604493 -999 -999 -999 -999 -999 -999 -999 -999
0.204565276682331 0.344672253440679 -999 -999 -999 -999 -999 -999 -999 -999
0.0045889826894903 0.311353670954829 -999 -999 -999 -999 -999 -999 -999 -999
0.702292258413571 0.326395364761038 -999 -999 -999 -999 -999 -999 -999 -999
0.294745393641503 0.351263926526535 -999 -999 -999 -999 -999 -999 -999 -999
0.00296234794492548 0.322340708712427 -999 -999 -999 -999 -999 -999 -999 -999
0.73478312074414 0.3370726383351 -999 -999 -999 -999 -999 -999 -999 -999
0.261887820047903 0.334178491951698 -999 -999 -999 -999 -999 -999 -999 -999
0.00332905920795794 0.328748869713203 -999 -999 -999 -999 -999 -999 -999 -999
0.818084655743781 0.316395602784793 -999 -999 -999 -999 -999 -999 -999 -999
0.17631705407586 0.343007655208998 -999 -999 -999 -999 -999 -999 -999 -999
0.00559829018035878 0.340596742006209 -999 -999 -999 -999 -999 -999 -999 -999
0.79016628881114 0.320424927129711 -999 -999 -999 -999 -999 -999 -999 -999
0.204909796164928 0.33583804558343 -999 -999 -999 -999 -999 -999 -999 -999
0.00492391502393228 0.343737027286859 -999 -999 -999 -999 -999 -999 -999 -999
0.755443630705332 0.325990482710245 -999 -999 -999 -999 -999 -999 -999 -999
0.240501127805624 0.334731078539512 -999 -999 -999 -999 -999 -999 -999 -999
0.00405524148904401 0.339278438750242 -999 -999 -999 -999 -999 -999 -999 -999
0.710919325234104 0.330198109485042 -999 -999 -999 -999 -999 -999 -999 -999
0.285946454007209 0.335589195590673 -999 -999 -999 -999 -999 -999 -999 -999
0.00313422075868846 0.334212694924285 -999 -999 -999 -999 -999 -999 -999 -999
0.779707501674147 0.330653068036712 -999 -999 -999 -999 -999 -999 -999 -999
0.215820391462922 0.342946998669755 -999 -999 -999 -999 -999 -999 -999 -999
0.00447210686293127 0.326399933293534 -999 -999 -999 -999 -999 -999 -999 -999
0.804163047022401 0.339487339403659 -999 -999 -999 -999 -999 -999 -999 -999
0.190967254083771 0.335033008020323 -999 -999 -999 -999 -999 -999 -999 -999
0.00486969889382867 0.325479652576018 -999 -999 -999 -999 -999 -999 -999 -999
0.774735681803723 0.319625467985517 -999 -999 -999 -999 -999 -999 -999 -999
0.221018638968699 0.333346037722825 -999 -999 -999 -999 -999 -999 -999 -999
0.00424567922757746 0.347028494291658 -999 -999 -999 -999 -999 -999 -999 -999
0.744158277293477 0.352140910957696 -999 -999 -999 -999 -999 -999 -999 -999
0.251815305970296 0.327820018440941 -999 -999 -999 -999 -999 -999 -999 -999
0.00402641673622675 0.320039070601363 -999 -999 -999 -999 -999 -999 -999 -999
0.822450042620071 0.322969739453389 -999 -999 -999 -999 -999 -999 -999 -999
0.17117704450895 0.314915823797662 -999 -999 -999 -999 -999 -999 -999 -999
0.00637291287097844 0.362114436748949 -999 -999 -999 -999 -999 -999 -999 -999
0.805682051333177 0.347146470915078 -999 -999 -999 -999 -999 -999 -999 -999
0.18923608321045 0.325962675800877 -999 -999 -999 -999 -999 -999 -999 -999
0.0050818654563725 0.326890853284045 -999 -999 -999 -999 -999 -999 -999 -999
0.796508684475791 0.352730730220957 -999 -999 -999 -999 -999 -999 -999 -999
0.198759515706209 0.332538241076858 -999 -999 -999 -999 -999 -999 -999 -999
0.00473179981800095 0.314731028702185 -999 -999 -999 -999 -999 -999 -999 -999
0.817168792818425 0.296672768277769 -999 -999 -999 -999 -999 -999 -999 -999
0.177219404194851 0.341152915852032 -999 -999 -999 -999 -999 -999 -999 -999
0.00561180298672435 0.3621743158702 -999 -999 -999 -999 -999 -999 -999 -999
0.754216832642045 0.338949831959861 -999 -999 -999 -999 -999 -999 -999 -999
0.241493141882263 0.317560499515722 -999 -999 -999 -999 -999 -999 -999 -999
0.00429002547569174 0.343489668524417 -999 -999 -999 -999 -999 -999 -999 -999
0.677724541744886 0.327580301053789 -999 -999 -999 -999 -999 -999 -999 -999
0.319763683873009 0.325999286470895 -999 -999 -999 -999 -999 -999 -999 -999
0.00251177438210379 0.346420412475317 -999 -999 -999 -999 -999 -999 -999 -999
0.723542139962239 0.344458034241067 -999 -999 -999 -999 -999 -999 -999 -999
0.273101362769101 0.320949323401364 -999 -999 -999 -999 -999 -999 -999 -999
0.00335649726865977 0.334592642357569 -999 -999 -999 -999 -999 -999 -999 -999
0.808674327893436 0.340325476204799 -999 -999 -999 -999 -999 -999 -999 -999
0.185941662625284 0.333904349163584 -999 -999 -999 -999 -999 -999 -999 -999
0.00538400948128023 0.325770174631617 -999 -999 -999 -999 -999 -999 -999 -999
0.783469648716195 0.35473625991542 -999 -999 -999 -999 -999 -999 -999 -999
0.211877354622798 0.329713535654903 -999 -999 -999 -999 -999 -999 -999 -999
0.00465299666100619 0.315550204429677 -999 -999 -999 -999 -999 -999 -999 -999
0.743399506048929 0.351952625515283 -999 -999 -999 -999 -999 -999 -999 -999
0.252994769831104 0.305585413157241 -999 -999 -999 -999 -999 -999 -999 -999
0.00360572411996685 0.342461961327477 -999 -999 -999 -999 -999 -999 -999 -999
0.760071819724417 0.338714079966475 -999 -999 -999 -999 -999 -999 -999 -999
0.236049869430683 0.332107781576738 -999 -999 -999 -999 -999 -999 -999 -999
0.00387831084489968 0.329178138456788 -999 -999 -999 -999 -999 -999 -999 -999
0.803202542767682 0.338581716623157 -999 -999 -999 -999 -999 -999 -999 -999
0.191325705153446 0.325130182614657 -999 -999 -999 -999 -999 -999 -999 -999
0.00547175207887106 0.336288100762185 -999 -999 -999 -999 -999 -999 -999 -999
0.759722681095859 0.340389511985382 -999 -999 -999 -999 -999 -999 -999 -999
0.235872631810322 0.321607214061713 -999 -999 -999 -999 -999 -999 -999 -999
0.00440468709381939 0.338003273952905 -999 -999 -999 -999 -999 -999 -999 -999
0.67824230498084 0.338720702663081 -999 -999 -999 -999 -999 -999 -999 -999
0.319274830112025 0.339972071687475 -999 -999 -999 -999 -999 -999 -999 -999
0.00248286490713533 0.321307225649444 -999 -999 -999 -999 -999 -999 -999 -999
0.795717201403883 0.337791065063148 -999 -999 -999 -999 -999 -999 -999 -999
0.199542502807502 0.337454339957824 -999 -999 -999 -999 -999 -999 -999 -999
0.00474029578861442 0.324754594979029 -999 -999 -999 -999 -999 -999 -999 -999
0.760292307032502 0.345201339599729 -999 -999 -999 -999 -999 -999 -999 -999
0.235687049406435 0.335262697566653 -999 -999 -999 -999 -999 -999 -999 -999
0.00402064356106271 0.319535962833618 -999 -999 -999 -999 -999 -999 -999 -999
0.750522474255827 0.344648986606237 -999 -999 -999 -999 -999 -999 -999 -999
0.24587133895405 0.323375583808551 -999 -999 -999 -999 -999 -999 -999 -999
0.00360618679012294 0.331975429585211 -999 -999 -999 -999 -999 -999 -999 -999
0.745933266143535 0.330039279988587 -999 -999 -999 -999 -999 -999 -999 -999
0.250382845671881 0.335957886275899 -999 -999 -999 -999 -999 -999 -999 -999
0.00368388818458302 0.334002833735514 -999 -999 -999 -999 -999 -999 -999 -999
0.800349873212158 0.348535745062702 -999 -999 -999 -999 -999 -999 -999 -999
0.194423926667229 0.311482382943263 -999 -999 -999 -999 -999 -999 -999 -999
0.0052262001206125 0.339981871994034 -999 -999 -999 -999 -999 -999 -999 -999
0.683863290815555 0.323975955086869 -999 -999 -999 -999 -999 -999 -999 -999
0.313140680986219 0.353825891203524 -999 -999 -999 -999 -999 -999 -999 -999
0.00299602819822625 0.322198153709607 -999 -999 -999 -999 -999 -999 -999 -999
0.727256687510501 0.32792377744822 -999 -999 -999 -999 -999 -999 -999 -999
0.26951264555548 0.357245623561416 -999 -999 -999 -999 -999 -999 -999 -999
0.00323066693401972 0.314830598990364 -999 -999 -999 -999 -999 -999 -999 -999
0.677610068927889 0.333594239542364 -999 -999 -999 -999 -999 -999 -999 -999
0.319687751680125 0.331027162966529 -999 -999 -999 -999 -999 -999 -999 -999
0.00270217939198562 0.335378597491107 -999 -999 -999 -999 -999 -999 -999 -999
0.870997057222475 0.337138252491038 -999 -999 -999 -999 -999 -999 -999 -999
0.120784383271679 0.337650158689283 -999 -999 -999 -999 -999 -999 -999 -999
0.00821855950584654 0.325211588819679 -999 -999 -999 -999 -999 -999 -999 -999
0.692222878473946 0.330672397364075 -999 -999 -999 -999 -999 -999 -999 -999
0.304986325026351 0.329368318931207 -999 -999 -999 -999 -999 -999 -999 -999
0.00279079649970287 0.339959283704718 -999 -999 -999 -999 -999 -999 -999 -999
0.758986836232854 0.346494807835514 -999 -999 -999 -999 -999 -999 -999 -999
0.23729120526336 0.338129342699284 -999 -999 -999 -999 -999 -999 -999 -999
0.00372195850378522 0.315375849465203 -999 -999 -999 -999 -999 -999 -999 -999
0.612303050446347 0.340507368784243 -999 -999 -999 -999 -999 -999 -999 -999
0.385786011998053 0.335372944254457 -999 -999 -999 -999 -999 -999 -999 -999
0.00191093755560011 0.324119686961299 -999 -999 -999 -999 -999 -999 -999 -999
0.701262127224901 0.336091402625559 -999 -999 -999 -999 -999 -999 -999 -999
0.295628896763872 0.332141335480029 -999 -999 -999 -999 -999 -999 -999 -999
0.00310897601122678 0.331767261894412 -999 -999 -999 -999 -999 -999 -999 -999
0.787304766440016 0.317201566776853 -999 -999 -999 -999 -999 -999 -999 -999
0.20800013230329 0.329965277821213 -999 -999 -999 -999 -999 -999 -999 -999
0.00469510125669371 0.352833155401934 -999 -999 -999 -999 -999 -999 -999 -999
0.759936157521822 0.350179823028791 -999 -999 -999 -999 -999 -999 -999 -999
0.236012136834628 0.313937737160455 -999 -999 -999 -999 -999 -999 -999 -999
0.00405170564354968 0.335882439810753 -999 -999 -999 -999 -999 -999 -999 -999
0.798259952325628 0.348790588552172 -999 -999 -999 -999 -999 -999 -999 -999
0.196893412956147 0.314548227794158 -999 -999 -999 -999 -999 -999 -999 -999
0.00484663471822537 0.33666118365367 -999 -999 -999 -999 -999 -999 -999 -999
0.792873396930596 0.325630248594618 -999 -999 -999 -999 -999 -999 -999 -999
0.202496390528993 0.316483418111515 -999 -999 -999 -999 -999 -999 -999 -999
0.00463021254041072 0.357886333293867 -999 -999 -999 -999 -999 -999 -999 -999
0.748795500682024 0.322783287474079 -999 -999 -999 -999 -999 -999 -999 -999
0.247329137702896 0.347194986092819 -999 -999 -999 -999 -999 -999 -999 -999
0.00387536161508025 0.330021726433103 -999 -999 -999 -999 -999 -999 -999 -999
0.718740197200388 0.335193409910725 -999 -999 -999 -999 -999 -999 -999 -999
0.278102732803804 0.331991415241535 -999 -999 -999 -999 -999 -999 -999 -999
0.00315706999580807 0.33281517484774 -999 -999 -999 -999 -999 -999 -999 -999
0.80232199719374 0.335435137420023 -999 -999 -999 -999 -999 -999 -999 -999
0.19239539018544 0.341571365466536 -999 -999 -999 -999 -999 -999 -999 -999
0.00528261262082047 0.322993497113441 -999 -999 -999 -999 -999 -999 -999 -999
0.764802075816129 0.335662103935827 -999 -999 -999 -999 -999 -999 -999 -999
0.230982141862999 0.322134469770897 -999 -999 -999 -999 -999 -999 -999 -999
0.004215782320872 0.342203426293276 -999 -999 -999 -999 -999 -999 -999 -999
0.777937644688216 0.351274840421705 -999 -999 -999 -999 -999 -999 -999 -999
0.217404577782116 0.308013252765058 -999 -999 -999 -999 -999 -999 -999 -999
0.00465777752966752 0.340711906813238 -999 -999 -999 -999 -999 -999 -999 -999
0.767263785298014 0.332366827148746 -999 -999 -999 -999 -999 -999 -999 -999
0.229091286302551 0.325699507412787 -999 -999 -999 -999 -999 -999 -999 -999
0.00364492839943494 0.341933665438467 -999 -999 -999 -999 -999 -999 -999 -999
0.827735154107071 0.330271732193538 -999 -999 -999 -999 -999 -999 -999 -999
0.166330072094736 0.335979020169812 -999 -999 -999 -999 -999 -999 -999 -999
0.00593477379819389 0.33374924763665 -999 -999 -999 -999 -999 -999 -999 -999
0.78714121418488 0.311065698080736 -999 -999 -999 -999 -999 -999 -999 -999
0.208350104513593 0.355318859340973 -999 -999 -999 -999 -999 -999 -999 -999
0.00450868130152596 0.333615442578291 -999 -999 -999 -999 -999 -999 -999 -999
0.680194861794714 0.344940052999174 -999 -999 -999 -999 -999 -999 -999 -999
0.317254400420919 0.326229135072697 -999 -999 -999 -999 -999 -999 -999 -999
0.00255073778436751 0.328830811928129 -999 -999 -999 -999 -999 -999 -999 -999
0.74829397210161 0.323419733984003 -999 -999 -999 -999 -999 -999 -999 -999
0.248060468837998 0.353754526175257 -999 -999 -999 -999 -999 -999 -999 -999
0.00364555906039236 0.32282573984074 -999 -999 -999 -999 -999 -999 -999 -999
0.737209996830504 0.315747936523218 -999 -999 -999 -999 -999 -999 -999 -999
0.259089685651151 0.354351681360542 -999 -999 -999 -999 -999 -999 -999 -999
0.00370031751834567 0.32990038211624 -999 -999 -999 -999 -999 -999 -999 -999
0.749407835485384 0.330867055391562 -999 -999 -999 -999 -999 -999 -999 -999
0.246914562339458 0.331465995386236 -999 -999 -999 -999 -999 -999 -999 -999
0.00367760217515901 0.337666949222201 -999 -999 -999 -999 -999 -999 -999 -999
0.769748072076481 0.325322288930831 -999 -999 -999 -999 -999 -999 -999 -999
0.225933806033689 0.33456164171788 -999 -999 -999 -999 -999 -999 -999 -999
0.00431812188982897 0.340116069351289 -999 -999 -999 -999 -999 -999 -999 -999
0.677345483782231 0.336211448923024 -999 -999 -999 -999 -999 -999 -999 -999
0.320164144150197 0.341277031695176 -999 -999 -999 -999 -999 -999 -999 -999
0.00249037206757101 0.322511519381799 -999 -999 -999 -999 -999 -999 -999 -999
0.760040741843967 0.328941406873078 -999 -999 -999 -999 -999 -999 -999 -999
0.235815163284657 0.346046610816863 -999 -999 -999 -999 -999 -999 -999 -999
0.00414409487137636 0.325011982310059 -999 -999 -999 -999 -999 -999 -999 -999
0.735229074679357 0.352191213426109 -999 -999 -999 -999 -999 -999 -999 -999
0.261148513318982 0.33495839842627 -999 -999 -999 -999 -999 -999 -999 -999
0.00362241200165941 0.312850388147621 -999 -999 -999 -999 -999 -999 -999 -999
0.807405068023829 0.334363068850938 -999 -999 -999 -999 -999 -999 -999 -999
0.187299503746547 0.338671489136119 -999 -999 -999 -999 -999 -999 -999 -999
0.00529542822962318 0.326965442012943 -999 -999 -999 -999 -999 -999 -999 -999
0.77975248481352 0.336366829761392 -999 -999 -999 -999 -999 -999 -999 -999
0.216007479242759 0.333094039565865 -999 -999 -999 -999 -999 -999 -999 -999
0.00424003594372095 0.330539130672744 -999 -999 -999 -999 -999 -999 -999 -999
0.828595547303872 0.330198536289443 -999 -999 -999 -999 -999 -999 -999 -999
0.165007136191867 0.320297007500274 -999 -999 -999 -999 -999 -999 -999 -999
0.00639731650426059 0.349504456210282 -999 -999 -999 -999 -999 -999 -999 -999
0.805730324924786 0.336238641036091 -999 -999 -999 -999 -999 -999 -999 -999
0.188980799224723 0.326368462344472 -999 -999 -999 -999 -999 -999 -999 -999
0.00528887585049096 0.337392896619437 -999 -999 -999 -999 -999 -999 -999 -999
0.737765473402608 0.341917737964697 -999 -999 -999 -999 -999 -999 -999 -999
0.258776209017126 0.320591543608438 -999 -999 -999 -999 -999 -999 -999 -999
0.00345831758026608 0.337490718426865 -999 -999 -999 -999 -999 -999 -999 -999
0.763899096187849 0.333308475859859 -999 -999 -999 -999 -999 -999 -999 -999
0.231941066479131 0.323871460507607 -999 -999 -999 -999 -999 -999 -999 -999
0.00415983733301971 0.342820063632534 -999 -999 -999 -999 -999 -999 -999 -999
0.712884355951861 0.340716316129765 -999 -999 -999 -999 -999 -999 -999 -999
0.284234027146292 0.357450282977084 -999 -999 -999 -999 -999 -999 -999 -999
0.00288161690184709 0.301833400893151 -999 -999 -999 -999 -999 -999 -999 -999
0.722170186112306 0.332976344851574 -999 -999 -999 -999 -999 -999 -999 -999
0.274650503012935 0.334651084545756 -999 -999 -999 -999 -999 -999 -999 -999
0.00317931087475883 0.33237257060267 -999 -999 -999 -999 -999 -999 -999 -999
0.779051075653492 0.357190594927385 -999 -999 -999 -999 -999 -999 -999 -999
0.2167186919953 0.309444141310855 -999 -999 -999 -999 -999 -999 -999 -999
0.00423023235120812 0.333365263761759 -999 -999 -999 -999 -999 -999 -999 -999
0.705812961495529 0.330517924114891 -999 -999 -999 -999 -999 -999 -999 -999
0.291379356280875 0.327986883430178 -999 -999 -999 -999 -999 -999 -999 -999
0.00280768222359689 0.341495192454931 -999 -999 -999 -999 -999 -999 -999 -999
0.702363565644406 0.331351156531771 -999 -999 -999 -999 -999 -999 -999 -999
0.294649714490189 0.334165543642478 -999 -999 -999 -999 -999 -999 -999 -999
0.00298671986540534 0.33448329982575 -999 -999 -999 -999 -999 -999 -999 -999
0.657999506826443 0.322698347109659 -999 -999 -999 -999 -999 -999 -999 -999
0.33960191537791 0.339975324549918 -999 -999 -999 -999 -999 -999 -999 -999
0.00239857779564718 0.337326328340424 -999 -999 -999 -999 -999 -999 -999 -999
0.827209525937157 0.348663025001237 -999 -999 -999 -999 -999 -999 -999 -999
0.167050280522609 0.325466845828142 -999 -999 -999 -999 -999 -999 -999 -999
0.00574019354023334 0.325870129170621 -999 -999 -999 -999 -999 -999 -999 -999
0.831896690905986 0.317445893486421 -999 -999 -999 -999 -999 -999 -999 -999
0.161951236753073 0.349371772058081 -999 -999 -999 -999 -999 -999 -999 -999
0.00615207234094021 0.333182334455498 -999 -999 -999 -999 -999 -999 -999 -999
0.720606605532141 0.339149055496842 -999 -999 -999 -999 -999 -999 -999 -999
0.276363391310788 0.324737732981141 -999 -999 -999 -999 -999 -999 -999 -999
0.00303000315707027 0.336113211522017 -999 -999 -999 -999 -999 -999 -999 -999
0.770486179109741 0.326602929362853 -999 -999 -999 -999 -999 -999 -999 -999
0.225323885568124 0.32790482870565 -999 -999 -999 -999 -999 -999 -999 -999
0.00418993532213404 0.345492241931497 -999 -999 -999 -999 -999 -999 -999 -999
0.733771988206568 0.34166462572793 -999 -999 -999 -999 -999 -999 -999 -999
0.262380890298482 0.333268632602414 -999 -999 -999 -999 -999 -999 -999 -999
0.00384712149495004 0.325066741669655 -999 -999 -999 -999 -999 -999 -999 -999
0.688053058309793 0.311465048404119 -999 -999 -999 -999 -999 -999 -999 -999
0.309389562202198 0.347667100553823 -999 -999 -999 -999 -999 -999 -999 -999
0.00255737948800824 0.340867851042058 -999 -999 -999 -999 -999 -999 -999 -999
0.771491983017055 0.312816941744609 -999 -999 -999 -999 -999 -999 -999 -999
0.22460713261141 0.327841026752601 -999 -999 -999 -999 -999 -999 -999 -999
0.00390088437153434 0.359342031502789 -999 -999 -999 -999 -999 -999 -999 -999
0.735281359688798 0.335899662740816 -999 -999 -999 -999 -999 -999 -999 -999
0.261388405934285 0.316194968695584 -999 -999 -999 -999 -999 -999 -999 -999
0.00333023437691647 0.3479053685636 -999 -999 -999 -999 -999 -999 -999 -999
0.782514306617026 0.314196589144205 -999 -999 -999 -999 -999 -999 -999 -999
0.212823589984 0.348821204198764 -999 -999 -999 -999 -999 -999 -999 -999
0.0046621033989744 0.336982206657031 -999 -999 -999 -999 -999 -999 -999 -999
0.739477035902102 0.354450745516201 -999 -999 -999 -999 -999 -999 -999 -999
0.257148988749991 0.310286741212147 -999 -999 -999 -999 -999 -999 -999 -999
0.00337397534790774 0.335262513271653 -999 -999 -999 -999 -999 -999 -999 -999
0.816442971268432 0.313057577996375 -999 -999 -999 -999 -999 -999 -999 -999
0.178201682968851 0.349302213580547 -999 -999 -999 -999 -999 -999 -999 -999
0.00535534576271696 0.337640208423078 -999 -999 -999 -999 -999 -999 -999 -999
0.786849621666904 0.347325635718642 -999 -999 -999 -999 -999 -999 -999 -999
0.208645702403357 0.31006418851177 -999 -999 -999 -999 -999 -999 -999 -999
0.00450467592973988 0.342610175769588 -999 -999 -999 -999 -999 -999 -999 -999
0.758095688753324 0.355724205977994 -999 -999 -999 -999 -999 -999 -999 -999
0.23796849337222 0.314136737477282 -999 -999 -999 -999 -999 -999 -999 -999
0.00393581787445532 0.330139056544724 -999 -999 -999 -999 -999 -999 -999 -999
0.729905967625963 0.344873888969683 -999 -999 -999 -999 -999 -999 -999 -999
0.266397499642663 0.316733401510165 -999 -999 -999 -999 -999 -999 -999 -999
0.00369653273137383 0.338392709520151 -999 -999 -999 -999 -999 -999 -999 -999
0.681139743108861 0.332720201931376 -999 -999 -999 -999 -999 -999 -999 -999
0.316539669236394 0.347421337992288 -999 -999 -999 -999 -999 -999 -999 -999
0.00232058765474404 0.319858460076336 -999 -999 -999 -999 -999 -999 -999 -999
0.818265772794112 0.324216338104258 -999 -999 -999 -999 -999 -999 -999 -999
0.176033001127795 0.328921522452701 -999 -999 -999 -999 -999 -999 -999 -999
0.00570122607809316 0.346862139443041 -999 -999 -999 -999 -999 -999 -999 -999
0.686839407722507 0.338800077727358 -999 -999 -999 -999 -999 -999 -999 -999
0.310404564956051 0.333401117045103 -999 -999 -999 -999 -999 -999 -999 -999
0.00275602732144227 0.327798805227539 -999 -999 -999 -999 -999 -999 -999 -999
0.640324237720627 0.347496008498766 -999 -999 -999 -999 -999 -999 -999 -999
0.357274625894834 0.347752640277336 -999 -999 -999 -999 -999 -999 -999 -999
0.00240113638453977 0.304751351223897 -999 -999 -999 -999 -999 -999 -999 -999
0.756175501595628 0.349943036146596 -999 -999 -999 -999 -999 -999 -999 -999
0.239934657360998 0.308646489013095 -999 -999 -999 -999 -999 -999 -999 -999
0.00388984104337458 0.341410474840309 -999 -999 -999 -999 -999 -999 -999 -999
0.72576158852104 0.324977776212711 -999 -999 -999 -999 -999 -999 -999 -999
0.271222949502827 0.346927191345444 -999 -999 -999 -999 -999 -999 -999 -999
0.00301546197613344 0.328095032441846 -999 -999 -999 -999 -999 -999 -999 -999
0.768201313941564 0.351684684120576 -999 -999 -999 -999 -999 -999 -999 -999
0.227813782833097 0.3193554007343 -999 -999 -999 -999 -999 -999 -999 -999
0.00398490322533964 0.328959915145124 -999 -999 -999 -999 -999 -999 -999 -999
0.648128931431469 0.33687809419317 -999 -999 -999 -999 -999 -999 -999 -999
0.349592164242576 0.330641282494483 -999 -999 -999 -999 -999 -999 -999 -999
0.0022789043259546 0.332480623312347 -999 -999 -999 -999 -999 -999 -999 -999
0.659462710365866 0.318621061772462 -999 -999 -999 -999 -999 -999 -999 -999
0.337880337959903 0.347651982515758 -999 -999 -999 -999 -999 -999 -999 -999
0.00265695167423171 0.333726955711781 -999 -999 -999 -999 -999 -999 -999 -999
0.620173607418443 0.338423596183115 -999 -999 -999 -999 -999 -999 -999 -999
0.377767806694063 0.319137955700147 -999 -999 -999 -999 -999 -999 -999 -999
0.0020585858874943 0.342438448116738 -999 -999 -999 -999 -999 -999 -999 -999
0.793291763017068 0.313319410910312 -999 -999 -999 -999 -999 -999 -999 -999
0.201858223963975 0.359574866120257 -999 -999 -999 -999 -999 -999 -999 -999
0.00485001301895782 0.327105722969432 -999 -999 -999 -999 -999 -999 -999 -999
0.716124636426377 0.336604157632253 -999 -999 -999 -999 -999 -999 -999 -999
0.280962832336809 0.337925337107422 -999 -999 -999 -999 -999 -999 -999 -999
0.00291253123681327 0.325470505260325 -999 -999 -999 -999 -999 -999 -999 -999
0.72035996208589 0.32951349716419 -999 -999 -999 -999 -999 -999 -999 -999
0.276379749901839 0.337010917834428 -999 -999 -999 -999 -999 -999 -999 -999
0.00326028801227103 0.333475585001382 -999 -999 -999 -999 -999 -999 -999 -999
0.723739569337375 0.324342232347985 -999 -999 -999 -999 -999 -999 -999 -999
0.273129519537681 0.336931873396898 -999 -999 -999 -999 -999 -999 -999 -999
0.00313091112494296 0.338725894255117 -999 -999 -999 -999 -999 -999 -999 -999
0.702231950093958 0.336750606762935 -999 -999 -999 -999 -999 -999 -999 -999
0.29498275900287 0.336520977240619 -999 -999 -999 -999 -999 -999 -999 -999
0.00278529090317209 0.326728415996446 -999 -999 -999 -999 -999 -999 -999 -999
0.67110408452512 0.318029755857491 -999 -999 -999 -999 -999 -999 -999 -999
0.326270763243887 0.347650886206346 -999 -999 -999 -999 -999 -999 -999 -999
0.00262515223099306 0.334319357936163 -999 -999 -999 -999 -999 -999 -999 -999
0.714728166898088 0.324853417839415 -999 -999 -999 -999 -999 -999 -999 -999
0.282467460064943 0.313814610727215 -999 -999 -999 -999 -999 -999 -999 -999
0.00280437303696827 0.36133197143337 -999 -999 -999 -999 -999 -999 -999 -999
0.788843388802516 0.325848098575056 -999 -999 -999 -999 -999 -999 -999 -999
0.206496689634775 0.355843015753133 -999 -999 -999 -999 -999 -999 -999 -999
0.00465992156270895 0.318308885671811 -999 -999 -999 -999 -999 -999 -999 -999
0.711239104453035 0.326520959027808 -999 -999 -999 -999 -999 -999 -999 -999
0.285202158596768 0.332434002275239 -999 -999 -999 -999 -999 -999 -999 -999
0.0035587369501974 0.341045038696953 -999 -999 -999 -999 -999 -999 -999 -999
0.759383930986127 0.339053145599193 -999 -999 -999 -999 -999 -999 -999 -999
0.236449353327016 0.336736275813979 -999 -999 -999 -999 -999 -999 -999 -999
0.00416671568685704 0.324210578586828 -999 -999 -999 -999 -999 -999 -999 -999
0.733385603934977 0.320754789285579 -999 -999 -999 -999 -999 -999 -999 -999
0.263356573661388 0.33276088534581 -999 -999 -999 -999 -999 -999 -999 -999
0.00325782240363475 0.346484325368611 -999 -999 -999 -999 -999 -999 -999 -999
0.774228517539775 0.320380793623865 -999 -999 -999 -999 -999 -999 -999 -999
0.221323611454797 0.329921517440801 -999 -999 -999 -999 -999 -999 -999 -999
0.00444787100542723 0.349697688935334 -999 -999 -999 -999 -999 -999 -999 -999
0.633682982877 0.336716665315195 -999 -999 -999 -999 -999 -999 -999 -999
0.364306488518128 0.333825499750319 -999 -999 -999 -999 -999 -999 -999 -999
0.00201052860487203 0.329457834934486 -999 -999 -999 -999 -999 -999 -999 -999
0.780994044656203 0.328139211250483 -999 -999 -999 -999 -999 -999 -999 -999
0.214592535522815 0.328561126394152 -999 -999 -999 -999 -999 -999 -999 -999
0.00441341982098255 0.343299662355364 -999 -999 -999 -999 -999 -999 -999 -999
0.804913258348282 0.3422061885551 -999 -999 -999 -999 -999 -999 -999 -999
0.190419713344693 0.320429015270852 -999 -999 -999 -999 -999 -999 -999 -999
0.00466702830702403 0.337364796174048 -999 -999 -999 -999 -999 -999 -999 -999
0.704929391050131 0.32902224628829 -999 -999 -999 -999 -999 -999 -999 -999
0.292069283088782 0.339349038379935 -999 -999 -999 -999 -999 -999 -999 -999
0.00300132586108644 0.331628715331776 -999 -999 -999 -999 -999 -999 -999 -999
0.654888748889834 0.335026068344701 -999 -999 -999 -999 -999 -999 -999 -999
0.342740652344246 0.3212793473916 -999 -999 -999 -999 -999 -999 -999 -999
0.00237059876591925 0.343694584263698 -999 -999 -999 -999 -999 -999 -999 -999
-999 -999 -999 -999 -999 -999 -999 -999 -999 -999
-999 -999 -999 -999 -999 -999 -999 -999 -999 -999
-999 -999 -999 -999 -999 -999 -999 -999 -999 -999
-999 -999 -999 -999 -999 -999 -999 -999 -999 -999
-999 -999 -999 -999 -999 -999 -999 -999 -999 -999
-999 -999 -999 -999 -999 -999 -999 -999 -999 -999
