491 491 1 0 0 0 0 0 0 0 0 0
491 492 1 0 0 0 0 0 0 0 0 0
491 493 1 0 0 0 0 0 0 0 0 0
491 494 1 0 0 0 0 0 0 0 0 0
491 495 1 0 0 0 0 0 0 0 0 0
491 496 1 0 0 0 0 0 0 0 0 0
491 497 1 0 0 0 0 0 0 0 0 0
491 498 1 0 0 0 0 0 0 0 0 0
491 499 1 0 0 0 0 0 0 0 0 0
491 500 1 0 0 0 0 0 0 0 0 0
491 501 1 0 0 0 0 0 0 0 0 0
491 502 1 0 0 0 0 0 0 0 0 0
491 503 1 0 0 0 0 0 0 0 0 0
491 504 1 0 0 0 0 0 0 0 0 0
491 505 1 0 0 0 0 0 0 0 0 0
491 506 1 0 0 0 0 0 0 0 0 0
491 507 1 0 0 0 0 0 0 0 0 0
491 508 1 0 0 0 0 0 0 0 0 0
491 509 1 0 0 0 0 0 0 0 0 0
491 510 1 0 0 0 0 0 0 0 0 0
492 491 1 0 0 0 0 0 0 0 0 0
492 492 1 0 0 0 0 0 0 0 0 0
492 493 1 0 0 0 0 0 0 0 0 0
492 494 1 0 0 0 0 0 0 0 0 0
492 495 1 0 0 0 0 0 0 0 0 0
492 496 1 0 0 0 0 0 0 0 0 0
492 497 1 0 0 0 0 0 0 0 0 0
492 498 1 0 0 0 0 0 0 0 0 0
492 499 1 0 0 0 0 0 0 0 0 0
492 500 1 0 0 0 0 0 0 0 0 0
492 501 1 0 0 0 0 0 0 0 0 0
492 502 1 0 0 0 0 0 0 0 0 0
492 503 1 0 0 0 0 0 0 0 0 0
492 504 1 0 0 0 0 0 0 0 0 0
492 505 1 0 0 0 0 0 0 0 0 0
492 506 1 0 0 0 0 0 0 0 0 0
492 507 1 0 0 0 0 0 0 0 0 0
492 508 1 0 0 0 0 0 0 0 0 0
492 509 1 0 0 0 0 0 0 0 0 0
492 510 1 0 0 0 0 0 0 0 0 0
493 491 1 0 0 0 0 0 0 0 0 0
493 492 1 0 0 0 0 0 0 0 0 0
493 493 1 0 0 0 0 0 0 0 0 0
493 494 1 0 0 0 0 0 0 0 0 0
493 495 1 0 0 0 0 0 0 0 0 0
493 496 1 0 0 0 0 0 0 0 0 0
493 497 1 0 0 0 0 0 0 0 0 0
493 498 1 0 0 0 0 0 0 0 0 0
493 499 1 0 0 0 0 0 0 0 0 0
493 500 1 0 0 0 0 0 0 0 0 0
493 501 1 0 0 0 0 0 0 0 0 0
493 502 1 0 0 0 0 0 0 0 0 0
493 503 1 0 0 0 0 0 0 0 0 0
493 504 1 0 0 0 0 0 0 0 0 0
493 505 1 0 0 0 0 0 0 0 0 0
493 506 1 0 0 0 0 0 0 0 0 0
493 507 1 0 0 0 0 0 0 0 0 0
493 508 1 0 0 0 0 0 0 0 0 0
493 509 1 0 0 0 0 0 0 0 0 0
493 510 1 0 0 0 0 0 0 0 0 0
494 491 1 0 0 0 0 0 0 0 0 0
494 492 1 0 0 0 0 0 0 0 0 0
494 493 1 0 0 0 0 0 0 0 0 0
494 494 1 0 0 0 0 0 0 0 0 0
494 495 1 0 0 0 0 0 0 0 0 0
494 496 1 0 0 0 0 0 0 0 0 0
494 497 1 0 0 0 0 0 0 0 0 0
494 498 1 0 0 0 0 0 0 0 0 0
494 499 1 0 0 0 0 0 0 0 0 0
494 500 1 0 0 0 0 0 0 0 0 0
494 501 1 0 0 0 0 0 0 0 0 0
494 502 1 0 0 0 0 0 0 0 0 0
494 503 1 0 0 0 0 0 0 0 0 0
494 504 1 0 0 0 0 0 0 0 0 0
494 505 1 0 0 0 0 0 0 0 0 0
494 506 1 0 0 0 0 0 0 0 0 0
494 507 1 0 0 0 0 0 0 0 0 0
494 508 1 0 0 0 0 0 0 0 0 0
494 509 1 0 0 0 0 0 0 0 0 0
494 510 1 0 0 0 0 0 0 0 0 0
495 491 1 0 0 0 0 0 0 0 0 0
495 492 1 0 0 0 0 0 0 0 0 0
495 493 1 0 0 0 0 0 0 0 0 0
495 494 1 0 0 0 0 0 0 0 0 0
495 495 1 0 0 0 0 0 0 0 0 0
495 496 1 0 0 0 0 0 0 0 0 0
495 497 1 0 0 0 0 0 0 0 0 0
495 498 1 0 0 0 0 0 0 0 0 0
495 499 1 0 0 0 0 0 0 0 0 0
495 500 1 0 0 0 0 0 0 0 0 0
495 501 1 0 0 0 0 0 0 0 0 0
495 502 1 0 0 0 0 0 0 0 0 0
495 503 1 0 0 0 0 0 0 0 0 0
495 504 1 0 0 0 0 0 0 0 0 0
495 505 1 0 0 0 0 0 0 0 0 0
495 506 1 0 0 0 0 0 0 0 0 0
495 507 1 0 0 0 0 0 0 0 0 0
495 508 1 0 0 0 0 0 0 0 0 0
495 509 1 0 0 0 0 0 0 0 0 0
495 510 1 0 0 0 0 0 0 0 0 0
496 491 1 0 0 0 0 0 0 0 0 0
496 492 1 0 0 0 0 0 0 0 0 0
496 493 1 0 0 0 0 0 0 0 0 0
496 494 1 0 0 0 0 0 0 0 0 0
496 495 1 0 0 0 0 0 0 0 0 0
496 496 1 0 0 0 0 0 0 0 0 0
496 497 1 0 0 0 0 0 0 0 0 0
496 498 1 0 0 0 0 0 0 0 0 0
496 499 1 0 0 0 0 0 0 0 0 0
496 500 1 0 0 0 0 0 0 0 0 0
496 501 1 0 0 0 0 0 0 0 0 0
496 502 1 0 0 0 0 0 0 0 0 0
496 503 1 0 0 0 0 0 0 0 0 0
496 504 1 0 0 0 0 0 0 0 0 0
496 505 1 0 0 0 0 0 0 0 0 0
496 506 1 0 0 0 0 0 0 0 0 0
496 507 1 0 0 0 0 0 0 0 0 0
496 508 1 0 0 0 0 0 0 0 0 0
496 509 1 0 0 0 0 0 0 0 0 0
496 510 1 0 0 0 0 0 0 0 0 0
497 491 1 0 0 0 0 0 0 0 0 0
497 492 1 0 0 0 0 0 0 0 0 0
497 493 1 0 0 0 0 0 0 0 0 0
497 494 1 0 0 0 0 0 0 0 0 0
497 495 1 0 0 0 0 0 0 0 0 0
497 496 1 0 0 0 0 0 0 0 0 0
497 497 1 0 0 0 0 0 0 0 0 0
497 498 1 0 0 0 0 0 0 0 0 0
497 499 1 0 0 0 0 0 0 0 0 0
497 500 1 0 0 0 0 0 0 0 0 0
497 501 1 0 0 0 0 0 0 0 0 0
497 502 1 0 0 0 0 0 0 0 0 0
497 503 1 0 0 0 0 0 0 0 0 0
497 504 1 0 0 0 0 0 0 0 0 0
497 505 1 0 0 0 0 0 0 0 0 0
497 506 1 0 0 0 0 0 0 0 0 0
497 507 1 0 0 0 0 0 0 0 0 0
497 508 1 0 0 0 0 0 0 0 0 0
497 509 1 0 0 0 0 0 0 0 0 0
497 510 1 0 0 0 0 0 0 0 0 0
498 491 1 0 0 0 0 0 0 0 0 0
498 492 1 0 0 0 0 0 0 0 0 0
498 493 1 0 0 0 0 0 0 0 0 0
498 494 1 0 0 0 0 0 0 0 0 0
498 495 1 0 0 0 0 0 0 0 0 0
498 496 1 0 0 0 0 0 0 0 0 0
498 497 1 0 0 0 0 0 0 0 0 0
498 498 1 0 0 0 0 0 0 0 0 0
498 499 1 0 0 0 0 0 0 0 0 0
498 500 1 0 0 0 0 0 0 0 0 0
498 501 1 0 0 0 0 0 0 0 0 0
498 502 1 0 0 0 0 0 0 0 0 0
498 503 1 0 0 0 0 0 0 0 0 0
498 504 1 0 0 0 0 0 0 0 0 0
498 505 1 0 0 0 0 0 0 0 0 0
498 506 1 0 0 0 0 0 0 0 0 0
498 507 1 0 0 0 0 0 0 0 0 0
498 508 1 0 0 0 0 0 0 0 0 0
498 509 1 0 0 0 0 0 0 0 0 0
498 510 1 0 0 0 0 0 0 0 0 0
499 491 1 0 0 0 0 0 0 0 0 0
499 492 1 0 0 0 0 0 0 0 0 0
499 493 1 0 0 0 0 0 0 0 0 0
499 494 1 0 0 0 0 0 0 0 0 0
499 495 1 0 0 0 0 0 0 0 0 0
499 496 1 0 0 0 0 0 0 0 0 0
499 497 1 0 0 0 0 0 0 0 0 0
499 498 1 0 0 0 0 0 0 0 0 0
499 499 1 0 0 0 0 0 0 0 0 0
499 500 1 0 0 0 0 0 0 0 0 0
499 501 1 0 0 0 0 0 0 0 0 0
499 502 1 0 0 0 0 0 0 0 0 0
499 503 1 0 0 0 0 0 0 0 0 0
499 504 1 0 0 0 0 0 0 0 0 0
499 505 1 0 0 0 0 0 0 0 0 0
499 506 1 0 0 0 0 0 0 0 0 0
499 507 1 0 0 0 0 0 0 0 0 0
499 508 1 0 0 0 0 0 0 0 0 0
499 509 1 0 0 0 0 0 0 0 0 0
499 510 1 0 0 0 0 0 0 0 0 0
500 491 1 0 0 0 0 0 0 0 0 0
500 492 1 0 0 0 0 0 0 0 0 0
500 493 1 0 0 0 0 0 0 0 0 0
500 494 1 0 0 0 0 0 0 0 0 0
500 495 1 0 0 0 0 0 0 0 0 0
500 496 1 0 0 0 0 0 0 0 0 0
500 497 1 0 0 0 0 0 0 0 0 0
500 498 1 0 0 0 0 0 0 0 0 0
500 499 1 0 0 0 0 0 0 0 0 0
500 500 1 0 0 0 0 0 0 0 0 0
500 501 1 0 0 0 0 0 0 0 0 0
500 502 1 0 0 0 0 0 0 0 0 0
500 503 1 0 0 0 0 0 0 0 0 0
500 504 1 0 0 0 0 0 0 0 0 0
500 505 1 0 0 0 0 0 0 0 0 0
500 506 1 0 0 0 0 0 0 0 0 0
500 507 1 0 0 0 0 0 0 0 0 0
500 508 1 0 0 0 0 0 0 0 0 0
500 509 1 0 0 0 0 0 0 0 0 0
500 510 1 0 0 0 0 0 0 0 0 0
501 491 1 0 0 0 0 0 0 0 0 0
501 492 1 0 0 0 0 0 0 0 0 0
501 493 1 0 0 0 0 0 0 0 0 0
501 494 1 0 0 0 0 0 0 0 0 0
501 495 1 0 0 0 0 0 0 0 0 0
501 496 1 0 0 0 0 0 0 0 0 0
501 497 1 0 0 0 0 0 0 0 0 0
501 498 1 0 0 0 0 0 0 0 0 0
501 499 1 0 0 0 0 0 0 0 0 0
501 500 1 0 0 0 0 0 0 0 0 0
501 501 1 0 0 0 0 0 0 0 0 0
501 502 1 0 0 0 0 0 0 0 0 0
501 503 1 0 0 0 0 0 0 0 0 0
501 504 1 0 0 0 0 0 0 0 0 0
501 505 1 0 0 0 0 0 0 0 0 0
501 506 1 0 0 0 0 0 0 0 0 0
501 507 1 0 0 0 0 0 0 0 0 0
501 508 1 0 0 0 0 0 0 0 0 0
501 509 1 0 0 0 0 0 0 0 0 0
501 510 1 0 0 0 0 0 0 0 0 0
502 491 1 0 0 0 0 0 0 0 0 0
502 492 1 0 0 0 0 0 0 0 0 0
502 493 1 0 0 0 0 0 0 0 0 0
502 494 1 0 0 0 0 0 0 0 0 0
502 495 1 0 0 0 0 0 0 0 0 0
502 496 1 0 0 0 0 0 0 0 0 0
502 497 1 0 0 0 0 0 0 0 0 0
502 498 1 0 0 0 0 0 0 0 0 0
502 499 1 0 0 0 0 0 0 0 0 0
502 500 1 0 0 0 0 0 0 0 0 0
502 501 1 0 0 0 0 0 0 0 0 0
502 502 1 0 0 0 0 0 0 0 0 0
502 503 1 0 0 0 0 0 0 0 0 0
502 504 1 0 0 0 0 0 0 0 0 0
502 505 1 0 0 0 0 0 0 0 0 0
502 506 1 0 0 0 0 0 0 0 0 0
502 507 1 0 0 0 0 0 0 0 0 0
502 508 1 0 0 0 0 0 0 0 0 0
502 509 1 0 0 0 0 0 0 0 0 0
502 510 1 0 0 0 0 0 0 0 0 0
503 491 1 0 0 0 0 0 0 0 0 0
503 492 1 0 0 0 0 0 0 0 0 0
503 493 1 0 0 0 0 0 0 0 0 0
503 494 1 0 0 0 0 0 0 0 0 0
503 495 1 0 0 0 0 0 0 0 0 0
503 496 1 0 0 0 0 0 0 0 0 0
503 497 1 0 0 0 0 0 0 0 0 0
503 498 1 0 0 0 0 0 0 0 0 0
503 499 1 0 0 0 0 0 0 0 0 0
503 500 1 0 0 0 0 0 0 0 0 0
503 501 1 0 0 0 0 0 0 0 0 0
503 502 1 0 0 0 0 0 0 0 0 0
503 503 1 0 0 0 0 0 0 0 0 0
503 504 1 0 0 0 0 0 0 0 0 0
503 505 1 0 0 0 0 0 0 0 0 0
503 506 1 0 0 0 0 0 0 0 0 0
503 507 1 0 0 0 0 0 0 0 0 0
503 508 1 0 0 0 0 0 0 0 0 0
503 509 1 0 0 0 0 0 0 0 0 0
503 510 1 0 0 0 0 0 0 0 0 0
504 491 1 0 0 0 0 0 0 0 0 0
504 492 1 0 0 0 0 0 0 0 0 0
504 493 1 0 0 0 0 0 0 0 0 0
504 494 1 0 0 0 0 0 0 0 0 0
504 495 1 0 0 0 0 0 0 0 0 0
504 496 1 0 0 0 0 0 0 0 0 0
504 497 1 0 0 0 0 0 0 0 0 0
504 498 1 0 0 0 0 0 0 0 0 0
504 499 1 0 0 0 0 0 0 0 0 0
504 500 1 0 0 0 0 0 0 0 0 0
504 501 1 0 0 0 0 0 0 0 0 0
504 502 1 0 0 0 0 0 0 0 0 0
504 503 1 0 0 0 0 0 0 0 0 0
504 504 1 0 0 0 0 0 0 0 0 0
504 505 1 0 0 0 0 0 0 0 0 0
504 506 1 0 0 0 0 0 0 0 0 0
504 507 1 0 0 0 0 0 0 0 0 0
504 508 1 0 0 0 0 0 0 0 0 0
504 509 1 0 0 0 0 0 0 0 0 0
504 510 1 0 0 0 0 0 0 0 0 0
505 491 1 0 0 0 0 0 0 0 0 0
505 492 1 0 0 0 0 0 0 0 0 0
505 493 1 0 0 0 0 0 0 0 0 0
505 494 1 0 0 0 0 0 0 0 0 0
505 495 1 0 0 0 0 0 0 0 0 0
505 496 1 0 0 0 0 0 0 0 0 0
505 497 1 0 0 0 0 0 0 0 0 0
505 498 1 0 0 0 0 0 0 0 0 0
505 499 1 0 0 0 0 0 0 0 0 0
505 500 1 0 0 0 0 0 0 0 0 0
505 501 1 0 0 0 0 0 0 0 0 0
505 502 1 0 0 0 0 0 0 0 0 0
505 503 1 0 0 0 0 0 0 0 0 0
505 504 1 0 0 0 0 0 0 0 0 0
505 505 1 0 0 0 0 0 0 0 0 0
505 506 1 0 0 0 0 0 0 0 0 0
505 507 1 0 0 0 0 0 0 0 0 0
505 508 1 0 0 0 0 0 0 0 0 0
505 509 1 0 0 0 0 0 0 0 0 0
505 510 1 0 0 0 0 0 0 0 0 0
506 491 1 0 0 0 0 0 0 0 0 0
506 492 1 0 0 0 0 0 0 0 0 0
506 493 1 0 0 0 0 0 0 0 0 0
506 494 1 0 0 0 0 0 0 0 0 0
506 495 1 0 0 0 0 0 0 0 0 0
506 496 1 0 0 0 0 0 0 0 0 0
506 497 1 0 0 0 0 0 0 0 0 0
506 498 1 0 0 0 0 0 0 0 0 0
506 499 1 0 0 0 0 0 0 0 0 0
506 500 1 0 0 0 0 0 0 0 0 0
506 501 1 0 0 0 0 0 0 0 0 0
506 502 1 0 0 0 0 0 0 0 0 0
506 503 1 0 0 0 0 0 0 0 0 0
506 504 1 0 0 0 0 0 0 0 0 0
506 505 1 0 0 0 0 0 0 0 0 0
506 506 1 0 0 0 0 0 0 0 0 0
506 507 1 0 0 0 0 0 0 0 0 0
506 508 1 0 0 0 0 0 0 0 0 0
506 509 1 0 0 0 0 0 0 0 0 0
506 510 1 0 0 0 0 0 0 0 0 0
507 491 1 0 0 0 0 0 0 0 0 0
507 492 1 0 0 0 0 0 0 0 0 0
507 493 1 0 0 0 0 0 0 0 0 0
507 494 1 0 0 0 0 0 0 0 0 0
507 495 1 0 0 0 0 0 0 0 0 0
507 496 1 0 0 0 0 0 0 0 0 0
507 497 1 0 0 0 0 0 0 0 0 0
507 498 1 0 0 0 0 0 0 0 0 0
507 499 1 0 0 0 0 0 0 0 0 0
507 500 1 0 0 0 0 0 0 0 0 0
507 501 1 0 0 0 0 0 0 0 0 0
507 502 1 0 0 0 0 0 0 0 0 0
507 503 1 0 0 0 0 0 0 0 0 0
507 504 1 0 0 0 0 0 0 0 0 0
507 505 1 0 0 0 0 0 0 0 0 0
507 506 1 0 0 0 0 0 0 0 0 0
507 507 1 0 0 0 0 0 0 0 0 0
507 508 1 0 0 0 0 0 0 0 0 0
507 509 1 0 0 0 0 0 0 0 0 0
507 510 1 0 0 0 0 0 0 0 0 0
508 491 1 0 0 0 0 0 0 0 0 0
508 492 1 0 0 0 0 0 0 0 0 0
508 493 1 0 0 0 0 0 0 0 0 0
508 494 1 0 0 0 0 0 0 0 0 0
508 495 1 0 0 0 0 0 0 0 0 0
508 496 1 0 0 0 0 0 0 0 0 0
508 497 1 0 0 0 0 0 0 0 0 0
508 498 1 0 0 0 0 0 0 0 0 0
508 499 1 0 0 0 0 0 0 0 0 0
508 500 1 0 0 0 0 0 0 0 0 0
508 501 1 0 0 0 0 0 0 0 0 0
508 502 1 0 0 0 0 0 0 0 0 0
508 503 1 0 0 0 0 0 0 0 0 0
508 504 1 0 0 0 0 0 0 0 0 0
508 505 1 0 0 0 0 0 0 0 0 0
508 506 1 0 0 0 0 0 0 0 0 0
508 507 1 0 0 0 0 0 0 0 0 0
508 508 1 0 0 0 0 0 0 0 0 0
508 509 1 0 0 0 0 0 0 0 0 0
508 510 1 0 0 0 0 0 0 0 0 0
509 491 1 0 0 0 0 0 0 0 0 0
509 492 1 0 0 0 0 0 0 0 0 0
509 493 1 0 0 0 0 0 0 0 0 0
509 494 1 0 0 0 0 0 0 0 0 0
509 495 1 0 0 0 0 0 0 0 0 0
509 496 1 0 0 0 0 0 0 0 0 0
509 497 1 0 0 0 0 0 0 0 0 0
509 498 1 0 0 0 0 0 0 0 0 0
509 499 1 0 0 0 0 0 0 0 0 0
509 500 1 0 0 0 0 0 0 0 0 0
509 501 1 0 0 0 0 0 0 0 0 0
509 502 1 0 0 0 0 0 0 0 0 0
509 503 1 0 0 0 0 0 0 0 0 0
509 504 1 0 0 0 0 0 0 0 0 0
509 505 1 0 0 0 0 0 0 0 0 0
509 506 1 0 0 0 0 0 0 0 0 0
509 507 1 0 0 0 0 0 0 0 0 0
509 508 1 0 0 0 0 0 0 0 0 0
509 509 1 0 0 0 0 0 0 0 0 0
509 510 1 0 0 0 0 0 0 0 0 0
510 491 1 0 0 0 0 0 0 0 0 0
510 492 1 0 0 0 0 0 0 0 0 0
510 493 1 0 0 0 0 0 0 0 0 0
510 494 1 0 0 0 0 0 0 0 0 0
510 495 1 0 0 0 0 0 0 0 0 0
510 496 1 0 0 0 0 0 0 0 0 0
510 497 1 0 0 0 0 0 0 0 0 0
510 498 1 0 0 0 0 0 0 0 0 0
510 499 1 0 0 0 0 0 0 0 0 0
510 500 1 0 0 0 0 0 0 0 0 0
510 501 1 0 0 0 0 0 0 0 0 0
510 502 1 0 0 0 0 0 0 0 0 0
510 503 1 0 0 0 0 0 0 0 0 0
510 504 1 0 0 0 0 0 0 0 0 0
510 505 1 0 0 0 0 0 0 0 0 0
510 506 1 0 0 0 0 0 0 0 0 0
510 507 1 0 0 0 0 0 0 0 0 0
510 508 1 0 0 0 0 0 0 0 0 0
510 509 1 0 0 0 0 0 0 0 0 0
510 510 1 0 0 0 0 0 0 0 0 0
