0.535261473140569 0.668091626412206
0.456196759863981 0.266618066004383
0.00854176699544768 0.0652903075834105
0.446366815863412 0.259444356047311
0.532003469670482 0.735153323307256
0.0216297144661107 0.00540232064543912
0.718965961401293 0.730911513024061
0.275937237670085 0.247093912116725
0.00509680092863144 0.0219945748592068
0.574018311719268 0.320038537249367
0.375931534495072 0.668238146734025
0.0500501537856599 0.0117233160166153
0.484284174244394 0.364692456725715
0.502444217363447 0.625660434397503
0.0132716083921652 0.00964710887678578
0.387678521365178 0.29257005700643
0.607758024610913 0.69362420472611
0.00456345402391732 0.0138057382674693
0.601113213954651 0.556907012730331
0.397525207904148 0.442534957001535
0.00136157814119887 0.000558030268150588
0.454092499895462 0.408484165775178
0.533873570344497 0.587431454246668
0.0120339297600454 0.00408437997814911
0.776475562950431 0.761480421414331
0.204367714274403 0.219292233875021
0.0191567227751736 0.0192273447106505
0.67911835400298 0.698154514622059
0.307225931529324 0.295065878026357
0.0136557144677046 0.00677960735156866
0.414680886691196 0.429951806701637
0.579216798145081 0.569091973098694
0.00610231516372525 0.000956220199671266
0.440409798021752 0.457214382814759
0.536428532843599 0.527899035968133
0.0231616691346505 0.0148865812170951
0.564957152955461 0.514598010256677
0.418526783044155 0.471544005837022
0.0165160640003816 0.0138579839063002
0.660129227722802 0.57619309940158
0.330611394795705 0.408921329332355
0.00925937748149087 0.0148855712660576
0.448534060355295 0.513556156165408
0.526606797991987 0.478807087251043
0.0248591416527215 0.00763675658354378
0.599176168169251 0.598964554777649
0.387889388741085 0.370383952273221
0.0129344430896759 0.0306514929491255
0.4283488871586 0.464357016783124
0.553012767841092 0.517240650833737
0.0186383450003195 0.01840233238315
0.421308722637115 0.334243754032861
0.573464139751239 0.662862513633102
0.00522713761164883 0.00289373233403918
0.46203628766403 0.456170810078773
0.520011613558452 0.541579451040588
0.0179520987775219 0.00224973888064973
0.649618353730433 0.61781535612653
0.341617383122811 0.33471876778137
0.00876426314674995 0.0474658760920927
0.307588549059382 0.358329165259785
0.664885829682648 0.618512012043137
0.0275256212579661 0.0231588226970875
0.393696775959676 0.557086021177055
0.587368895324974 0.429601532080711
0.0189343287153445 0.0133124467422279
0.607813360915372 0.583428166272313
0.337577144190023 0.406598567601401
0.0546094948946128 0.00997326612629723
0.294102238415008 0.437269610875733
0.692272458619413 0.55130509947941
0.0136253029655826 0.0114252896448501
0.459151203336943 0.565768652597895
0.526448833284135 0.430387553089666
0.0143999633789244 0.00384379431244009
0.346255044669311 0.316013405714436
0.642603053922062 0.67415776907227
0.0111419014086326 0.00982882521330897
0.563569674236706 0.541750419129811
0.397890919734549 0.451098357582722
0.0385394060287439 0.00715122328747155
0.452264574966003 0.542910552200627
0.498072281674905 0.446249321709517
0.0496631433591043 0.0108401260898502
0.530010130682302 0.586608011121828
0.461214997609643 0.412958416015232
0.00877487170804871 0.000433572862934389
0.486582758913396 0.470822818015658
0.501168286073249 0.524848928464564
0.0122489550133674 0.00432825351978704
0.356125255687 0.351532364934846
0.629147748701766 0.642289372705718
0.0147269956112434 0.00617826235942867
0.505392441094654 0.325477263843792
0.453063132986476 0.627903554632499
0.0415444259188755 0.0466191815237067
0.528722463761579 0.682653445606537
0.438599302708435 0.314533188686034
0.0326782335300006 0.00281336570743182
0.520913459629071 0.569940707331053
0.45682307066591 0.424588654590232
0.0222634697050118 0.00547063807872452
0.352839466573774 0.34913235463873
0.593953508168508 0.644021401833019
0.0532070252577276 0.00684624352823971
0.61069193810066 0.623359566430224
0.377358075694224 0.374518575728056
0.0119499862051241 0.0021218578417206
0.665043334365238 0.829978623509454
0.321678953171526 0.155986434015289
0.0132777124632325 0.0140349424752558
0.49166589492415 0.452576460192123
0.501059682266072 0.502192955123751
0.00727442280978872 0.0452305846841159
0.2764394996764 0.529632287095654
0.693344826772999 0.466880582208095
0.0302156735506049 0.0034871306962381
0.334364092757705 0.514333550176121
0.643461473857724 0.480903906829325
0.0221744333845686 0.00476254299455414
0.562515610474334 0.660049905582251
0.42588200303993 0.333355624576763
0.0116023864857457 0.00659446984098576
0.605687017706203 0.623636814094666
0.36926312762254 0.375529661831474
0.0250498546712532 0.000833524073852811
0.417829413587433 0.474116094407919
0.542895680601606 0.520095700568053
0.039274905810948 0.00578820502401959
0.36500574979749 0.531961375193763
0.63077918922754 0.458909674401619
0.00421506097498168 0.00912895040461946
0.523594306250473 0.610715920892812
0.463232588818816 0.383467263775095
0.0131731049307007 0.00581681533208714
0.58881778529643 0.56919960368128
0.409254929019937 0.374078378716661
0.0019272856836406 0.0567220176020677
0.573342051440521 0.553759117266951
0.408756891127019 0.426140334653366
0.0179010574324715 0.0201005480796841
0.417841898635908 0.424350418021805
0.577095112402048 0.549714597650665
0.00506298896205202 0.0259349843275323
0.461287340801918 0.312552729537479
0.538232494598556 0.682751525698099
0.000480164599534746 0.00469574476443369
0.466666003399444 0.535062425978866
0.520448020183893 0.464709749844701
0.0128859764166485 0.00022782417643466
0.483125082715162 0.331892303464687
0.509061744619671 0.655910448979842
0.00781317266516714 0.0121972475554763
0.421487545398742 0.528572184728095
0.553282865427674 0.444278828874432
0.0252295891735862 0.0271489863974614
0.589482985159337 0.410864104027723
0.3998678157627 0.575952118007661
0.0106491990779716 0.0131837779646117
0.311433506911699 0.397461552162134
0.67970992232818 0.598795536705606
0.00885657076011957 0.00374291113226922
0.636662554197289 0.609340996581591
0.325391936977637 0.382241547387291
0.0379455088250857 0.0084174560311074
0.536270423918 0.62519783449903
0.452470524632003 0.35139112783664
0.01125905144999 0.0234110376643407
0.433570733665192 0.345264752866544
0.553255097876145 0.619446267790567
0.013174168458672 0.0352889793428941
0.71467908099214 0.567340879089501
0.270457825224666 0.360345295966567
0.0148630937832022 0.0723138249439263
0.614611721915934 0.779540462762501
0.377132427175013 0.212526562004458
0.00825585090905507 0.00793297523302792
0.51225999833845 0.503024825691513
0.487701872576491 0.478320671500583
3.81290850604364e-05 0.0186545028078982
0.614531259017155 0.581073169853937
0.380432835382033 0.400759670337511
0.00503590560081515 0.0181671598085486
0.450535603675121 0.626946297958738
0.542678274806991 0.367742786802669
0.0067861215178822 0.00531091523860105
0.59128747202681 0.751422990591787
0.37024062189454 0.217886831559602
0.0384719060786372 0.0306901778486051
0.335624755473391 0.416900184995391
0.620511453812626 0.561081324566443
0.0438637907139921 0.0220184904381605
0.35499778761863 0.53107497723153
0.624712594613808 0.445407006721608
0.020289617767563 0.0235180160468613
0.494938996285269 0.464575587095108
0.490937238065797 0.528691185382189
0.0141237656489359 0.00673322752269634
0.339529878064246 0.418230812171886
0.648143312773019 0.572942027498883
0.0123268091627276 0.00882716032921848
0.420876837609451 0.558013546167314
0.544863623450113 0.435667908533848
0.0342595389404351 0.00631854529884519
0.540850520055186 0.558777281867533
0.45535230470354 0.420349594121526
0.00379717524127343 0.0208731240109494
0.674293363577352 0.690152024428066
0.321878040077308 0.299052531602847
0.00382859634534996 0.0107954439690988
0.359194824965578 0.267209069427792
0.5846157573625 0.697997081936475
0.0561894176719188 0.0347938486357433
0.534689990020922 0.568830088282921
0.432370888776235 0.416031955353897
0.0329391212028371 0.0151379563631958
0.485698116852362 0.590260590769166
0.490927962341328 0.401048889087708
0.0233739208063138 0.00869052014311842
0.40785160798098 0.217479671051279
0.586183076374667 0.782225627155109
0.00596531564434918 0.000294701793612821
0.437745791496468 0.529075925022214
0.5600816682646 0.431266451251628
0.0021725402389381 0.0396576237261535
0.536775787383189 0.74777968995102
0.461049648907471 0.212774668192746
0.00217456370935492 0.0394456418562221
0.693150286689385 0.530408557499145
0.301975372316631 0.456801887178491
0.00487434099399395 0.0127895553223494
0.402375019060002 0.503616403128263
0.57892981329871 0.494633036520309
0.0186951676412978 0.00175056035143251
0.437854721004917 0.445142399917022
0.540972985216072 0.540232708761608
0.0211722937789977 0.0146248913213599
0.462721148720997 0.614422692471422
0.525242058612474 0.369701643068046
0.0120367926665447 0.015875664460522
0.445138532043695 0.287833712586602
0.526713073653639 0.69555616456547
0.0281483943026734 0.0166101228479234
0.530029639025652 0.462363517151515
0.46257015564043 0.533111431660914
0.00740020533393349 0.00452505118758016
0.780060370515118 0.848310091000942
0.213376945504859 0.144203199244018
0.00656268398001377 0.00748670975503196
0.363116150490788 0.531783453911333
0.630245869048565 0.460544660977751
0.00663798046064378 0.00767188511090204
0.533077699102141 0.631954336031288
0.461642906300043 0.347573999539186
0.0052793945978045 0.0204716644295266
0.442776552021505 0.540456483149625
0.518901566710895 0.443005980087777
0.0383218812675918 0.0165375367625966
0.581089946407007 0.604694606319126
0.330477115438214 0.391491678701191
0.0884329381547816 0.00381371497968367
0.589201591823826 0.630690076183728
0.40719001078952 0.346247337958769
0.00360839738665586 0.0230625858574957
0.625311993761031 0.637148372165755
0.370871332448252 0.352105801428367
0.00381667379071957 0.0107458264058823
0.500819157173961 0.435687174573788
0.494629377475008 0.561923617642377
0.00455146535103301 0.00238920778383545
0.338836221675019 0.472000107971776
0.624862509944183 0.490055653010866
0.0363012683808039 0.0379442390173708
0.489776469974895 0.382692836222417
0.491775824133412 0.615603455489759
0.0184477058917042 0.00170370828782175
0.541364674773324 0.474568472360868
0.421960832940288 0.489061612407794
0.0366744922863776 0.0363699152313472
0.523563878516725 0.602483925525531
0.474725869336856 0.343728438455066
0.00171025214640565 0.0537876360193884
0.575975293909396 0.704419674707725
0.405583199026091 0.263355265174548
0.0184415070644963 0.032225060117715
0.646273079388781 0.772629219845056
0.342388284049062 0.20691646794479
0.0113386365621526 0.0204543122101343
0.500813964596447 0.548408222001553
0.484799325346902 0.447594528318463
0.0143867100566428 0.00399724967998869
0.553468161158735 0.721340253477137
0.432853717453652 0.274048535751141
0.0136781213876011 0.00461121077173266
0.447428928592993 0.620730540648022
0.54463666580382 0.37818340523969
0.00793440560318914 0.00108605411229521
0.615221333098188 0.685478652072738
0.381978857242649 0.313380684782542
0.00279980965916445 0.00114066314472297
0.517482498620307 0.471213110710304
0.477509334396571 0.518977543861677
0.00500816698313464 0.0098093454280372
0.6305782295845 0.636077689416607
0.367095570149933 0.327799385222499
0.00232620026557289 0.036122925360889
0.469052893537438 0.403289449785409
0.526731448959137 0.585110657051003
0.00421565750343099 0.011599893163595
0.434886161544248 0.368964898391962
0.551590797492923 0.629584738300079
0.0135230409628145 0.00145036330796302
0.587977873263639 0.624974477160095
0.378278012398449 0.366790769723882
0.0337441143379113 0.00823475311601474
0.43785705605706 0.670590746163322
0.519236049059412 0.295052018788505
0.0429068948835286 0.034357235048181
0.327789357411261 0.442474463393978
0.664740995223949 0.516835206581688
0.00746964736479601 0.0406903300243264
0.392018500671958 0.430406745702345
0.598421918186716 0.55035848160456
0.00955958114131844 0.0192347726930984
0.445197469651435 0.596297059548024
0.507639451050536 0.389928670592571
0.0471630792980259 0.0137742698594002
0.350535833653546 0.439963963853076
0.602460125161939 0.546276431993773
0.0470040411845188 0.0137596041531456
0.457532649104296 0.349618605598431
0.536416610506022 0.635763996881621
0.00605074038968399 0.014617397519954
0.465609452054935 0.550602783484736
0.521083957663066 0.447931369953116
0.0133065902819903 0.00146584656214375
0.5377210059583 0.329038895441416
0.44956679745826 0.640647288444814
0.0127121965834458 0.0303138161137716
0.438093949385915 0.314126896050086
0.559078736775572 0.651388703429305
0.00282731383852368 0.0344844005205938
0.616703587303223 0.726980737645249
0.353515925457543 0.267886336008788
0.0297804872392289 0.00513292634595697
0.598051637736262 0.74068112471331
0.391633801648709 0.25919670050869
0.0103145606150266 0.000122174778002484
0.459033233296058 0.559935149879992
0.528676057971054 0.405686850291488
0.0122907087328775 0.0343779998285186
0.604787579410455 0.712305742743754
0.376575392620856 0.280856173055326
0.018637027968694 0.00683808420091489
0.413948631756874 0.285229360968395
0.557736560610055 0.675598111744986
0.028314807633073 0.0391725272866312
0.476642803554099 0.463462555593859
0.504704076221671 0.529085066928421
0.0186531202242328 0.00745237747771762
0.559282199079531 0.691551916150997
0.436325789283635 0.300559884772207
0.00439201163682232 0.00788819907680715
0.338426179791006 0.286788898372208
0.644028614749843 0.712851948445356
0.0175452054591641 0.000359153182434703
0.500707478170856 0.46275377037279
0.490475560591861 0.530988260246432
0.00881696123727392 0.00625796938076472
0.383542831798104 0.270915568792729
0.593941940483258 0.72859606907817
0.0225152277186472 0.000488362129098766
0.293813275027141 0.258838019311263
0.665997529336209 0.736168133007706
0.0401891956366505 0.00499384768104075
0.485620786090082 0.660700222645243
0.51008321106372 0.311987165175568
0.00429600284618527 0.0273126121791769
0.499403546665865 0.391095626363079
0.499943612390781 0.607282026170094
0.000652840943340951 0.00162234746681975
0.470337280530884 0.487071609892937
0.489009089385203 0.490930912329986
0.0406536300839227 0.0219974777770773
0.462666287319204 0.468880438373906
0.537233901184554 0.502331121427701
9.98114962424037e-05 0.0287884401983854
0.396168803898894 0.451414211237803
0.599827873357811 0.545330345948388
0.00400332274328929 0.00325544281381545
0.473474707936152 0.489294225046266
0.519810363783974 0.480302244041937
0.0067149282798675 0.0304035309117916
0.474355518490366 0.492845222743082
0.517533315202285 0.489130526963265
0.00811116630735874 0.0180242502936617
0.478529431615128 0.328720850457735
0.505535902877214 0.622797169284639
0.0159346655076651 0.0484819802576126
0.251993710685534 0.375558399223701
0.739998784688584 0.612650130048223
0.0080075046258774 0.0117914707280791
0.341233892868821 0.360782283237009
0.616718566885697 0.627104576210558
0.0420475402454878 0.0121131405524368
0.466311748259685 0.512995644340479
0.515094192353672 0.47262984866507
0.0185940593866434 0.0143745069944461
0.375101472855613 0.228642957407063
0.613742192055948 0.763130925328871
0.0111563350884508 0.0082261172640567
0.493918126289259 0.629739504666201
0.499066971744198 0.360267184364512
0.00701490196653953 0.00999331096928115
0.37215262485049 0.37098061514765
0.608555539961444 0.628626113561481
0.0192918351880761 0.000393271290878055
0.475291013363725 0.388143641374428
0.522170471584843 0.597692623348222
0.00253851505144214 0.0141637352773488
0.421448740489023 0.405500726300339
0.578381357560773 0.591416695593424
0.000169901950202278 0.00308257810622452
0.423158891594693 0.318267348066286
0.552525132906741 0.675352860588121
0.0243159754985577 0.00637979134559436
0.584462196263817 0.552017898792672
0.415123556210894 0.428516329539548
0.000414247525284627 0.0194657716677721
0.604800285708749 0.492805223868517
0.383272503301419 0.494841703690738
0.0119272109898214 0.0123530724407377
0.531335821946203 0.428340360237412
0.467376592234434 0.564993789529224
0.00128758581934706 0.0066658502333722
0.454084862459755 0.428710436014971
0.542750209451854 0.571039002562823
0.00316492808838963 0.000250561422207642
0.492031278494228 0.338856242723775
0.462809491118075 0.649185471126043
0.0451592303876923 0.0119582861501815
0.576753178220302 0.611647781955423
0.409930637010308 0.385618062695034
0.0133161847693983 0.00273415534954053
0.360351037284777 0.464287972419698
0.58933714067014 0.534392842709562
0.0503118220450695 0.00131918487074278
0.450403143819978 0.694523131824202
0.530365318851177 0.277594675745994
0.0192315373288596 0.0278821924298142
0.48530925544166 0.419999839176756
0.509996120525612 0.576873226046129
0.004694624032736 0.00312693477712172
0.73017428318907 0.440804869746347
0.267777330891276 0.550206394426413
0.00204838591963962 0.00898873582724067
0.460934046597534 0.178791572985119
0.533689817948076 0.789179539871762
0.00537613545438166 0.0320288871431167
0.569304109209778 0.548856638204784
0.428278424044684 0.447909837921243
0.00241746674553877 0.0032335238739655
0.640614440298351 0.676727310308807
0.336709983831243 0.313118268309354
0.0226755758703984 0.0101544213818468
0.44011258572503 0.585598021251886
0.521625489037717 0.398894069444851
0.0382619252372569 0.0155079093032531
0.495796514558417 0.46217560949009
0.502143575370312 0.528630940247
0.00205991007128221 0.00919345026290694
0.54652042041745 0.447409002634784
0.423165637176413 0.548422905503798
0.030313942406127 0.00416809186142229
0.404289315699277 0.436223077076322
0.591557121299331 0.562640766968529
0.0041535630013899 0.0011361559551435
0.646164519305895 0.514210444368076
0.34483044221188 0.483279179875582
0.00900503848223023 0.00251037575633607
0.568507542564188 0.56941093864407
0.412749489052618 0.408838533458838
0.0187429683831991 0.0217505278970829
0.698791506007245 0.790853170941924
0.298789728710836 0.208301071994544
0.00241876528191587 0.000845757063531033
0.553822759662121 0.491635896389749
0.439971807536226 0.48647160311755
0.00620543280165993 0.0218925004927076
0.669837076151039 0.427025247232336
0.315093316989953 0.560298027442131
0.0150696068590217 0.0126767253255272
0.516728581308244 0.647942553384198
0.481331960500558 0.334218917678072
0.00193945819119416 0.0178385289377397
0.603139541199876 0.608793097309263
0.382759006130016 0.389109512713124
0.0141014526701184 0.00209738997761628
0.344822444940942 0.508097971326322
0.614664179852684 0.482080332531396
0.0405133752063841 0.00982169614227762
0.493305391109799 0.393258929285917
0.504348449745421 0.604241468655756
0.00234615914478404 0.00249960205832017
0.684586507462541 0.840306169649615
0.295778457734877 0.155889329486758
0.0196350348025818 0.00380450086361784
0.566701238053595 0.624000353735483
0.418397798953225 0.279376310110423
0.0149009629931883 0.0966233361540831
0.585535109550348 0.472253576859199
0.407187957154919 0.526099267563496
0.00727693329472097 0.00164715557730568
0.590031657864313 0.376520881001568
0.409252729601347 0.587153314727163
0.000715612534342272 0.0363258042712777
0.418961423250061 0.274647150114077
0.560908808964386 0.698539847627733
0.0201297677855391 0.0268130022581942
0.465530356916604 0.545823461942121
0.522269768129093 0.412461277268147
0.0121998749543016 0.0417152607897338
0.30588627121147 0.470256322931623
0.685947538396861 0.514917311687003
0.00816619039167593 0.0148263653813584
0.602250201733 0.70568719860075
0.392334998750282 0.271947456832492
0.00541479951671806 0.0223653445667592
0.643068678244223 0.64142758618824
0.349673789776881 0.333889802241971
0.00725753197889561 0.0246826115697753
0.353578951829031 0.386124115511416
0.628797890701662 0.60482910134884
0.0176231574693091 0.00904678313975443
0.459071908277034 0.27557977122032
0.530741279252652 0.715435322675717
0.0101868124703214 0.00898490610396596
0.407413075790355 0.350923828137614
0.549371273112583 0.63275057319838
0.0432156510970572 0.0163255986640133
0.471300940094167 0.184696819476488
0.510154566284043 0.797812492863261
0.0185444936217891 0.0174906876602671
0.632378976458825 0.674715962282447
0.357446403472699 0.301154911607221
0.0101746200684645 0.0241291261103405
0.634049409112436 0.792180814943822
0.362345961051314 0.157331717032759
0.00360462983624185 0.0504874680234152
0.585978386620593 0.482434380864234
0.386578422106595 0.509680312713211
0.0274431912728057 0.00788530642256165
0.468322745444708 0.59787229926512
0.474758086239565 0.369531366461098
0.0569191683157253 0.0325963342737968
0.459210227689725 0.742647160797904
0.528144934075498 0.205582109330226
0.0126448382347764 0.0517707298718625
0.36130874819582 0.584197166113468
0.626949070410322 0.402315494669442
0.0117421813938569 0.0134873392170978
0.522197678347485 0.614581808312906
0.456642118140299 0.374221253091132
0.0211602035122059 0.0111969385959486
0.249806327061671 0.396713344367906
0.74630696876977 0.592045242403795
0.00388670416856041 0.0112414132283087
0.588666833511358 0.754104351297871
0.39824617922 0.232465294140589
0.0130869872686301 0.0134303545615525
0.552130817515946 0.529050031027833
0.443772277028286 0.452439119542816
0.00409690545576469 0.0185108494293601
0.588632393001789 0.582332638860365
0.403928045515334 0.396339250629073
0.00743956148285973 0.0213281105105486
0.530339425151852 0.425788237868079
0.452824819913965 0.568478464505919
0.016835754934185 0.00573329762599426
0.470083031807989 0.214460988513754
0.482780864812167 0.780160339725695
0.0471361033798457 0.00537867176055545
0.515548129344683 0.522022551511284
0.483789167446858 0.477931194091472
0.000662703208445355 4.62543972347031e-05
0.560422645740102 0.421249559158242
0.423957534114781 0.554634934571258
0.0156198201451243 0.024115506270487
0.472647057076246 0.461507385120514
0.506421701860788 0.525189214089436
0.0209312410629666 0.0133034007900511
0.444444963467215 0.605363592710659
0.549649664200838 0.392318559528594
0.00590537233196324 0.0023178477607515
0.437168827527651 0.592750338386039
0.559807842036816 0.405446933744599
0.00302333043554652 0.0018027278693733
0.566737481735687 0.444318671274248
0.401830046715537 0.555403765631922
0.0314324715487651 0.000277563093832004
-999 -999
-999 -999
-999 -999
-999 -999
-999 -999
-999 -999
