0.35173479893888 0.538666106971801
0.631505456686263 0.388845010676615
0.0167597443748554 0.072488882351583
0.577279176826835 0.528672675262608
0.416212268139297 0.415011208950489
0.00650855503386741 0.0563161157869014
0.294847765765496 0.315247856481213
0.696406444454302 0.629365951096456
0.00874578978020264 0.0553861924223294
0.429007777765716 0.444567946988304
0.561102659647843 0.495679579226912
0.00988956258644146 0.059752473784785
0.507435883952624 0.419257553903301
0.481634808993323 0.539252413547196
0.0109293070540516 0.0414900325495021
0.457390215519629 0.363803256181723
0.538410683450538 0.437104543410838
0.00419910102983358 0.199092200407438
0.624143109294023 0.723138804205176
0.368418549350185 0.222143077651142
0.00743834135579285 0.0547181181436826
0.608072133188556 0.420087787227022
0.385615683203301 0.51805173125803
0.00631218360814312 0.0618604815149465
0.580120939811595 0.549088163394622
0.41039472070671 0.41001054510441
0.00948433948169348 0.0409012915009666
0.571317706508905 0.533340824274276
0.416614707226813 0.387458610192881
0.0120675862642825 0.0792005655328433
0.330455122155257 0.258168310828758
0.645506489443262 0.695628825185449
0.0240383884014821 0.0462028639857924
0.336963599512562 0.261827165588277
0.654463769726599 0.696271768059945
0.00857263076083951 0.0419010663517777
0.65391337816078 0.606337684191968
0.338368928923669 0.343639305190498
0.00771769291555143 0.0500230106175355
0.435737464235081 0.555880479315079
0.558589527562672 0.39346253537253
0.0056730082022469 0.0506569853123913
0.397090896544526 0.416729662796032
0.582637954547721 0.510586601662058
0.0202711489077535 0.0726837355419088
0.488682965473889 0.521373045027858
0.496744853976559 0.326706075138686
0.0145721805495517 0.151920879833456
0.564023333948951 0.576961201944228
0.429213912109435 0.384796664647905
0.00676275394161276 0.0382421334078671
0.634280479775651 0.528783857728081
0.356651546110547 0.433702958573021
0.0090679741138018 0.0375131836988985
0.4458078143671 0.505596988403135
0.542988385423466 0.449437665754144
0.0112038002094324 0.0449653458427202
0.619538116244327 0.463629265031281
0.375209010620156 0.453103228789476
0.00525287313551676 0.0832675061792423
0.544597922293669 0.617236410716942
0.445932191778561 0.349078157610867
0.00946988592777215 0.0336854316721929
0.465087643930089 0.410416003262501
0.526034891583573 0.525278953354437
0.00887746448633809 0.0643050433830614
0.62867050769189 0.577665325889726
0.356067482225382 0.311688552141753
0.0152620100827275 0.11064612196852
0.450618474338721 0.416349143470778
0.542263211252869 0.536344548366582
0.00711831440840967 0.0473063081626397
0.304071068215581 0.380774519305796
0.684738532834625 0.579552255791378
0.0111903989497924 0.0396732249028267
0.448863517927306 0.557028491005119
0.536565709102067 0.291591499013592
0.0145707729706282 0.151380009981288
0.433509751839154 0.441983800071965
0.554753515981412 0.48516806591432
0.0117367321794334 0.072848134013715
0.407381408809759 0.365449376661008
0.581274496457686 0.59736665352248
0.011344094732556 0.0371839698165114
0.491108032534439 0.319442567645135
0.499201749975861 0.606630512638209
0.00969021748970003 0.0739269197166559
0.335987542219835 0.334920047513096
0.648181723672413 0.608151288348816
0.0158307341077523 0.0569286641380882
0.378432312056963 0.388627003453565
0.595124524799529 0.534580691010304
0.0264431631435072 0.0767923055361307
0.562427499084928 0.546160305051472
0.430117977324556 0.397041568320117
0.00745452359051475 0.0567981266284115
0.362455880560206 0.32429984512263
0.62306207930731 0.565127194955207
0.0144820401324842 0.110572959922163
0.497463057179273 0.4448621470003
0.487447333395124 0.500689070680107
0.0150896094256043 0.0544487823195935
0.550412268927811 0.482625823893122
0.436810164101731 0.432190033099969
0.0127775669704557 0.0851841430069093
0.444693877537661 0.447120228373671
0.542183972895926 0.510895860305124
0.0131221495664135 0.0419839113212031
0.473668555404008 0.394359861875983
0.51382036242422 0.554379439776713
0.012511082171772 0.0512606983473045
0.56866974060555 0.509887057926853
0.420668557481556 0.450725121211117
0.0106617019128949 0.0393878208620294
0.446929156133953 0.43445276675678
0.544539038086291 0.492075266729591
0.00853180577975722 0.0734719665136281
0.446799044869989 0.431457054733762
0.544390225385176 0.53924359869882
0.0088107297448337 0.0292993465674177
0.458139356114162 0.271214977914448
0.535533418125982 0.674427978771949
0.00632722575985591 0.0543570433136047
0.368500634191575 0.430220189823364
0.620691416050189 0.505890751997103
0.0108079497582362 0.0638890581795315
0.683640184023899 0.648225747647836
0.296993537330414 0.305488746073228
0.0193662786456871 0.0462855062789356
0.413101834067905 0.187757849703355
0.58116041415257 0.732751708716053
0.00573775177952464 0.0794904415805927
0.507219659852726 0.41148740783222
0.486153413178581 0.492088457746934
0.00662692696869323 0.0964241344208465
0.517490650959053 0.590285355606666
0.476289009696425 0.348448933160493
0.00622033934452078 0.0612657112328413
0.588972362376333 0.64004106631088
0.3958306167347 0.293577556868529
0.0151970208889684 0.0663813768205903
0.607342871120442 0.574961392781386
0.38018316338866 0.338234155476274
0.0124739654908967 0.0868044517423392
0.570965536252599 0.51512385435253
0.414666471910086 0.433722874382714
0.014367991837315 0.0511532712647566
0.415447087843467 0.3243692856403
0.573530329813792 0.617613301505006
0.0110225823427387 0.058017412854695
0.490543573979917 0.504507261134029
0.499395213036392 0.464947916924898
0.0100612129836919 0.0305448219410717
0.524267529452079 0.438485030596602
0.465162604258308 0.484499163678517
0.0105698662896139 0.0770158057248805
0.584806642855252 0.715735029601725
0.402190566972196 0.232535014689546
0.0130027901725521 0.0517299557087272
0.609016283562986 0.603980455070139
0.37922548115958 0.29758643686301
0.0117582352774338 0.0984331080668503
0.507940570845743 0.487484113943597
0.482854103499728 0.463780965684532
0.00920532565453046 0.0487349203718704
0.636239948893998 0.503211230783237
0.351034008946899 0.419506402611712
0.0127260421591041 0.077282366605051
0.443596185449785 0.416975775676495
0.540463850834874 0.538472244919581
0.0159399637153389 0.0445519794039233
0.385357707618795 0.473303206472162
0.607669462334606 0.426634693222938
0.00697283004659721 0.1000621003049
0.367916399426941 0.357401073792498
0.622865073891688 0.590861165323669
0.00921852668137136 0.0517377608838336
0.528818702380229 0.502724456717603
0.457468128828164 0.452429310159773
0.0137131687916086 0.0448462331226238
0.377346632090808 0.289066260574821
0.61586071312131 0.626786617550908
0.00679265478788167 0.0841471218742709
0.459457664113289 0.623681349952768
0.531609677447232 0.279636269598197
0.00893265843947948 0.0966823804490342
0.401709510333533 0.25571526973534
0.575441650185373 0.701383896304944
0.0228488394810946 0.0429008339597164
0.346801150116526 0.277671642776629
0.636794145361049 0.666371785831603
0.0164047045224236 0.055956571391769
0.57345624015776 0.51212537921246
0.415064553122743 0.4247347714596
0.0114792067194963 0.063139849327939
0.543997204368055 0.635736545944588
0.451556545339646 0.326869770532675
0.00444625029229802 0.0373936835227377
0.572728941627035 0.58882282570842
0.416411750308649 0.359307001332491
0.0108593080643163 0.0518701729590889
0.565235124889606 0.560003826292738
0.425261547870026 0.366088212242809
0.00950332724036639 0.0739079614644528
0.345488854205292 0.400698216013314
0.646185768767994 0.430828351648271
0.00832537702671352 0.168473432338415
0.529173193632557 0.464242296381732
0.459069660509517 0.493339734054691
0.0117571458579269 0.0424179695635767
0.43573894843599 0.575463416881606
0.557422825930015 0.364609374209173
0.00683822563399507 0.0599272089092203
0.494265284841542 0.469083415371701
0.498368463611856 0.468890593983765
0.00736625154660127 0.062025990644535
0.462762468066186 0.423622891980599
0.520867007867928 0.511853575898528
0.0163705240658856 0.0645235321208734
0.56559644005646 0.412782426432646
0.423975913477753 0.533341229923168
0.0104276464657861 0.0538763436441852
0.286161090620862 0.213357262117445
0.702279157918771 0.721331280186275
0.0115597514603674 0.0653114576962819
0.477342104767636 0.547234149624583
0.50552858960064 0.368778828026493
0.0171293056317239 0.083987022348923
0.356899565502599 0.350039199194101
0.622703249167051 0.596398225847021
0.0203971853303487 0.0535625749588767
0.524767330032967 0.417223542932033
0.455491941652586 0.508824672036143
0.0197407283144477 0.0739517850318244
0.442524877538306 0.498865885202316
0.541514860718549 0.36073454971635
0.0159602617431459 0.140399565081334
0.724427874191391 0.759700746799672
0.264270367222049 0.168418747128407
0.0113017585865603 0.0718805060719222
0.473286241202739 0.348997930393115
0.518341179016641 0.60839722455243
0.00837257978061909 0.0426048450544565
0.593204329303093 0.520414323735519
0.396321557517554 0.415644515654364
0.0104741131793542 0.0639411606101179
0.507422673957405 0.519320933045537
0.484020392604417 0.418684190175728
0.00855693343817892 0.0619948767787359
0.358219813532915 0.314125037692343
0.634058365201179 0.527115796689491
0.00772182126590624 0.158759165618166
0.347045990894086 0.342927219538426
0.640072690162681 0.586531610219004
0.0128813189432312 0.0705411702425692
0.490907294969245 0.34492264948201
0.502747081655351 0.543586377495552
0.00634562337540237 0.11149097302244
0.420518600422668 0.398297573762281
0.552862891161932 0.532786623543781
0.0266185084154017 0.0689158026939378
0.497678886821589 0.432732827946807
0.492899798791061 0.457478158941047
0.00942131438734981 0.109789013112147
0.686879906470559 0.619695789767775
0.303978935468739 0.304855439999655
0.00914115806070183 0.0754487702325718
0.536953318660707 0.537991587936897
0.451343211392736 0.345273603730114
0.0117034699465566 0.116734808332989
0.42311868465156 0.414679590572599
0.555927962679261 0.51527181528377
0.0209533526691792 0.0700485941436309
0.454301723398422 0.463947162611753
0.534067095876208 0.468277120927795
0.0116311807253688 0.0677757164604507
0.635164711477922 0.545358892861473
0.349035276719811 0.401603191114751
0.0158000118022673 0.0530379160237774
0.48178985768078 0.471044048162589
0.508943842919891 0.437300359286112
0.00926629939932755 0.0916555925512988
0.562986269727 0.64173155759123
0.419245063955731 0.322706028458013
0.0177686663172693 0.0355624139507569
0.529199188166143 0.433711763278315
0.46298959729618 0.443362250975153
0.00781121453767577 0.122925985746533
0.590640278026056 0.484063470881451
0.401527181629195 0.423835697483722
0.00783254034474865 0.0921008316348257
0.427776237396986 0.489888667763469
0.559617846564507 0.480765332242215
0.0126059160385084 0.0293459999943163
0.473497040177908 0.578677022232396
0.510660868364892 0.357842661984583
0.0158420914571986 0.0634803157830216
0.405691095864215 0.308353165909809
0.582857544182745 0.510511683944947
0.0114513599530407 0.181135150145243
0.296021800911823 0.346216847288431
0.689428976852266 0.583995894382996
0.0145492222359117 0.0697872583285732
0.49937887992675 0.553387621676156
0.486180073047817 0.366477990299505
0.0144410470254318 0.080134388024339
0.517549913847352 0.505201797773615
0.467029581602667 0.336484413326077
0.0154205045499807 0.158313788900309
0.395058710318599 0.552266928162679
0.594422246928219 0.375145812229139
0.0105190427531819 0.0725872596081837
0.45548600953252 0.418467524922022
0.528374253455879 0.530820738910183
0.0161397370116018 0.0507117361677934
0.347443924826801 0.327435612877864
0.637595636756161 0.495351884806158
0.0149604384170375 0.177212502315977
0.41205093853864 0.325559211185993
0.573710945731426 0.598208053158066
0.0142381157299323 0.0762327356559425
0.604821367119876 0.492983761810853
0.387657807500393 0.443347599550588
0.00752082537972936 0.0636686386385579
0.59482572232892 0.503115611525607
0.393942956007228 0.439153111518193
0.0112313216638533 0.0577312769562009
0.429682020819222 0.566272287754726
0.563406111485586 0.380241071184173
0.00691186769519365 0.0534866410611014
0.483418364477218 0.57764251203498
0.508597379016536 0.373338573374439
0.00798425650624576 0.0490189145905816
0.338083682968448 0.303313258319676
0.65168970525968 0.595913112058519
0.0102266117718715 0.100773629621805
0.172289220634337 0.292329738041268
0.82030583400553 0.621506519115365
0.0074049453601331 0.0861637428433666
0.665727032245212 0.384495866190083
0.327716327715549 0.563305531508572
0.00655664003923945 0.0521986023013438
0.418341868538208 0.344253910965313
0.571917700607699 0.574161512842149
0.00974043085409099 0.0815845761925393
0.566670835305281 0.624704523780501
0.418856180768908 0.268775802124394
0.0144729839258133 0.106519674095105
0.571059859766244 0.438162518384125
0.419041140182085 0.522641821547665
0.00989900005167395 0.0391956600682121
0.468239753879918 0.212201510693932
0.522366710932457 0.610763258371419
0.00939353518762563 0.177035230934648
0.530983343731445 0.452238143486391
0.457029227879088 0.482330326712938
0.0119874283894665 0.0654315298006713
0.632040636640742 0.506309135747015
0.350616204413425 0.381051029584771
0.0173431589458328 0.112639834668214
0.265512747925705 0.234198068230916
0.7228654749792 0.712462557873173
0.0116217770950945 0.0533393738959094
0.451552862164009 0.423263946192496
0.536810137626987 0.518612354920737
0.0116370002090034 0.0581236988867671
0.376052931539574 0.444244485520891
0.598992893584305 0.505168870858291
0.0249541748761218 0.0505866436208172
0.66962295294754 0.64040625262338
0.320415904867488 0.312526004818856
0.00996114218497388 0.0470677425577618
0.676583526690585 0.487593211623681
0.315577181494799 0.367810427416785
0.00783929181461536 0.144596360959534
0.526539775802254 0.391707258174443
0.461799463577807 0.52799637088536
0.0116607606199386 0.080296370940197
0.501049271077768 0.395379537728691
0.494006053065796 0.523708803452193
0.00494467585643737 0.080911658819115
0.335078850369755 0.208735655341476
0.644978115942219 0.733237597401132
0.0199430336880268 0.0580267472573931
0.58692765392198 0.56712928357511
0.406119948826122 0.352709648432993
0.00695239725189772 0.0801610679918974
0.64091430106883 0.671851304558756
0.346080424975894 0.291255003751095
0.0130052739552761 0.0368936916901479
0.466640455742544 0.50534056047349
0.526655800785771 0.428030762929951
0.00670374347168515 0.0666286765965603
0.602865749351603 0.553200933459084
0.380647897534876 0.279465221033246
0.0164863531135223 0.167333845507668
0.572560100465097 0.582561189159446
0.418846115767157 0.358201600850235
0.00859378376774481 0.0592372099903182
0.42860619311799 0.254984421336535
0.560854162925021 0.684185752673908
0.0105396439569887 0.0608298259895556
0.457131746020948 0.373531210489439
0.534930515714633 0.557930186501491
0.00793773826441922 0.0685386030090687
0.48684520367273 0.405615195605346
0.503071141734141 0.454332878584682
0.0100836545931273 0.140051925809971
0.611741176954293 0.552876603046421
0.378501720267754 0.406759933960169
0.0097571027779523 0.0403634629934112
0.614997481496768 0.63795076003616
0.376627082065532 0.321948221852066
0.00837543643770195 0.0401010181117729
0.334800017090053 0.243981195176079
0.656537785599479 0.702297242170459
0.0086621973104677 0.0537215626534625
0.388926507429771 0.374225144001294
0.596652419819563 0.579095887261118
0.0144210727506663 0.0466789687375871
0.264644081449217 0.343385885865267
0.725649566476421 0.577971644917887
0.00970635207436268 0.0786424692168469
0.483512508011503 0.378622871967794
0.504666802124381 0.505941815803763
0.0118206898641153 0.115435312228444
0.704976737706372 0.689585161679256
0.287096382721006 0.226664446348668
0.00792687957262162 0.0837503919720763
0.441075149129282 0.293904890479936
0.549076398293015 0.660012078442264
0.00984845257770349 0.0460830310777993
0.597688420768776 0.558947632640484
0.389096536532778 0.379833424829568
0.0132150426984463 0.0612189425299468
0.588638452924724 0.620925263484029
0.396196001509407 0.318339671818423
0.0151655455658683 0.0607350646975476
0.481775363941979 0.495328164558006
0.509509676507989 0.458444624563793
0.00871495955003211 0.0462272108782009
0.534929873907084 0.579971359334007
0.456142381383202 0.369864068197434
0.00892774470971361 0.050164572468559
0.659149201803767 0.715193361772499
0.334215855054482 0.223868176361576
0.00663494314175045 0.0609384618659251
0.50762083510436 0.522227403960588
0.48104436794803 0.375517300744366
0.0113347969476097 0.102255295295045
0.487207197683934 0.542529202584832
0.505504067960367 0.389928586847997
0.00728873435569906 0.0675422105671709
0.654116274913293 0.602125595893189
0.332367414119033 0.245805071615692
0.0135163109676748 0.152069332491119
0.46345398128219 0.435368075174059
0.527176751407268 0.498042066197684
0.00936926731054194 0.0665898586282573
0.454030209293351 0.338384423123646
0.532264746672366 0.580163355314217
0.0137050440342832 0.081452221562137
0.465753747036432 0.441629814993078
0.522443486499651 0.480625025265194
0.011802766463917 0.0777451597417269
0.616901885919784 0.421932950379389
0.374076093141586 0.519463681222807
0.00902202093863039 0.0586033683978058
0.569096184972973 0.610604242162462
0.42391080227976 0.287301875393027
0.00699301274726762 0.102093882444511
0.600496177731547 0.476681234264429
0.391721426074098 0.485373944765302
0.00778239619435409 0.0379448209702683
0.607991149465961 0.657797651728628
0.378828411203491 0.28422794966225
0.0131804393305473 0.057974398609121
0.633574082467011 0.707132844987
0.32374845140865 0.257135193573978
0.042677466124338 0.0357319614390236
0.437889119459554 0.308297897411392
0.552709044543415 0.548456264042444
0.00940183599703087 0.143245838546165
0.603833298040256 0.587470602556516
0.383735294584817 0.310340874444266
0.012431407374925 0.102188522999219
0.406240023037069 0.381946367166997
0.585171148144075 0.551335026429295
0.00858882881885656 0.0667186064037087
0.420456634134655 0.349143461154672
0.569485928973324 0.565668151409053
0.0100574368920209 0.0851883874362736
0.519586507646183 0.469486446989324
0.474575659897963 0.383536552824677
0.00583783245585499 0.146977000185997
0.470620310588781 0.428556926862581
0.521820315141228 0.50239294627604
0.00755937426999052 0.0690501268613806
0.43426825191098 0.361078927765064
0.547559355568961 0.580358137282061
0.0181723925200586 0.0585629349528758
0.525089496973966 0.422846562205628
0.462656207721524 0.508757230329214
0.0122542953045102 0.0683962074651577
0.542103038731949 0.42963876778608
0.453014728233526 0.516241191314587
0.00488223303452454 0.0541200408993329
0.455866032543614 0.420127665413949
0.533567674721171 0.546270762363187
0.0105662927352159 0.033601572222866
0.582951752020108 0.562883646338292
0.408808849326498 0.392701669413213
0.00823939865339378 0.0444146842484947
0.263426760918962 0.331600571549866
0.729116579869267 0.61029301716439
0.00745665921177073 0.0581064112857436
0.671373403513988 0.668810979318429
0.314965374462881 0.275965171741384
0.0136612220231307 0.0552238489401869
0.417306168255652 0.294481936534323
0.565060515832727 0.644715025107179
0.0176333159116194 0.0608030383584979
0.466696036945674 0.418369678314069
0.518760518230026 0.513565488196263
0.0145434448243006 0.0680648334896652
0.477590107524804 0.505167928022634
0.512317551851526 0.460585630972964
0.0100923406236696 0.0342464410044026
0.447441062179321 0.440657896924441
0.541175290379102 0.46436686658043
0.0113836474415786 0.0949752364951292
0.443489541806075 0.415294680604792
0.552290528890714 0.504803864959265
0.00421992930320989 0.0799014544359441
0.411280721578798 0.366218635860372
0.576806334377891 0.554805957982402
0.0119129440433117 0.0789754061572272
0.424008952735202 0.333829387585612
0.568874026229717 0.602919120531932
0.00711702103508283 0.0632514918824549
0.546543036065713 0.438094864135137
0.447302004223631 0.479639928926577
0.00615495971065507 0.0822652069382857
0.526314697763118 0.451263354377074
0.45853857093938 0.509815244061354
0.0151467312975024 0.0389214015615717
0.40787861574194 0.514273627219413
0.582429289412049 0.416781865804374
0.00969209484601221 0.0689445069762126
0.556491257921817 0.539923324850121
0.436728776265522 0.376073554464075
0.00677996581266159 0.0840031206858033
0.665428659045955 0.603537811686172
0.326559176040798 0.302670283398
0.00801216491324893 0.0937919049158287
0.510389672547516 0.552748026989767
0.480510334004535 0.386188546634995
0.00909999344794842 0.0610634263752371
0.586194802919058 0.526757511588234
0.407717921766874 0.415718533809192
0.00608727531406772 0.0575239546025734
0.416327884146911 0.406112917019616
0.561973105226835 0.56002292057538
0.021699010626254 0.0338641624050022
0.553132009787376 0.585894545283257
0.427948140688577 0.34203591551464
0.0189198495240477 0.0720695392021036
0.39573684139379 0.38702714296134
0.586199412378654 0.559077539662385
0.0180637462275554 0.0538953173762749
0.473201096866788 0.551517388875081
0.515313508832053 0.404333326744717
0.011485394301159 0.0441492843802031
0.410126141265282 0.425635202794772
0.579804014983312 0.515083211591517
0.0100698437514061 0.0592815856137117
0.544969340373305 0.452471829020239
0.442903316131583 0.49086657408723
0.0121273434951127 0.0566615968925324
0.222716721030746 0.287302454427102
0.761800183416652 0.654711163602935
0.0154830955526039 0.0579863819699645
0.466124120544678 0.382930562387191
0.526032319641626 0.585895888759655
0.00784355981369803 0.0311735488531533
0.332304387639626 0.471425458065967
0.653787472534245 0.466365452787368
0.0139081398261272 0.0622090891466654
0.52375421737137 0.400886327168756
0.462110424807705 0.529623301272972
0.0141353578209254 0.0694903715582723
0.448088606971391 0.475076352351809
0.542763784732629 0.470334125948208
0.00914760829597972 0.0545895216999818
0.511122840298468 0.466107184122225
0.474608406598613 0.446107365364239
0.0142687531029184 0.0877854505135349
0.6154382449617 0.46616905288281
0.377266701068654 0.438543338042564
0.00729505396964774 0.0952876090746267
-999 -999
-999 -999
-999 -999
-999 -999
-999 -999
-999 -999
