439
447
446
450
459
470
461
467
459
454
455
455
446
442
447
449
445
444
454
454
467
466
468
469
466
467
458
461
459
455
436
443
448
446
439
446
451
450
449
451
454
458
455
449
444
442
438
441
446
438
435
425
427
413
423
417
406
412
411
413
404
405
404
398
398
398
404
395
393
383
376
374
364
362
362
359
353
354
363
358
357
344
353
347
341
338
340
328
330
336
336
331
333
335
333
326
321
326
329
329
322
315
314
309
310
299
309
314
315
315
306
301
300
303
296
305
312
300
291
293
280
274
267
264
270
272
253
251
236
236
243
235
236
236
230
234
227
222
226
227
228
219
219
215
211
210
204
206
207
203
217
220
221
224
217
208
215
220
209
207
206
199
210
201
207
201
208
207
217
219
217
215
219
218
210
199
203
209
212
200
189
182
173
161
167
174
180
184
199
202
202
191
196
189
189
193
198
185
181
188
186
189
201
193
195
195
192
185
187
186
200
207
214
199
211
212
209
201
202
194
200
195
200
210
215
217
219
208
205
205
199
191
180
174
175
182
177
169
172
180
181
177
176
172
169
174
176
179
173
175
170
167
166
162
159
153
153
163
159
163
173
172
170
175
169
165
164
170
179
190
188
185
191
190
197
201
203
189
194
197
192
191
194
191
175
171
163
163
158
167
158
161
156
153
156
152
166
158
165
160
153
169
188
182
182
180
188
192
191
177
186
181
176
173
183
188
180
183
174
185
181
180
181
187
188
190
190
188
175
180
181
175
180
186
176
183
181
175
166
156
151
160
166
160
158
167
169
168
162
161
160
150
161
158
158
154
145
144
149
153
158
156
154
145
148
137
149
147
151
145
149
145
144
147
147
145
142
143
134
127
124
125
129
130
138
146
145
141
142
139
144
150
151
147
157
148
140
153
157
153
152
142
132
141
133
133
136
138
133
140
129
133
144
144
139
138
147
150
156
154
155
159
162
157
157
155
157
156
155
157
146
157
152
157
162
159
149
142
142
147
131
125
127
124
129
130
126
136
129
117
112
112
125
119
124
124
126
140
142
129
127
126
127
136
127
125
130
132
130
123
128
122
121
123
125
123
126
122
125
116
120
119
124
121
117
113
118
129
133
130
128
127
142
133
123
116
111
112
114
124
112
107
116
115
104
116
118
129
133
122
127
123
122
118
126
129
126
130
135
135
137
141
135
151
158
148
141
127
125
143
134
124
129
137
151
155
144
135
136
139
137
133
131
145
144
146
149
141
145
138
140
143
132
135
137
148
140
133
129
133
134
134
138
136
140
140
138
129
129
123
123
125
125
133
145
147
134
131
121
113
114
123
123
120
126
129
117
115
126
125
129
127
130
138
144
145
146
149
141
133
134
129
128
136
148
148
134
133
127
121
121
119
121
130
131
127
127
121
120
114
123
121
123
124
124
122
116
124
124
124
116
121
119
125
119
124
121
124
117
117
121
113
120
123
128
133
130
137
119
119
117
128
131
123
127
121
119
125
121
109
115
110
109
117
118
122
114
123
120
120
119
118
119
121
120
114
106
114
107
111
126
124
116
113
122
113
114
109
115
110
115
102
101
113
117
127
124
114
115
116
115
123
131
135
135
134
137
145
153
153
161
160
151
145
154
143
134
139
137
128
126
128
128
130
138
135
121
130
119
123
120
121
127
135
130
132
134
128
123
108
108
111
116
111
109
109
116
127
134
137
124
126
130
124
132
136
137
124
126
121
127
130
129
128
128
128
121
114
111
106
104
105
106
115
115
100
114
119
112
122
122
109
105
112
114
107
106
108
111
113
108
123
126
126
126
122
120
132
137
146
143
143
139
143
131
133
126
130
133
138
129
120
122
128
121
119
128
132
119
115
109
104
103
103
101
106
103
110
101
105
104
113
109
109
110
110
126
128
132
131
126
129
123
111
113
120
121
114
122
114
116
111
100
108
118
117
115
118
128
122
121
124
114
125
133
131
128
130
126
120
116
113
114
116
114
116
113
115
116
103
109
114
110
115
111
105
96
100
98
94
93
102
105
106
114
115
114
120
121
111
110
111
110
114
102
94
94
91
93
96
96
91
105
100
111
105
100
106
107
99
101
93
89
86
95
94
94
95
100
94
88
87
89
97
92
96
98
101
109
108
110
110
106
116
107
107
106
103
109
100
104
109
103
112
105
115
119
116
106
107
108
110
114
121
123
112
110
119
111
96
97
108
99
98
100
114
113
116
113
111
117
117
107
111
102
104
113
113
114
108
106
104
105
114
115
117
102
108
109
106
