0.817148366965753 0.654829313424595
0.180583269377182 0.229877338316746
0.00226836365706408 0.115293348258664
0.861264464747678 0.610313385719072
0.136580293293265 0.193643671286261
0.00215524195906675 0.196042942994669
0.726876977224674 0.539548894440679
0.270715478575336 0.26727538238552
0.00240754419998799 0.193175723173805
0.72562737648692 0.49447341078062
0.272365870379582 0.440891662703014
0.00200675313349064 0.0646349265163697
0.78280438873984 0.522168459839951
0.210709233183963 0.41133866658373
0.00648637807620662 0.0664928735763193
0.759634804635447 0.600096634492293
0.236952065105848 0.287236593269016
0.00341313025870719 0.112666772238693
0.695521531664069 0.591588715287278
0.300238884078895 0.341856862914347
0.00423958425703725 0.0665544217983853
0.73328848487384 0.63812335695209
0.261356070487061 0.24317384863954
0.0053554446390937 0.118702794408373
0.640932509167022 0.621580406101279
0.355982414555966 0.225958115434669
0.00308507627700992 0.152461478464053
0.706850701952508 0.674910599501973
0.286100035812695 0.163524255893792
0.00704926223479389 0.161565144604245
0.705002437043053 0.588597996602222
0.291981701798286 0.220430151708604
0.00301586115864987 0.19097185168917
0.693170624015792 0.563027413473578
0.303424083081965 0.378849598077666
0.00340529290224322 0.0581229884487559
0.721538349231487 0.718566065667122
0.27538868916012 0.231126193186006
0.00307296160839276 0.0503077411468756
0.691488090320075 0.552879708036007
0.304093845885726 0.363695267942184
0.00441806379419169 0.0834250240217992
0.811514129225803 0.598185239030287
0.182859247129933 0.247304098602307
0.00562662364426261 0.154510662367406
0.725963197564616 0.733364085540718
0.271056081846543 0.0941278826558841
0.00298072058883981 0.172508031803398
0.758230824829334 0.777917975293393
0.237373340822759 0.109621844190592
0.00439583434789723 0.112460180516015
0.623761304261943 0.676928147283815
0.373416568786136 0.192656345351206
0.00282212695192342 0.130415507364981
0.734372781228594 0.708501000464634
0.264150254333498 0.197308338387222
0.0014769644379029 0.0941906611481475
0.69194904762628 0.579784655168335
0.30508361375856 0.222790116845467
0.00296733861515357 0.197425227986197
0.78828982861755 0.64338046440434
0.208513380717393 0.18214763468751
0.00319679066506728 0.174471900908145
0.759535352931914 0.557284771415459
0.235851276673903 0.339903840793205
0.00461337039418357 0.102811387791334
0.780650734553114 0.609807929168157
0.215739629182373 0.264968715521385
0.00360963626451858 0.12522335531046
0.786338784380475 0.622719405873653
0.207747571659426 0.236709934762781
0.00591364396009589 0.140570659363568
0.782690189427285 0.544944691464291
0.211056873491274 0.353483326476897
0.00625293708144405 0.101571982058814
0.748865692003715 0.596747186099722
0.245453751486137 0.260288713139707
0.00568055651015207 0.142964100760575
0.623865855198739 0.575908713614782
0.37460517505637 0.326909849536142
0.00152896974489142 0.0971814368490799
0.807061622417834 0.65838529082004
0.18911175211488 0.165041551543541
0.00382662546728169 0.176573157636421
0.773934140940286 0.635146251909456
0.220518676699203 0.219143887912214
0.00554718236051024 0.14570986017832
0.780491736701946 0.613147455702179
0.213747739292165 0.27623765195948
0.00576052400589237 0.110614892338337
0.829482686483636 0.693397909859184
0.167234061216714 0.0905492874524506
0.00328325229965355 0.216052802688362
0.675758492424216 0.540680534089423
0.322334499530831 0.366157890640953
0.00190700804494968 0.0931615752696148
0.753327651601398 0.597481743739753
0.244518697549104 0.311388035395265
0.00215365084948761 0.0911302208649797
0.793424613060665 0.651454366270882
0.197057171794646 0.211688238498117
0.00951821514467838 0.136857395231007
0.744881631554724 0.567703849416856
0.250552606092608 0.30614008909661
0.00456576235266909 0.126156061486535
0.800716359826251 0.672874971201463
0.192949892952496 0.138078947121431
0.00633374722124905 0.189046081677109
0.730794770006776 0.509560651318877
0.264527188668454 0.350745027654504
0.00467804132477192 0.139694321026619
0.871760540035722 0.762472783946711
0.123112310803295 0.148585713901116
0.00512714916098681 0.0889415021521765
0.70529195960382 0.629424035443116
0.287858822270542 0.259121298874942
0.00684921812563524 0.111454665681947
0.80048588963147 0.5147059118512
0.185871821261596 0.359669087862195
0.0136422891069284 0.125625000286601
0.839437985944063 0.712841171319596
0.154525248781312 0.198683159505219
0.00603676527461776 0.0884756691751859
0.676830946621026 0.655156694956189
0.321631846423647 0.160862980449208
0.00153720695532471 0.183980324594604
0.863317608032069 0.561049395924248
0.124557528985098 0.330426555747898
0.0121248629828265 0.10852404832786
0.684494589986471 0.663444614046382
0.313533903034476 0.0774512789582315
0.00197150697904852 0.259104106995391
0.758245619634364 0.700438913089975
0.236266791725285 0.0868594405930334
0.0054875886403412 0.21270164631699
0.650824981528238 0.549676254711637
0.345799616783205 0.352691095032289
0.00337540168855317 0.0976326502560695
0.70753016173135 0.6135121387323
0.289183283783878 0.292652220744651
0.00328655448477081 0.0938356405230433
0.663444774442183 0.64449286968103
0.334518828230639 0.276792012019428
0.00203639732718064 0.0787151182995369
0.781737799672472 0.608325654393288
0.212302849889555 0.124181104757916
0.00595935043796766 0.267493240848798
0.713348781373994 0.517914208243493
0.28379508964223 0.375932813851653
0.00285612898377405 0.106152977904851
0.739355290577592 0.623876593139467
0.256354760557036 0.261482757377297
0.00428994886537561 0.114640649483238
0.684136327165041 0.456923199302062
0.312455377496224 0.487409602507981
0.00340829533872992 0.0556671981899679
0.69953001782367 0.602705314011564
0.299166643512538 0.228630471644187
0.00130333866378652 0.168664214344246
0.738269240041482 0.483912995846319
0.258292209885384 0.400178429143328
0.00343855007313367 0.115908575010356
0.665114520772263 0.663221406318951
0.333073913534423 0.262206893822355
0.00181156569331498 0.0745716998586924
0.855666270031938 0.672846134525287
0.134942673396257 0.145499375413634
0.00939105657181389 0.181654490061077
0.650278969651462 0.577919809647549
0.344796924415056 0.358987455284011
0.00492410593348314 0.06309273506844
0.744612337366948 0.711655053428013
0.251649686095698 0.176664674057505
0.00373797653735649 0.111680272514487
0.627305813291681 0.506627692849276
0.371699895271476 0.432645284289078
0.000994291436839682 0.0607270228616432
0.797717568859999 0.712326391745017
0.193775308905689 0.161727644287373
0.00850712223431168 0.125945963967615
0.60780684033818 0.602158082364137
0.389891012236007 0.281485210169103
0.00230214742581779 0.116356707466757
0.603782309988672 0.421819769990212
0.394413849132881 0.512106022421192
0.00180384087844447 0.066074207588592
0.678199326545238 0.655807461282226
0.318384082617377 0.250368897903825
0.0034165908373773 0.0938236408139418
0.681881945690519 0.512722817690583
0.314914795554482 0.416200574319538
0.00320325875500563 0.0710766079898741
0.788053349589215 0.654439634865606
0.207700889746375 0.212633896640623
0.00424576066441739 0.132926468493771
0.827734686280949 0.605494303221114
0.161368061998224 0.288024737980796
0.0108972517208263 0.106480958798096
0.733257369823003 0.698099755294662
0.265017176697249 0.228922335520818
0.00172545347974782 0.0729779091845186
0.69201634590107 0.579196330393094
0.305612468660583 0.312767449412907
0.00237118543835293 0.108036220193998
0.58210144334405 0.487537124528636
0.415845565985194 0.40203189937543
0.00205299067076035 0.110430976095935
0.719950605965047 0.646759816867136
0.278023275566198 0.304265326501717
0.00202611846875929 0.0489748566311485
0.746508982371773 0.49215051337922
0.249801853358766 0.436936764828943
0.00368916426946546 0.0709127217918376
0.763352139520395 0.635313911422904
0.231979955595257 0.304747817902478
0.00466790488435293 0.0599382706746132
0.741625665611679 0.696198132403104
0.255988559736859 0.132927584024032
0.00238577465146591 0.170874283572859
0.80065871152528 0.601412701506761
0.192999267943647 0.253129810287801
0.00634202053107868 0.145457488205437
0.814886038573119 0.60826994861512
0.182061591966027 0.305617720609579
0.00305236946085726 0.0861123307753036
0.805802404587315 0.709157639729844
0.191311540027177 0.063607560266304
0.00288605538550764 0.227234800003846
0.72730116053005 0.448954347680291
0.269105658934868 0.502658233553687
0.00359318053508008 0.0483874187660251
0.644454292969867 0.570904105560769
0.353863098535054 0.338132955527211
0.00168260849508322 0.0909629389120216
0.768951621699407 0.677811916596757
0.227327444748447 0.197093836999754
0.00372093355214996 0.125094246403487
0.788874251619095 0.553540295198725
0.208744710776749 0.233793794391641
0.00238103760415283 0.212665910409637
0.706172639979833 0.582462630652804
0.289992100415151 0.320660258649879
0.00383525960501431 0.0968771106973105
0.779552607970253 0.776889739040212
0.215993873621407 0.0690115402083498
0.00445351840834067 0.154098720751439
0.83467782998121 0.764712198744603
0.157710688412607 0.113470453417785
0.00761148160617391 0.121817347837622
0.781436507124469 0.552913947367234
0.213606051162727 0.327162726345358
0.00495744171280693 0.119923326287413
0.781211437244599 0.651031972310422
0.214312523473007 0.181746071698559
0.00447603928239845 0.167221955991016
0.823277391160217 0.526166684883486
0.169597890071235 0.382839269211023
0.00712471876855304 0.0909940459054897
0.595128568961298 0.489356509748421
0.403159462888598 0.361953150342324
0.00171196815010224 0.148690339909256
0.816273374814376 0.623233080971745
0.179084291779428 0.247601645563128
0.00464233340621185 0.129165273465135
0.839101129756677 0.536533434042977
0.151097192147489 0.314821108444038
0.00980167809584727 0.148645457512985
0.620239191902643 0.491076210266807
0.377492265001923 0.415276767191452
0.00226854309543472 0.0936470225417369
0.792172195736826 0.765674531578868
0.202564710006057 0.100059758333482
0.00526309425711956 0.134265710087658
0.771163587601291 0.525397244542883
0.224093223974026 0.387027166567912
0.00474318842468776 0.0875755888891977
0.806939242907412 0.597024663933062
0.190749116183555 0.160833611185819
0.00231164090904506 0.242141724881119
0.768412505123523 0.656409168180392
0.227215585094025 0.170996011048989
0.00437190978245252 0.172594820770615
0.73104967875249 0.726251582816069
0.26510745482409 0.139930018000666
0.00384286642341538 0.133818399183267
0.717449396974217 0.580490752282514
0.278254622281838 0.303389710848212
0.00429598074394017 0.116119536869273
0.639249911891361 0.686666969693913
0.357787756250771 0.219269576649785
0.00296233185787332 0.0940634536563067
0.739458148540382 0.657727323971228
0.255144566788174 0.168064172750418
0.00539728467145314 0.174208503278347
0.726001485777543 0.624367447188585
0.266241842194512 0.196672328386852
0.00775667202794342 0.178960224424561
0.723015608245759 0.546838513842262
0.273829342723204 0.242701807754863
0.00315504903104013 0.210459678402876
0.802597931259525 0.632547853022356
0.194283224049673 0.224516621360344
0.00311884469080237 0.142935525617299
0.694238117938801 0.562154748490422
0.302421803792168 0.387432546088629
0.0033400782690341 0.050412705420951
0.722783169393524 0.651518329513818
0.274457455739266 0.22512434757878
0.00275937486720201 0.123357322907399
0.77400334875599 0.634376630194242
0.217557661440977 0.233039229149757
0.00843898980303106 0.132584140655998
0.729249389462449 0.752184436078465
0.268805848788192 0.138392225533623
0.00194476174935682 0.109423338387913
0.701434575705959 0.615543674389827
0.295107450274071 0.19559740122124
0.00345797401996834 0.18885892438893
0.883140428758352 0.766323033124947
0.10014979065895 0.131277518499309
0.016709780582692 0.10239944837575
0.789605366211117 0.558713387726914
0.206156859012804 0.280143821683811
0.00423777477607619 0.161142790589276
0.79310200691411 0.750717617732452
0.198689262097408 0.124288010109061
0.00820873098846934 0.124994372158491
0.859398140581795 0.684016072922728
0.137264968156705 0.179346615746359
0.00333689126150676 0.13663731133092
0.762801733916454 0.638360667889863
0.233690922034197 0.233277102484603
0.00350734404935052 0.128362229625538
0.759573740171266 0.713188203413219
0.238991239793031 0.205813390585351
0.00143502003570311 0.0809984060014302
0.683660444776542 0.600686470122658
0.313272328336033 0.329556197674767
0.00306722688742238 0.0697573322025746
0.740532200866408 0.765029528371143
0.252601038780866 0.101178493878833
0.00686676035272576 0.133791977750033
0.763486174969139 0.641905611683848
0.231933482512597 0.147000808206373
0.00458034251825988 0.211093580109778
0.742576664484562 0.795064473905845
0.25346576011923 0.0861816714131607
0.00395757539620318 0.118753854681
0.755407912884402 0.65358640285413
0.236121038158818 0.299979001316065
0.0084710489567769 0.0464345958297983
0.823413162811334 0.542542601184608
0.16753337760058 0.32574828012482
0.00905345958808586 0.131709118690565
0.673102155707618 0.518186024209674
0.324992487483541 0.36592477302718
0.00190535680884156 0.115889202763144
0.739452668417935 0.651484014854979
0.25524965909304 0.232887935836541
0.00529767248902406 0.115628049308477
0.655440067242454 0.700770871014037
0.340305178698525 0.157718635113538
0.00425475405901724 0.141510493872432
0.815344719836959 0.552555338866617
0.183015670142948 0.343347596696861
0.00163961002008475 0.104097064436523
0.850645070075943 0.7786593940528
0.13619242062596 0.0872610019756327
0.0131625092981006 0.134079603971574
0.817444098020834 0.546995169315283
0.178404693779386 0.352163332610208
0.00415120819978035 0.100841498074516
0.730391587979393 0.598176739884636
0.266509179830897 0.291123498564161
0.00309923218970717 0.110699761551205
0.664890180128906 0.659594658593641
0.333168118801828 0.225742556105346
0.00194170106926788 0.114662785301015
0.741485032965339 0.593461363689773
0.255789027390375 0.128468905979252
0.00272593964428186 0.278069730330974
0.672736654731537 0.652553448952358
0.325629644095725 0.242658587936222
0.00163370117273118 0.104787963111429
0.673956272144767 0.481854708527774
0.322038374002821 0.463589162974529
0.00400535385241151 0.0545561284977034
0.731663265235655 0.742872195460044
0.265031469205337 0.147342453131019
0.00330526555900866 0.10978535140894
0.67436107438719 0.649262770387419
0.323652729756955 0.140377968641919
0.00198619585584911 0.210359260970663
0.70960343429458 0.637289692540639
0.288548827879745 0.295654443697406
0.00184773782567685 0.0670558637619559
0.749569783674014 0.601488185982421
0.246941712536786 0.306868375869219
0.00348850378920078 0.0916434381483622
0.664470044907405 0.485862138884489
0.333545453503029 0.361937752325662
0.00198450158955709 0.152200108789855
0.778632753242819 0.635290304164756
0.215556790513902 0.212744558188072
0.00581045624327318 0.151965137647169
0.831658700129687 0.658372692525612
0.161544596446717 0.172434131963663
0.00679670342360541 0.169193175510725
0.693461464698701 0.710395700809147
0.304966844783694 0.220376907469116
0.00157169051760878 0.0692273917217361
0.822890394260525 0.737893441875781
0.169689703121291 0.0685265364686549
0.00741990261818074 0.193580021655568
0.779938398715433 0.624814259071257
0.214542762106721 0.269294312377043
0.00551883917784708 0.105891428551696
0.764353904135694 0.703778555724135
0.230570964330858 0.196635827985905
0.00507513153344359 0.0995856162899559
0.766978115783129 0.611581921108483
0.227478462798189 0.278510112400035
0.00554342141868245 0.109907966491481
0.800990763651104 0.58690257786545
0.194635154538738 0.288035538037225
0.0043740818101588 0.125061884097322
0.742520002048977 0.584101856380718
0.25471914753006 0.230781088376493
0.00276085042097108 0.185117055242791
0.767476465778059 0.621294455252353
0.227219672319474 0.257143952558956
0.00530386190246681 0.121561592188687
0.79036557299072 0.609695709615865
0.200893851894968 0.249354623273017
0.00874057511431345 0.140949667111121
0.591949270305426 0.620296709952788
0.406138984622247 0.242443410455914
0.00191174507232726 0.137259879591306
0.763439938830816 0.648262584705846
0.233200931561643 0.221002844442687
0.00335912960754722 0.130734570851475
0.742561494579677 0.630291236030944
0.250876024561049 0.267968121720407
0.00656248085927383 0.101740642248649
0.68394605014965 0.544823803036731
0.313626864604939 0.397819669464542
0.00242708524540772 0.0573565274987244
0.803754120244412 0.675412339879316
0.193477323392605 0.213314142056119
0.00276855636298192 0.111273518064568
0.729302206827242 0.779554047230542
0.265158970912768 0.0748163283804967
0.00553882225999619 0.145629624388962
0.676228452539726 0.660593427359112
0.322187093905326 0.201849923535481
0.00158445355494717 0.137556649105403
0.733479023283696 0.653640748930649
0.262229895382564 0.16861548542216
0.00429108133374605 0.177743765647193
0.794655034814103 0.570749111796339
0.201581271267926 0.327423950843101
0.00376369391797308 0.101826937360561
0.760292802206096 0.639490771375217
0.233149275539358 0.134428033648032
0.00655792225454207 0.226081194976749
0.771429359269338 0.564708586220977
0.224414579359018 0.317835730885986
0.00415606137164128 0.117455682893032
0.821047736943752 0.748287212324268
0.171230448288322 0.120214813121436
0.00772181476792881 0.131497974554289
0.692282744268697 0.576474446979286
0.305138723077514 0.321781058991239
0.00257853265378485 0.101744494029478
0.792713668444094 0.669071562946541
0.201372278406844 0.20492241643334
0.00591405314904845 0.126006020620122
0.809251049732345 0.670489850393446
0.184635943697585 0.25419947164614
0.00611300657007048 0.0753106779604112
0.657583616317663 0.436634349409607
0.340700202431249 0.461913428779455
0.00171618125108979 0.101452221810943
0.764188971775192 0.656260999183333
0.230776725836182 0.16095839119468
0.00503430238863229 0.182780609621987
0.630496891538841 0.578948450955484
0.367884988822451 0.375120284958683
0.00161811963870645 0.0459312640858403
0.769536922923236 0.638500819914167
0.224442833793439 0.061038831539912
0.00602024328332069 0.300460348545918
0.686892759750035 0.649399066199758
0.310658311792921 0.171655023003493
0.00244892845704116 0.178945910796751
0.720390555359238 0.525392976174315
0.276156917637815 0.366251679281453
0.00345252700295221 0.108355344544227
0.663599646442655 0.585857078248831
0.334204760006793 0.313238348464718
0.00219559355055405 0.100904573286448
0.809920575997404 0.739220855520739
0.187177556912383 0.0467045655286645
0.00290186709021777 0.2140745789506
0.683879484487536 0.565369169428029
0.314125908095884 0.346559107444185
0.00199460741657911 0.0880717231277821
0.810093715436905 0.618476397764439
0.179626950350844 0.20901435879687
0.0102793342122442 0.172509243438694
0.818265540344688 0.645203673151349
0.17385923827755 0.2808776686334
0.00787522137776465 0.0739186582152461
0.863695853043732 0.582965877157366
0.133594263366268 0.323200096697742
0.00270988359000655 0.0938340261448899
0.826671028226759 0.665494499889337
0.163851582896929 0.200692382561336
0.00947738887631524 0.133813117549329
0.635225765183017 0.500904796384116
0.362331266159473 0.39470441048909
0.00244296865750621 0.104390793126792
0.703050024678627 0.648839103070787
0.293968643722095 0.19391001893991
0.00298133159927714 0.157250877989306
0.765133273389276 0.746447914946684
0.229751852860516 0.0469904514737042
0.00511487375020322 0.206561633579609
0.766105379331254 0.605537575736142
0.229311117103275 0.324004684108983
0.00458350356547143 0.070457740154875
0.793934382631235 0.617175101778387
0.202373134891779 0.307153253857534
0.00369248247698468 0.0756716443640738
0.689102947085229 0.585146395592768
0.308555502198053 0.313459094494799
0.00234155071672329 0.101394509912428
0.756512346301367 0.617174204067647
0.239882236615371 0.251221091772245
0.00360541708326109 0.131604704160115
0.848022157929972 0.725363668288339
0.144389105680106 0.124934874535916
0.0075887363899298 0.149701457175748
0.652856247837992 0.607145828066295
0.34526218922795 0.279197174357794
0.00188156293405728 0.113656997575908
0.704330370981437 0.528101097570632
0.289815896871169 0.383989251649522
0.00585373214739095 0.0879096507798409
0.746375296308447 0.701110671599973
0.249224724485507 0.211926568766191
0.00439997920605365 0.0869627596338405
0.765487262996507 0.677176429688668
0.231480776340047 0.0626393946571532
0.00303196066344549 0.26018417565418
0.718028692436981 0.540469701385949
0.278094068821779 0.39024524287321
0.00387723874123392 0.0692850557408464
0.668685391553328 0.609593583601897
0.328213387178599 0.207695882042166
0.00310122126807332 0.18271053435593
0.673217824840864 0.526975785826968
0.324013577480615 0.34220923626364
0.00276859767851247 0.13081497790939
0.845817558804744 0.703031998710318
0.148930787504766 0.162310772916053
0.00525165369049144 0.134657228373634
0.682926697007011 0.689795746843839
0.310623836855237 0.20716980780909
0.00644946613775795 0.103034445347066
0.652179594756958 0.563912586760392
0.346511929348826 0.35913782832045
0.00130847589422104 0.0769495849191533
0.657159171592888 0.76818884112581
0.340167540211273 0.152600956090542
0.00267328819583622 0.0792102027836501
0.670628348994348 0.485120906954525
0.328011206811196 0.322765331250806
0.00136044419445998 0.192113761794671
0.693228151546869 0.56871451793238
0.305024527296258 0.344280812293538
0.00174732115687348 0.0870046697740903
0.803688506015776 0.643133033493986
0.191698945291845 0.164326506161692
0.00461254869238011 0.192540460344321
0.796334715509773 0.540763818141229
0.199173635563123 0.388238140679908
0.00449164892709684 0.0709980411788619
0.827534003626684 0.607063255513215
0.166945484074486 0.264126865290268
0.00552051229882855 0.12880987919652
0.789718217074119 0.540363465814708
0.207983249935022 0.279191682457563
0.0022985329908599 0.180444851727726
0.666956350584126 0.444459720394891
0.330443551602947 0.448709504696002
0.00260009781292444 0.10683077490911
0.802994076218298 0.638064391897499
0.190602722168009 0.218388942587355
0.00640320161369288 0.143546665515151
-999 -999
-999 -999
-999 -999
-999 -999
-999 -999
-999 -999
