312
297
284
274
251
234
217
212
202
185
166
157
153
141
114
95
78
74
67
59
61
56
55
56
49
48
46
38
35
41
41
32
43
40
38
35
33
30
33
36
33
35
30
34
27
36
40
30
29
29
39
33
22
28
33
30
35
46
37
39
45
43
41
34
27
42
39
35
33
36
28
33
33
34
50
40
32
29
24
41
39
34
32
32
29
27
28
28
36
35
42
34
25
21
23
37
33
36
25
31
28
18
21
17
21
25
36
40
35
24
27
24
27
25
33
28
26
25
24
23
17
25
26
24
20
21
36
28
29
28
32
25
30
29
27
20
21
21
24
24
25
31
39
29
28
27
33
26
25
23
23
22
24
25
22
24
24
17
27
18
22
24
29
35
33
31
18
25
28
25
29
32
30
34
25
28
28
29
31
33
27
29
28
33
19
25
20
18
26
24
17
16
18
21
12
16
18
18
17
12
13
17
28
18
27
29
15
16
26
16
16
13
19
20
13
25
27
30
20
15
16
18
19
18
14
19
22
20
19
21
23
12
19
17
23
19
18
28
32
30
19
18
18
22
15
24
14
14
19
22
14
16
17
18
22
17
18
15
14
20
21
17
26
28
14
18
15
24
19
33
25
24
20
28
25
13
22
19
19
22
15
13
19
16
20
20
25
18
21
16
15
14
12
14
23
22
25
25
31
29
18
20
18
18
12
12
24
22
22
19
28
25
23
18
13
19
12
11
19
20
16
20
20
13
21
17
14
16
20
22
21
21
21
14
15
18
20
20
19
16
19
23
25
20
21
12
21
19
22
30
19
14
16
15
16
17
28
20
17
13
23
38
27
20
23
24
27
25
23
19
23
18
18
14
16
24
19
13
16
18
19
17
19
27
25
25
24
26
21
21
21
14
16
17
20
20
19
16
17
26
14
24
23
21
22
19
17
20
22
17
17
17
11
16
14
16
20
23
21
27
23
25
17
16
25
13
13
13
20
10
19
22
22
10
18
14
13
20
11
16
17
13
18
27
20
21
27
33
22
27
19
15
17
17
17
16
17
22
19
22
22
20
15
17
17
17
21
21
18
14
16
18
23
17
21
13
20
16
24
18
25
19
16
14
15
22
11
20
11
16
20
16
18
15
20
23
25
17
22
17
13
18
24
13
14
15
21
21
22
17
17
19
25
16
24
22
25
31
21
21
15
18
19
17
23
18
12
21
17
20
18
16
16
18
21
21
16
19
21
16
16
21
13
15
22
20
20
26
24
26
25
22
21
27
21
21
18
17
17
15
19
19
16
26
23
15
18
26
21
20
18
14
9
16
11
11
16
12
16
16
19
12
11
15
12
11
21
21
13
12
12
17
14
13
16
16
15
16
16
17
11
10
13
16
11
14
13
12
16
16
17
21
13
21
18
12
11
15
22
13
13
14
15
18
15
19
14
15
15
9
11
13
13
16
11
17
12
19
18
22
12
11
9
9
11
19
14
17
10
13
16
18
18
14
16
14
17
18
12
21
14
21
13
14
7
13
13
13
11
13
13
18
14
12
9
16
16
12
20
17
13
9
13
14
13
16
14
11
14
10
13
11
18
18
19
14
12
14
18
18
10
17
10
12
10
15
25
20
13
13
12
16
10
11
10
18
13
15
15
13
13
12
16
16
11
11
19
18
14
16
13
13
13
10
13
13
20
21
20
14
16
11
15
12
9
11
13
15
14
15
10
14
12
10
8
13
16
9
11
11
10
11
13
13
13
13
9
11
19
19
17
15
14
15
13
10
14
20
15
11
12
14
8
10
17
18
13
16
15
22
13
11
8
11
13
12
14
17
13
18
10
12
8
14
13
19
16
10
18
18
13
11
9
21
12
12
13
16
17
18
11
12
15
11
15
15
11
11
8
11
18
17
19
10
14
10
13
9
15
11
13
17
16
14
11
16
20
17
13
15
13
15
18
16
14
17
18
22
12
12
12
19
17
10
14
11
11
22
20
16
12
9
10
10
11
12
13
16
12
13
15
21
17
20
14
14
8
19
14
12
19
12
15
13
25
17
16
11
17
11
20
18
15
12
18
20
14
14
16
11
13
14
12
12
14
15
13
17
16
10
22
10
15
13
22
12
18
17
11
15
12
25
20
25
15
20
18
13
22
16
13
16
18
15
14
14
14
20
28
18
19
16
15
17
16
13
9
11
17
11
17
12
17
13
18
13
15
16
16
11
17
13
12
16
13
13
18
14
9
12
18
12
11
19
15
18
10
10
16
17
15
10
14
8
11
13
19
17
17
18
