0.338158488097585 0.388300955242522
0.653980675646037 0.575073630806062
0.00786083625638551 0.0366254139514106
0.587247309821466 0.541038626980591
0.399955206257302 0.45742501598653
0.0127974839212244 0.00153635703287529
0.289328815047205 0.28600235061831
0.709853712171702 0.710458694445474
0.000817472781086816 0.00353895493621507
0.42595395240667 0.421598925924385
0.565250789298818 0.551771661912509
0.00879525829451724 0.0266294121631196
0.505032838831533 0.467747631383912
0.488155078970716 0.504516454049551
0.00681208219775093 0.0277359145665384
0.469719306730276 0.451999617504645
0.51458212546787 0.539562742353051
0.0156985678018574 0.00843764014230895
0.611623518091772 0.667207300974105
0.3822737111702 0.30735711514518
0.0061027707380214 0.0254355838807279
0.593836130056437 0.610479157223069
0.402649729459636 0.381236756769025
0.00351414048392047 0.00828408600791228
0.598528601360625 0.574375718106207
0.394309146446627 0.411174956402679
0.00716225219275 0.0144493254911153
0.582445047521564 0.503593735460491
0.410386087450246 0.4165908461838
0.00716886502819668 0.0798154183557141
0.310366459481794 0.336275939128942
0.661677851745335 0.649134281812854
0.0279556887728777 0.0145897790582015
0.327184783313661 0.348176751102117
0.669931424708168 0.618722577375543
0.00288379197816853 0.0331006715223427
0.666184394700502 0.597716259995835
0.329289779556866 0.396303024761981
0.00452582574262748 0.00598071524217784
0.432900906481743 0.486682723099127
0.552012371140536 0.497551212411216
0.0150867223777197 0.0157660644896629
0.395754678657945 0.395620762087168
0.582514646625528 0.572247845354169
0.0217306747165263 0.0321313925586656
0.508235603767102 0.495738753915935
0.48694535410436 0.501493537254646
0.00481904212854149 0.00276770882941717
0.560887337512658 0.581387792781336
0.438604170321741 0.403238098117748
0.000508492165602703 0.0153741091009041
0.623947170708716 0.680372362207011
0.367455908180089 0.316069885236923
0.00859692111119542 0.00355775255607313
0.4545787554642 0.447326658513646
0.535957704973217 0.523749148957352
0.00946353956257826 0.0289241925289971
0.612310942030703 0.626047923467797
0.383082521819069 0.344588497284286
0.00460653615021635 0.0293635792479209
0.538794154441848 0.532520987990405
0.446325406873669 0.461058036624419
0.014880438684481 0.00642097538517683
0.469365053078529 0.497539138868315
0.527770355119165 0.48967701124087
0.00286459180230341 0.0127838498908145
0.598959317652041 0.650785629528606
0.383193082825521 0.313465611821837
0.0178475995224383 0.0357487586495508
0.452047154106383 0.432218542870834
0.545039014407889 0.520875318786377
0.00291383148572012 0.0469061383427935
0.304355335065586 0.315668534377275
0.68954054263164 0.651492370837262
0.00610412230277769 0.0328390947854624
0.462859565035066 0.485278463384434
0.529385769616818 0.504792805656885
0.00775466534811603 0.00992873095868906
0.443664880283604 0.419675141531866
0.548611682202396 0.574855184305934
0.00772343751399719 0.00546967416219465
0.391552281009634 0.394906081064048
0.601776669472025 0.579127545319903
0.00667104951834281 0.0259663736160555
0.483198775924108 0.52003945190849
0.497763387837113 0.466343060457191
0.019037836238786 0.0136174876343169
0.349324795566913 0.337491373091406
0.646809561095174 0.642058431849887
0.00386564333791857 0.0204501950587086
0.377803381162326 0.38223754510487
0.595268230430045 0.613647469074365
0.0269283884076401 0.00411498582076816
0.588592697943609 0.581377885805636
0.40902541621516 0.414854990297304
0.00238188584122696 0.00376712389705816
0.357709397998899 0.348446683287182
0.631446713447471 0.643660441314057
0.0108438885536315 0.00789287539875782
0.489101967969928 0.485656830884253
0.503006356983044 0.48785314105047
0.0078916750470298 0.0264900280652729
0.545540866473437 0.56543980458549
0.43368916126116 0.428201664824622
0.0207699722654027 0.00635853058988872
0.445755091415303 0.475400200895559
0.546056498551028 0.493902990348812
0.0081884100336594 0.0306968087556257
0.487127508871252 0.425488453206369
0.500874224337791 0.570676627135372
0.0119982667909591 0.00383491965825214
0.567950573791971 0.569105574601107
0.423028291239238 0.404244773292769
0.00902113496879057 0.0266496521061144
0.441334902415446 0.472657131167965
0.557485697141497 0.524398288104362
0.00117940044306094 0.0029445807276817
0.443327265422945 0.42197927844119
0.55014747119576 0.563951988792457
0.00652526338128844 0.0140687327663664
0.445660949079068 0.462574172864122
0.54465893192005 0.515569421054718
0.0096801190008901 0.0218564060811602
0.371306832970845 0.369574308409264
0.622234947590342 0.616727242197307
0.00645821943880901 0.0136984493934233
0.654120547970138 0.724805535761024
0.304341163968556 0.26645277984344
0.0415382880613025 0.00874168439552931
0.410599776185834 0.372544246200072
0.582362728200643 0.617867420491644
0.00703749561352279 0.00958833330827902
0.491646308087512 0.475326375417169
0.491088905027344 0.503495961770162
0.0172647868851444 0.0211776628126651
0.521443241541416 0.558843397530364
0.474194276764585 0.437534308269913
0.00436248169400223 0.00362229419972195
0.597934511824723 0.561311249764486
0.391495153196687 0.399154745076665
0.0105703349785981 0.0395340051588423
0.602981953944361 0.642277709418412
0.375120291591741 0.348174081175831
0.0218977544639011 0.00954820940575428
0.589473698287109 0.544549153285476
0.407626598933537 0.441631856402847
0.00289970277935427 0.0138189903116827
0.406525212854786 0.426258799196824
0.583170246178669 0.556860181119082
0.0103045409665499 0.0168810196840871
0.507407241483376 0.449494428895217
0.483372857955631 0.542529154671561
0.00921990056099666 0.00797641643322399
0.530471639459813 0.507875938915333
0.451602993609016 0.484364712838861
0.0179253669311668 0.00775934824581028
0.59089390186248 0.581459751008559
0.407791545598979 0.382688564853743
0.00131455253853337 0.0358516841376975
0.604540056029396 0.601236484905435
0.388236501808838 0.371223979587751
0.00722344216177263 0.0275395355068159
0.492364451261411 0.524295811893507
0.497662457403879 0.469940692506506
0.00997309133470481 0.00576349559998913
0.638465253239939 0.638533575693043
0.343686806734183 0.335918566972059
0.0178479400258671 0.0255478573348971
0.445054043535362 0.412980207042017
0.531269932097806 0.556711720154039
0.0236760243668268 0.0303080728039428
0.377431669827472 0.414425949508578
0.609695322018546 0.56365491084804
0.0128730081539816 0.0219191396433849
0.35991696410102 0.418285583856561
0.633907001299927 0.570226198031661
0.00617603459905082 0.0114882181117745
0.542369890926865 0.522957340140522
0.451673640428441 0.473331171045704
0.00595646864469541 0.00371148881377017
0.379712611035893 0.364273781027732
0.613719599191809 0.624324654524139
0.00656778977229924 0.0114015644481188
0.469116967173576 0.478292359665828
0.520031679519373 0.516121922315941
0.0108513533070579 0.00558571801823515
0.410419614906915 0.408874482370107
0.571579123890209 0.587993052149123
0.0180012612028678 0.00313246548076831
0.347216337091717 0.328298549985425
0.626623027657341 0.662173112004164
0.0261606352509422 0.00952833801041196
0.559216249154873 0.601724985208366
0.432945140273907 0.395363089789361
0.0078386105712358 0.00291192500226512
0.563137521144461 0.523965240760464
0.434069145913994 0.458264772731935
0.00279333294154285 0.0177699865075954
0.580015987996252 0.521494745703833
0.406727426649064 0.418931952464714
0.0132565853546819 0.0595733018314406
0.552204695899488 0.562233877340937
0.442019779398072 0.384319802015951
0.00577552470243606 0.0534463206431138
0.360721091869352 0.328955291896357
0.638616977378206 0.64904689545695
0.000661930752432372 0.0219978126466849
0.534267004790202 0.499993477417766
0.448685175915285 0.486418332764841
0.0170478192945146 0.0135881898173926
0.468805423383211 0.391001871066562
0.528309524602807 0.578135794206719
0.00288505201398908 0.0308623347267238
0.504918364507967 0.469659245564397
0.493608384178586 0.522909890776463
0.00147325131344724 0.00743086365913457
0.458742585339472 0.466954807668834
0.53609417089521 0.523312353996898
0.00516324376532609 0.00973283833426462
0.568924752571523 0.490236262827287
0.42789860764983 0.500974039079728
0.00317663977864613 0.00878969809297606
0.307622524503417 0.174205630864999
0.663685423099022 0.824683881204393
0.0286920523975572 0.00111048793059683
0.475382653092654 0.474402457932244
0.518624148774185 0.476534993382043
0.00599319813316099 0.0490625486857101
0.360514141278349 0.371594717431951
0.624025602209787 0.603563907374155
0.0154602565118704 0.0248413751938837
0.534720648861906 0.478914891048467
0.450764646844515 0.503173240665479
0.0145147042935764 0.0179118682860524
0.470750180499417 0.45568870033777
0.526826188093989 0.508698052447175
0.0024236314066009 0.0356132472150442
0.720986044142997 0.728747802248286
0.266905654450572 0.264734097820323
0.0121083014064281 0.00651809993140433
0.489941857199307 0.480454047306044
0.497317108022527 0.507474606377006
0.0127410347781657 0.0120713463169541
0.583769226900314 0.584970826656569
0.393479417890971 0.407603537640565
0.022751355208709 0.00742563570287572
0.507875685638179 0.555895812089621
0.487073144185995 0.420664152707714
0.00505117017582306 0.0234400352026672
0.378441888772765 0.359868288028933
0.613434662379296 0.608664487371614
0.00812344884793368 0.0314672245994554
0.342966214187821 0.380266868871509
0.650220069968212 0.554019753845747
0.00681371584396419 0.065713377282745
0.480062473964885 0.483591889423217
0.503265397746097 0.497338951662795
0.0166721282890188 0.0190691589139975
0.40426040190495 0.473978226899969
0.583535038757533 0.494976665482121
0.0122045593375124 0.031045107617913
0.481039389033153 0.494101991662558
0.507920841236421 0.491183233184562
0.0110397697304201 0.0147147751528834
0.704289765525363 0.63013107242218
0.291801451511182 0.337943938779745
0.00390878296344694 0.0319249887980722
0.555106702711273 0.531671625140561
0.439426503856441 0.442426665989961
0.00546679343229103 0.0259017088694753
0.440732364652624 0.411025858571648
0.555983481444806 0.57440904168502
0.00328415390256555 0.0145650997433235
0.46172684067694 0.451342630043262
0.534000216187989 0.524201333820102
0.00427294313507506 0.0244560361366335
0.627585765234217 0.618170585385535
0.355240961085342 0.369062756105511
0.0171732736804412 0.0127666585089516
0.483426039123824 0.481017886124046
0.508491056941503 0.516645687953671
0.00808290393467743 0.00233642592228612
0.556511347003932 0.569303964010204
0.4208872835836 0.390482228565631
0.0226013694124675 0.0402138074241539
0.5434280763305 0.482441038440294
0.447469796269886 0.513174688703548
0.00910212739961667 0.00438427285616368
0.590275164123982 0.609131994883546
0.407500338646403 0.368869864003865
0.00222449722961334 0.0219981411125992
0.438336306289078 0.411802031224751
0.560192052347015 0.565714752368869
0.00147164136390198 0.0224832164063794
0.477535950933841 0.499425416887506
0.516240256129148 0.489715237807916
0.00622379293700484 0.0108593453045839
0.403494279052054 0.399129007186657
0.582541830316439 0.575067417314804
0.0139638906315088 0.0258035754985471
0.288872881170329 0.334996424746801
0.703755390220022 0.658034031616817
0.00737172860963394 0.0069695436363723
0.508830844751597 0.485617828381651
0.467648911638795 0.513523906799001
0.0235202436096042 0.000858264819345789
0.500560527227944 0.560725647363393
0.490070437760894 0.405214232429702
0.00936903501115847 0.0340601202069192
0.409793910837343 0.442316062629175
0.582144960814677 0.556625865028974
0.00806112834797271 0.00105807234185479
0.45816315794984 0.399318948209757
0.526110852185147 0.586831793105679
0.015725989865002 0.0138492586845578
0.355213574956629 0.339167652692871
0.62747688045633 0.607185716519334
0.0173095445870345 0.0536466307877946
0.419199073644974 0.408949820501264
0.579728005338458 0.577107013169402
0.0010729210165672 0.013943166329335
0.596303803347563 0.616084533383447
0.386636709537828 0.37843808730546
0.0170594871146063 0.00547737931110108
0.578629018001134 0.615708346155503
0.391207037807552 0.374332597942928
0.0301639441913176 0.0099590559015798
0.430396072499971 0.442407740328353
0.561965792895412 0.5507041011404
0.00763813460460784 0.00688815853125008
0.458305385236763 0.51522239623153
0.527021473901573 0.471272229397371
0.0146731408616671 0.013505374371102
0.327445950343934 0.382556188569331
0.667548211028343 0.605342680889115
0.00500583862771978 0.012101130541553
0.169166284086591 0.205715262355513
0.817186796722167 0.779859317775228
0.0136469191912415 0.0144254198692545
0.688098125277078 0.577487914582018
0.306682971255927 0.401297675416471
0.00521890346699303 0.0212144100015143
0.434519063435735 0.40660787203465
0.562302713890994 0.585124673997413
0.00317822267326553 0.00826745396793017
0.58045248414902 0.554416555477707
0.417348944140899 0.39775275317902
0.00219857171008246 0.047830691343269
0.574867595697861 0.557828549744914
0.42264416374142 0.427951955937577
0.00248824056072455 0.014219494317501
0.468541722277065 0.41311651553968
0.522680197482439 0.585977358719635
0.00877808024050073 0.000906125740680645
0.533028945341989 0.470216432198
0.452375659054572 0.512816304931952
0.0145953956034257 0.0169672628700428
0.652346548792612 0.612931855725203
0.345781909969911 0.35146993939149
0.00187154123747207 0.0355982048833096
0.269894363469581 0.256065090265703
0.725723976159963 0.706775000404604
0.00438166037046181 0.0371599093296996
0.459240988492427 0.425458891828252
0.533674337213863 0.540790783021034
0.00708467429371342 0.03375032515071
0.393764520432816 0.372989759022972
0.600329538868415 0.605632285293681
0.00590594069876869 0.0213779556833429
0.658392841371658 0.653904911941855
0.338668056391846 0.310015416126035
0.00293910223649833 0.0360796719321169
0.677202224267689 0.646477948539454
0.322065624405733 0.301487139529957
0.000732151326580712 0.0520349119305952
0.54302366264645 0.508127258318066
0.441996088048169 0.438025529286642
0.0149802493053815 0.053847212395298
0.501472551584495 0.452846904009963
0.496277106970476 0.54548160226824
0.00225034144503604 0.00167149372180257
0.342877074034704 0.344819134509297
0.64552799034479 0.610266504143988
0.0115949356205016 0.0449143613467155
0.587431557565816 0.54334400414491
0.392514742930459 0.438464505648775
0.0200536995037332 0.0181914902063141
0.665309489041076 0.657476709097727
0.332696377598969 0.331258232074103
0.00199413335994591 0.0112650588281697
0.459958740483181 0.494336427204586
0.532050062960147 0.494502226715077
0.00799119655667022 0.0111613460803417
0.598113255755044 0.590483912769847
0.391427313361009 0.406350762632871
0.010459430883951 0.00316532459729777
0.57228147930821 0.599048824672381
0.40554073626162 0.376171227385893
0.0221777844301691 0.0247799479417281
0.431062610244598 0.41402674104744
0.547201150680501 0.577199655614341
0.0217362390749006 0.00877360333821362
0.448928749178029 0.478634765679475
0.537464926595489 0.503233019303523
0.013606324226476 0.0181322150169906
0.480017736177411 0.48420017158169
0.517435980938629 0.487259878645537
0.00254628288396508 0.0285399497727716
0.624617511035684 0.625995378375753
0.374125237447289 0.368705061716826
0.00125725151703137 0.00529955990742797
0.599123016446175 0.55929068881962
0.377928401074039 0.367772294772207
0.0229485824797892 0.0729370164081722
0.33305273193133 0.318803385624552
0.65632518388493 0.656456405885925
0.0106220841837389 0.0247402084895162
0.380938451761091 0.385245512047537
0.60146978746122 0.555135156164698
0.0175917607776848 0.0596193317877715
0.293076171344309 0.233322545994549
0.702927789984813 0.734159285930204
0.00399603867086883 0.0325181680752513
0.476928562165898 0.473029128074133
0.506646873649411 0.503218490465089
0.016424564184691 0.0237523814607736
0.701299711571067 0.698065668421158
0.295113648550857 0.275677403759456
0.00358663987808195 0.0262569278193936
0.459157292262396 0.410807231654969
0.525004932620584 0.583263409752292
0.0158377751170188 0.00592935859274771
0.597468419998442 0.609655237864674
0.391244531359135 0.378717287231231
0.0112870486424359 0.0116274749040854
0.586688243754622 0.610949924779237
0.411217897505441 0.36615947337082
0.00209385873994632 0.0228906018499379
0.476262055363166 0.454178128468232
0.519398709847455 0.509357507809845
0.00433923478938514 0.0364643637219219
0.548722239253579 0.545822176334949
0.448933047906067 0.446614351414577
0.00234471284036408 0.00756347225046828
0.670655134220025 0.647365286597531
0.328123644597814 0.348018540619407
0.00122122118214905 0.00461617278306333
0.521428496119479 0.497236154056802
0.475849754382648 0.475172428532405
0.00272174949786894 0.0275914174107965
0.498796208592719 0.463247863072657
0.492031792594284 0.507096898977536
0.0091719988129833 0.029655237949809
0.648372910245555 0.660737671876926
0.337797293669613 0.311967154299842
0.0138297960848354 0.027295173823226
0.484790697734028 0.40269555077266
0.512005467662769 0.55414852035966
0.00320383460320152 0.0431559288676802
0.45493429603886 0.422644842530252
0.539700319962294 0.564286907653767
0.00536538399885049 0.0130682498159888
0.460129593920955 0.465253402111868
0.53200333999948 0.510400485940065
0.00786706607956059 0.0243461119480697
0.599751880729658 0.631014850562733
0.396005892846609 0.352600034900631
0.00424222642373756 0.0163851145366292
0.578000225367688 0.587972175409727
0.416811407986255 0.408457806746081
0.00518836664605376 0.0035700178441875
0.578394508131021 0.596766576068101
0.41784706534625 0.377360299810763
0.00375842652273803 0.0258731241211348
0.619323035914602 0.622176566374832
0.376522154932416 0.356206146258543
0.00415480915297852 0.0216172873666235
0.659318537599491 0.64981473252318
0.323985497105452 0.33960360859621
0.0166959652950636 0.0105816588806142
0.443787301495061 0.410290081341344
0.555498668434389 0.571434177438224
0.000714030070546471 0.0182757412204372
0.605189097213144 0.6445154232485
0.39164482881321 0.345069583782043
0.00316607397364336 0.0104149929694515
0.412575462970605 0.378281187985198
0.57543317883983 0.603740571215352
0.0119913581895648 0.0179782407994497
0.441199037068848 0.38020266844238
0.558275066769997 0.616367080442587
0.000525896161158424 0.00343025111503278
0.518083289774097 0.520446445108504
0.472550632037055 0.461988538036528
0.00936607818884609 0.0175650168549647
0.454241498462604 0.487847621974173
0.532671710167004 0.488510005328614
0.0130867913703926 0.0236423726972113
0.439547424638831 0.406915230920522
0.554911799477112 0.535866774421316
0.00554077588405835 0.0572179946581687
0.523182470514655 0.520046783275607
0.474274697093133 0.436957076396035
0.00254283239221099 0.0429961403283553
0.551634097337534 0.517145384524733
0.44455951197961 0.469629502069326
0.00380639068285454 0.0132251134059318
0.440226984676753 0.492890525065171
0.53368218644314 0.499136767773191
0.0260908288801038 0.00797270716163502
0.59278441715179 0.52841122905088
0.391611208751577 0.453794166370416
0.0156043740966347 0.0177946045787127
0.266263520297682 0.271603462859821
0.728168697861216 0.717162768209572
0.00556778184110439 0.0112337689305917
0.666737341004312 0.657608762096727
0.30757117965212 0.337776095355792
0.0256914793435648 0.00461514254748985
0.421370540980494 0.378856865142304
0.566158955323954 0.592431038367893
0.0124705036955486 0.0287120964897978
0.47031786553408 0.461960933478648
0.509497380848315 0.510295435570851
0.0201847536176034 0.0277436309505032
0.460789285565077 0.522356622080142
0.533735633630881 0.472631553731527
0.00547508080404217 0.00501182418833046
0.448701125577518 0.458229787796405
0.536834239547534 0.534030392038974
0.014464634874954 0.007739820164613
0.446812171759455 0.436465704949952
0.551742543772325 0.549669068333737
0.00144528446821972 0.0138652267163151
0.400046568173082 0.401159161853726
0.568363381148591 0.571803115986591
0.0315900506783223 0.0270377221596895
0.42686914822844 0.388498984629589
0.568441704877024 0.608431482704574
0.00468914689454006 0.00306953266583662
0.539996102480864 0.521193000213269
0.453709983642007 0.474004765851963
0.00629391387713211 0.00480223393477136
0.53834843257393 0.521403213244404
0.454112134422076 0.470785060603664
0.00753943300399469 0.00781172615194111
0.387453606413819 0.442996881268977
0.602645092167686 0.539930969338654
0.00990130141850886 0.0170721493923678
0.547256174891237 0.598827007649176
0.441801664347482 0.398590215744946
0.0109421607612899 0.00258277660588032
0.665096212000189 0.644702880940392
0.330897400979535 0.336166843476907
0.00400638702027399 0.0191302755826941
0.49429086014705 0.54126308802211
0.495159522236194 0.443623327379191
0.0105496176167456 0.0151135845987079
0.573283996731622 0.537727832186744
0.423490301783552 0.421093096838957
0.00322570148481937 0.0411790709742921
0.434957414891401 0.421946225053179
0.552589621455798 0.57136539699026
0.0124529636527991 0.00668837795655323
0.554158665955507 0.58982403321466
0.436949208128598 0.38774967936535
0.00889212591589294 0.0224262874199914
0.389128087623566 0.43727159525331
0.605262813643479 0.549168300613566
0.00560909873294336 0.0135601041331231
0.482211269133857 0.476605980563522
0.516167043007787 0.499040163836257
0.00162168785835904 0.0243538556002304
0.398045822599333 0.370946869384973
0.595602654724789 0.566818557848477
0.00635152267586941 0.0622345727665537
0.550176122503163 0.521096419983164
0.440143343437474 0.443649871712081
0.00968053405936716 0.0352537083047512
0.21070386056306 0.26272403053381
0.782089047450147 0.736503088764832
0.00720709198679472 0.000772880701350069
0.467780266650446 0.437237936129624
0.517041618076675 0.544179042522787
0.0151781152728747 0.0185830213475892
0.342853505398885 0.324243915398597
0.65246517482182 0.643925057528705
0.00468131977929795 0.031831027072701
0.523454865266431 0.513221648276202
0.464472665341449 0.459979152942901
0.0120724693921194 0.0267991987808991
0.471461387685696 0.4478678012246
0.522982692291602 0.532122783252666
0.00555592002271461 0.0200094155227312
0.488471972581899 0.48992793792703
0.49829853100609 0.5092982127033
0.0132294964120134 0.000773849369671813
0.61629690859775 0.604064063840534
0.372397215893217 0.385440390468994
0.0113058755090431 0.0104955456904756
-999 -999
-999 -999
-999 -999
-999 -999
-999 -999
-999 -999
