476 491 0 1
476 492 0 1
476 493 0 1
476 494 0.12 0.88
476 495 0.93 0.07
476 496 1 0
476 497 1 0
476 498 1 0
476 499 1 0
476 500 1 0
476 501 1 0
476 502 1 0
476 503 1 0
476 504 1 0
476 505 1 0
476 506 1 0
476 507 1 0
476 508 1 0
476 509 1 0
476 510 1 0
477 491 0 1
477 492 0 1
477 493 0 1
477 494 0 1
477 495 0.30875 0.69125
477 496 1 0
477 497 1 0
477 498 1 0
477 499 1 0
477 500 1 0
477 501 1 0
477 502 1 0
477 503 1 0
477 504 1 0
477 505 1 0
477 506 1 0
477 507 1 0
477 508 1 0
477 509 1 0
477 510 1 0
478 491 0 1
478 492 0 1
478 493 0 1
478 494 0 1
478 495 0.00125 0.99875
478 496 0.7875 0.2125
478 497 1 0
478 498 1 0
478 499 1 0
478 500 1 0
478 501 1 0
478 502 1 0
478 503 1 0
478 504 1 0
478 505 1 0
478 506 1 0
478 507 1 0
478 508 1 0
478 509 1 0
478 510 1 0
479 491 0 1
479 492 0 1
479 493 0 1
479 494 0 1
479 495 0 1
479 496 0.0175 0.9825
479 497 0.9925 0.0075
479 498 1 0
479 499 1 0
479 500 1 0
479 501 1 0
479 502 1 0
479 503 1 0
479 504 1 0
479 505 1 0
479 506 1 0
479 507 1 0
479 508 1 0
479 509 1 0
479 510 1 0
480 491 0 1
480 492 0 1
480 493 0 1
480 494 0 1
480 495 0 1
480 496 0 1
480 497 0.33625 0.66375
480 498 1 0
480 499 1 0
480 500 1 0
480 501 1 0
480 502 1 0
480 503 1 0
480 504 1 0
480 505 1 0
480 506 1 0
480 507 1 0
480 508 1 0
480 509 1 0
480 510 1 0
481 491 0 1
481 492 0 1
481 493 0 1
481 494 0 1
481 495 0 1
481 496 0 1
481 497 0 1
481 498 0.29 0.71
481 499 0.85375 0.14625
481 500 1 0
481 501 1 0
481 502 1 0
481 503 1 0
481 504 1 0
481 505 1 0
481 506 1 0
481 507 1 0
481 508 1 0
481 509 1 0
481 510 1 0
482 491 0 1
482 492 0 1
482 493 0 1
482 494 0 1
482 495 0 1
482 496 0 1
482 497 0.00375 0.99625
482 498 0.07625 0.92375
482 499 0.14875 0.85125
482 500 0.3625 0.6375
482 501 0.91875 0.08125
482 502 1 0
482 503 1 0
482 504 1 0
482 505 1 0
482 506 1 0
482 507 1 0
482 508 1 0
482 509 1 0
482 510 1 0
483 491 0 1
483 492 0 1
483 493 0 1
483 494 0 1
483 495 0 1
483 496 0 1
483 497 0.06625 0.93375
483 498 0 1
483 499 0 1
483 500 0.14875 0.85125
483 501 0.3325 0.6675
483 502 0.8475 0.1525
483 503 0.9275 0.0725
483 504 1 0
483 505 1 0
483 506 1 0
483 507 1 0
483 508 1 0
483 509 1 0
483 510 1 0
484 491 0 1
484 492 0 1
484 493 0 1
484 494 0 1
484 495 0 1
484 496 0 1
484 497 0 1
484 498 0.68 0.32
484 499 0 1
484 500 0 1
484 501 0.07875 0.92125
484 502 0.1925 0.8075
484 503 0.52625 0.47375
484 504 0.85875 0.14125
484 505 0.9025 0.0975
484 506 1 0
484 507 1 0
484 508 1 0
484 509 1 0
484 510 1 0
485 491 0 1
485 492 0 1
485 493 0 1
485 494 0 1
485 495 0 1
485 496 0 1
485 497 0 1
485 498 0.9675 0.0325
485 499 0.045 0.955
485 500 0 1
485 501 0 1
485 502 0.01 0.99
485 503 0.17875 0.82125
485 504 0.5175 0.4825
485 505 0.8125 0.1875
485 506 0.8675 0.1325
485 507 0.92625 0.07375
485 508 1 0
485 509 1 0
485 510 1 0
486 491 0 1
486 492 0 1
486 493 0 1
486 494 0 1
486 495 0 1
486 496 0 1
486 497 0 1
486 498 1 0
486 499 0.9175 0.0825
486 500 0 1
486 501 0 1
486 502 0 1
486 503 0 1
486 504 0.1225 0.8775
486 505 0.31 0.69
486 506 0.5525 0.4475
486 507 0.9175 0.0825
486 508 0.96625 0.03375
486 509 1 0
486 510 1 0
487 491 0 1
487 492 0 1
487 493 0 1
487 494 0 1
487 495 0 1
487 496 0 1
487 497 0 1
487 498 0.8075 0.1925
487 499 1 0
487 500 0.65 0.35
487 501 0 1
487 502 0 1
487 503 0 1
487 504 0 1
487 505 0.01375 0.98625
487 506 0.2575 0.7425
487 507 0.93625 0.06375
487 508 1 0
487 509 1 0
487 510 1 0
488 491 0 1
488 492 0 1
488 493 0 1
488 494 0 1
488 495 0 1
488 496 0 1
488 497 0 1
488 498 0.3725 0.6275
488 499 1 0
488 500 1 0
488 501 0.045 0.955
488 502 0 1
488 503 0 1
488 504 0 1
488 505 0 1
488 506 0.20375 0.79625
488 507 0.90625 0.09375
488 508 1 0
488 509 1 0
488 510 1 0
489 491 0 1
489 492 0 1
489 493 0 1
489 494 0 1
489 495 0 1
489 496 0 1
489 497 0 1
489 498 0.2975 0.7025
489 499 1 0
489 500 1 0
489 501 0.97375 0.02625
489 502 0 1
489 503 0 1
489 504 0 1
489 505 0 1
489 506 0.06125 0.93875
489 507 0.9025 0.0975
489 508 1 0
489 509 1 0
489 510 1 0
490 491 0 1
490 492 0 1
490 493 0 1
490 494 0 1
490 495 0 1
490 496 0 1
490 497 0 1
490 498 0.145 0.855
490 499 1 0
490 500 1 0
490 501 1 0
490 502 0.70375 0.29625
490 503 0 1
490 504 0 1
490 505 0 1
490 506 0.00375 0.99625
490 507 0.96625 0.03375
490 508 1 0
490 509 1 0
490 510 1 0
491 491 0 1
491 492 0 1
491 493 0 1
491 494 0 1
491 495 0 1
491 496 0 1
491 497 0 1
491 498 0.0275 0.9725
491 499 1 0
491 500 1 0
491 501 1 0
491 502 1 0
491 503 0.0025 0.9975
491 504 0 1
491 505 0 1
491 506 0 1
491 507 1 0
491 508 1 0
491 509 1 0
491 510 1 0
492 491 0 1
492 492 0 1
492 493 0 1
492 494 0 1
492 495 0 1
492 496 0 1
492 497 0 1
492 498 0 1
492 499 1 0
492 500 1 0
492 501 1 0
492 502 1 0
492 503 0.89375 0.10625
492 504 0 1
492 505 0 1
492 506 0 1
492 507 1 0
492 508 1 0
492 509 1 0
492 510 1 0
493 491 0 1
493 492 0 1
493 493 0 1
493 494 0 1
493 495 0 1
493 496 0 1
493 497 0 1
493 498 0.08875 0.91125
493 499 1 0
493 500 1 0
493 501 1 0
493 502 1 0
493 503 0.92 0.08
493 504 0.705 0.295
493 505 0 1
493 506 0 1
493 507 1 0
493 508 1 0
493 509 1 0
493 510 1 0
494 491 0 1
494 492 0 1
494 493 0 1
494 494 0 1
494 495 0 1
494 496 0 1
494 497 0.0075 0.9925
494 498 0.66 0.34
494 499 0.97 0.03
494 500 1 0
494 501 1 0
494 502 1 0
494 503 0.94125 0.05875
494 504 0.89375 0.10625
494 505 0.0975 0.9025
494 506 0 1
494 507 0.99125 0.00875
494 508 1 0
494 509 1 0
494 510 1 0
495 491 0 1
495 492 0 1
495 493 0 1
495 494 0 1
495 495 0 1
495 496 0 1
495 497 0.11375 0.88625
495 498 0.9575 0.0425
495 499 0.985 0.015
495 500 1 0
495 501 1 0
495 502 1 0
495 503 0.9775 0.0225
495 504 0.9675 0.0325
495 505 0.96625 0.03375
495 506 0.0325 0.9675
495 507 0.98375 0.01625
495 508 1 0
495 509 1 0
495 510 1 0
496 491 0.0375 0.9625
496 492 0.0025 0.9975
496 493 0 1
496 494 0 1
496 495 0 1
496 496 0.045 0.955
496 497 0.58125 0.41875
496 498 0.9775 0.0225
496 499 1 0
496 500 1 0
496 501 1 0
496 502 1 0
496 503 1 0
496 504 1 0
496 505 1 0
496 506 1 0
496 507 1 0
496 508 1 0
496 509 1 0
496 510 1 0
497 491 0.42375 0.57625
497 492 0.32125 0.67875
497 493 0.11 0.89
497 494 0 1
497 495 0.05625 0.94375
497 496 0.2875 0.7125
497 497 0.95625 0.04375
497 498 1 0
497 499 1 0
497 500 1 0
497 501 1 0
497 502 1 0
497 503 1 0
497 504 1 0
497 505 1 0
497 506 1 0
497 507 1 0
497 508 1 0
497 509 1 0
497 510 1 0
498 491 0.85 0.15
498 492 0.94625 0.05375
498 493 0.9475 0.0525
498 494 0.9475 0.0525
498 495 0.93875 0.06125
498 496 0.69125 0.30875
498 497 0.9975 0.0025
498 498 1 0
498 499 1 0
498 500 1 0
498 501 1 0
498 502 1 0
498 503 1 0
498 504 1 0
498 505 0.97 0.03
498 506 0.92625 0.07375
498 507 1 0
498 508 1 0
498 509 1 0
498 510 1 0
499 491 1 0
499 492 1 0
499 493 1 0
499 494 1 0
499 495 0.99875 0.00125
499 496 1 0
499 497 1 0
499 498 1 0
499 499 1 0
499 500 1 0
499 501 1 0
499 502 1 0
499 503 1 0
499 504 1 0
499 505 0.8175 0.1825
499 506 0.24625 0.75375
499 507 1 0
499 508 1 0
499 509 1 0
499 510 1 0
500 491 1 0
500 492 1 0
500 493 1 0
500 494 1 0
500 495 1 0
500 496 1 0
500 497 1 0
500 498 1 0
500 499 1 0
500 500 1 0
500 501 1 0
500 502 1 0
500 503 1 0
500 504 0.89625 0.10375
500 505 0.6475 0.3525
500 506 0.22125 0.77875
500 507 0.22375 0.77625
500 508 1 0
500 509 1 0
500 510 1 0
501 491 1 0
501 492 1 0
501 493 1 0
501 494 1 0
501 495 1 0
501 496 1 0
501 497 1 0
501 498 1 0
501 499 1 0
501 500 1 0
501 501 1 0
501 502 1 0
501 503 1 0
501 504 0.8325 0.1675
501 505 0.5275 0.4725
501 506 0.40125 0.59875
501 507 0.00375 0.99625
501 508 0.99375 0.00625
501 509 1 0
501 510 1 0
502 491 1 0
502 492 1 0
502 493 1 0
502 494 1 0
502 495 1 0
502 496 1 0
502 497 1 0
502 498 1 0
502 499 1 0
502 500 1 0
502 501 1 0
502 502 1 0
502 503 1 0
502 504 0.93125 0.06875
502 505 0.84875 0.15125
502 506 0.41125 0.58875
502 507 0 1
502 508 0.02 0.98
502 509 0.9925 0.0075
502 510 1 0
503 491 1 0
503 492 1 0
503 493 1 0
503 494 1 0
503 495 1 0
503 496 1 0
503 497 1 0
503 498 1 0
503 499 1 0
503 500 1 0
503 501 1 0
503 502 1 0
503 503 1 0
503 504 1 0
503 505 1 0
503 506 0.91875 0.08125
503 507 0.1825 0.8175
503 508 0.02 0.98
503 509 0.33 0.67
503 510 0.95375 0.04625
504 491 1 0
504 492 1 0
504 493 1 0
504 494 1 0
504 495 1 0
504 496 1 0
504 497 1 0
504 498 1 0
504 499 1 0
504 500 1 0
504 501 1 0
504 502 1 0
504 503 1 0
504 504 1 0
504 505 1 0
504 506 0.9775 0.0225
504 507 0.4825 0.5175
504 508 0.32375 0.67625
504 509 0.52125 0.47875
504 510 0.76625 0.23375
505 491 1 0
505 492 1 0
505 493 1 0
505 494 1 0
505 495 1 0
505 496 1 0
505 497 1 0
505 498 1 0
505 499 1 0
505 500 1 0
505 501 1 0
505 502 1 0
505 503 1 0
505 504 1 0
505 505 1 0
505 506 0.98 0.02
505 507 0.52375 0.47625
505 508 0.46875 0.53125
505 509 0.35875 0.64125
505 510 0.59625 0.40375
506 491 1 0
506 492 1 0
506 493 1 0
506 494 1 0
506 495 1 0
506 496 1 0
506 497 1 0
506 498 1 0
506 499 1 0
506 500 1 0
506 501 1 0
506 502 1 0
506 503 1 0
506 504 1 0
506 505 1 0
506 506 1 0
506 507 0.88625 0.11375
506 508 0.99375 0.00625
506 509 0.9675 0.0325
506 510 0.95125 0.04875
507 491 1 0
507 492 1 0
507 493 1 0
507 494 1 0
507 495 1 0
507 496 1 0
507 497 1 0
507 498 1 0
507 499 1 0
507 500 1 0
507 501 1 0
507 502 1 0
507 503 1 0
507 504 1 0
507 505 1 0
507 506 1 0
507 507 1 0
507 508 1 0
507 509 1 0
507 510 1 0
508 491 1 0
508 492 1 0
508 493 1 0
508 494 1 0
508 495 1 0
508 496 1 0
508 497 1 0
508 498 1 0
508 499 1 0
508 500 1 0
508 501 1 0
508 502 1 0
508 503 1 0
508 504 1 0
508 505 1 0
508 506 1 0
508 507 1 0
508 508 1 0
508 509 1 0
508 510 1 0
509 491 1 0
509 492 1 0
509 493 1 0
509 494 1 0
509 495 1 0
509 496 1 0
509 497 1 0
509 498 1 0
509 499 1 0
509 500 1 0
509 501 1 0
509 502 1 0
509 503 1 0
509 504 1 0
509 505 1 0
509 506 1 0
509 507 1 0
509 508 1 0
509 509 1 0
509 510 1 0
510 491 1 0
510 492 1 0
510 493 1 0
510 494 1 0
510 495 1 0
510 496 1 0
510 497 1 0
510 498 1 0
510 499 1 0
510 500 1 0
510 501 1 0
510 502 1 0
510 503 1 0
510 504 1 0
510 505 1 0
510 506 1 0
510 507 1 0
510 508 1 0
510 509 1 0
510 510 1 0
511 491 1 0
511 492 1 0
511 493 1 0
511 494 1 0
511 495 1 0
511 496 1 0
511 497 1 0
511 498 1 0
511 499 1 0
511 500 1 0
511 501 1 0
511 502 1 0
511 503 1 0
511 504 1 0
511 505 1 0
511 506 1 0
511 507 1 0
511 508 1 0
511 509 1 0
511 510 1 0
512 491 1 0
512 492 1 0
512 493 1 0
512 494 1 0
512 495 1 0
512 496 1 0
512 497 1 0
512 498 1 0
512 499 1 0
512 500 1 0
512 501 1 0
512 502 1 0
512 503 1 0
512 504 1 0
512 505 1 0
512 506 1 0
512 507 1 0
512 508 1 0
512 509 1 0
512 510 1 0
513 491 1 0
513 492 1 0
513 493 1 0
513 494 1 0
513 495 1 0
513 496 1 0
513 497 1 0
513 498 1 0
513 499 1 0
513 500 1 0
513 501 1 0
513 502 1 0
513 503 1 0
513 504 1 0
513 505 1 0
513 506 1 0
513 507 1 0
513 508 1 0
513 509 1 0
513 510 1 0
514 491 1 0
514 492 1 0
514 493 1 0
514 494 1 0
514 495 1 0
514 496 1 0
514 497 1 0
514 498 1 0
514 499 1 0
514 500 1 0
514 501 1 0
514 502 1 0
514 503 1 0
514 504 1 0
514 505 1 0
514 506 1 0
514 507 1 0
514 508 1 0
514 509 1 0
514 510 1 0
515 491 1 0
515 492 1 0
515 493 1 0
515 494 1 0
515 495 1 0
515 496 1 0
515 497 1 0
515 498 1 0
515 499 1 0
515 500 1 0
515 501 1 0
515 502 1 0
515 503 1 0
515 504 1 0
515 505 1 0
515 506 1 0
515 507 1 0
515 508 1 0
515 509 1 0
515 510 1 0
516 491 1 0
516 492 1 0
516 493 1 0
516 494 1 0
516 495 1 0
516 496 1 0
516 497 1 0
516 498 1 0
516 499 1 0
516 500 1 0
516 501 1 0
516 502 0.98625 0.01375
516 503 0.93125 0.06875
516 504 0.89875 0.10125
516 505 1 0
516 506 1 0
516 507 1 0
516 508 1 0
516 509 1 0
516 510 1 0
517 491 1 0
517 492 1 0
517 493 1 0
517 494 1 0
517 495 1 0
517 496 1 0
517 497 1 0
517 498 1 0
517 499 0.925 0.075
517 500 0.7025 0.2975
517 501 0.27625 0.72375
517 502 0.1025 0.8975
517 503 0.065 0.935
517 504 0.2475 0.7525
517 505 0.97625 0.02375
517 506 1 0
517 507 1 0
517 508 1 0
517 509 1 0
517 510 1 0
518 491 1 0
518 492 1 0
518 493 1 0
518 494 1 0
518 495 1 0
518 496 1 0
518 497 0.2375 0.7625
518 498 0.1275 0.8725
518 499 0.11125 0.88875
518 500 0.06625 0.93375
518 501 0.06125 0.93875
518 502 0.0025 0.9975
518 503 0.00875 0.99125
518 504 0.02375 0.97625
518 505 0.42125 0.57875
518 506 0.9925 0.0075
518 507 1 0
518 508 1 0
518 509 1 0
518 510 1 0
519 491 1 0
519 492 1 0
519 493 1 0
519 494 1 0
519 495 1 0
519 496 0.985 0.015
519 497 0.33 0.67
519 498 0.00125 0.99875
519 499 0 1
519 500 0 1
519 501 0 1
519 502 0 1
519 503 0 1
519 504 0 1
519 505 0.0125 0.9875
519 506 0.84 0.16
519 507 0.9475 0.0525
519 508 1 0
519 509 1 0
519 510 1 0
520 491 0.81125 0.18875
520 492 1 0
520 493 0.995 0.005
520 494 0.85625 0.14375
520 495 0.825 0.175
520 496 0.83625 0.16375
520 497 0.785 0.215
520 498 0.02 0.98
520 499 0 1
520 500 0 1
520 501 0 1
520 502 0 1
520 503 0 1
520 504 0.02625 0.97375
520 505 0.08 0.92
520 506 0.835 0.165
520 507 0.9875 0.0125
520 508 1 0
520 509 1 0
520 510 1 0
521 491 0.09 0.91
521 492 0.03375 0.96625
521 493 0.1575 0.8425
521 494 0.77125 0.22875
521 495 0.81125 0.18875
521 496 0.9075 0.0925
521 497 0.92125 0.07875
521 498 0.06625 0.93375
521 499 0.04 0.96
521 500 0.01375 0.98625
521 501 0.195 0.805
521 502 0.99375 0.00625
521 503 1 0
521 504 1 0
521 505 1 0
521 506 1 0
521 507 1 0
521 508 1 0
521 509 1 0
521 510 1 0
522 491 0.105 0.895
522 492 0.00125 0.99875
522 493 0 1
522 494 0.00125 0.99875
522 495 0.06375 0.93625
522 496 0.5525 0.4475
522 497 0.84 0.16
522 498 0.9975 0.0025
522 499 1 0
522 500 1 0
522 501 1 0
522 502 1 0
522 503 1 0
522 504 1 0
522 505 1 0
522 506 1 0
522 507 1 0
522 508 1 0
522 509 1 0
522 510 1 0
523 491 0.9975 0.0025
523 492 1 0
523 493 0.9675 0.0325
523 494 0.955 0.045
523 495 0.80875 0.19125
523 496 0.7175 0.2825
523 497 0.77625 0.22375
523 498 1 0
523 499 1 0
523 500 1 0
523 501 1 0
523 502 1 0
523 503 1 0
523 504 1 0
523 505 1 0
523 506 1 0
523 507 1 0
523 508 1 0
523 509 1 0
523 510 1 0
524 491 1 0
524 492 1 0
524 493 0.99875 0.00125
524 494 0.99125 0.00875
524 495 0.98125 0.01875
524 496 0.97625 0.02375
524 497 0.97 0.03
524 498 1 0
524 499 1 0
524 500 1 0
524 501 1 0
524 502 1 0
524 503 1 0
524 504 1 0
524 505 1 0
524 506 1 0
524 507 1 0
524 508 1 0
524 509 1 0
524 510 1 0
525 491 1 0
525 492 1 0
525 493 1 0
525 494 0.99375 0.00625
525 495 0.99375 0.00625
525 496 0.99125 0.00875
525 497 0.98375 0.01625
525 498 1 0
525 499 1 0
525 500 1 0
525 501 1 0
525 502 1 0
525 503 1 0
525 504 1 0
525 505 1 0
525 506 1 0
525 507 1 0
525 508 1 0
525 509 1 0
525 510 1 0
