0.377859814065864 0.358987715640197
0.559336103376018 0.625344199265351
0.0628040825581193 0.0156680850944504
0.635432518208075 0.571588977194087
0.310555045395339 0.419821101077775
0.0540124363965847 0.0085899217281371
0.256785778139924 0.297909356408965
0.669833057881218 0.695695773708369
0.0733811639788577 0.00639486988266616
0.36261175826478 0.4321697156628
0.590885906261087 0.558075191826272
0.046502335474133 0.00975509251092779
0.571696311652079 0.499889950909291
0.378367144830677 0.489658518622116
0.0499365435172428 0.0104515304685933
0.441339140776342 0.455955512420822
0.511582961404941 0.537553898261242
0.047077897818718 0.00649058931793801
0.538666846859584 0.629521545762266
0.391257651822233 0.363352813450234
0.0700755013181844 0.00712564078750068
0.700970142924936 0.595936518741095
0.266934742571934 0.397276404345197
0.0320951145031301 0.0067870769137105
0.657694478903312 0.580107487856279
0.282091748576632 0.415391976436854
0.0602137725200565 0.00450053570686683
0.515172580352779 0.573546494330334
0.447850692934173 0.4131804054238
0.0369767267130455 0.0132731002458658
0.257144403642496 0.332587878596157
0.657874685891231 0.64751120057451
0.0849809104662722 0.0199009208293336
0.278521648857472 0.335680722390136
0.621806801703496 0.659492727264129
0.0996715494390323 0.00482655034573439
0.605974189953121 0.65354296937204
0.28808252071243 0.338944769471632
0.105943289334448 0.0075122611563296
0.350354496045886 0.445375084592433
0.597630895171395 0.54821646904821
0.0520146087827183 0.00640844635935788
0.354513588013666 0.400262831413042
0.539203790290237 0.585553843956704
0.106282621696099 0.0141833246302543
0.521486059279174 0.487772286739573
0.445796545234594 0.492364082593008
0.0327173954862321 0.0198636306674208
0.574799255452455 0.564428676605674
0.317724989530212 0.431409634996373
0.107475755017334 0.00416168839795398
0.575612889277146 0.631543593805993
0.357695521491569 0.359213618476589
0.0666915892312852 0.00924278771741764
0.475551178674908 0.445003826673271
0.436591122357642 0.542336038906864
0.08785769896745 0.0126601344198644
0.637613622120743 0.612916642154168
0.309520298098678 0.381048900748992
0.0528660797805778 0.00603445709684054
0.627890835956067 0.545299910166999
0.323754769128895 0.445988318951463
0.0483543949150361 0.00871177088154032
0.37675406460831 0.468705752180062
0.574893014892474 0.524305893716263
0.0483529204992162 0.00698835410367674
0.483968386462983 0.630944685537217
0.376840057048816 0.354095139117954
0.139191556488199 0.0149601753448273
0.457914162405763 0.449718980635737
0.469863744570898 0.543161057179554
0.0722220930233367 0.00711996218470918
0.355088709919826 0.307107124317938
0.5983031033221 0.684591613017936
0.0466081867580742 0.00830126266412483
0.401972428698957 0.452371404340736
0.556613409684373 0.525693948516803
0.0414141616166725 0.0219346471424611
0.4464090717757 0.431786720943308
0.494158314809327 0.555607829168002
0.0594326134149723 0.012605449888689
0.410097203938935 0.404885921699741
0.477141631191308 0.586232514069104
0.112761164869759 0.00888156423115604
0.504427413178578 0.483672794811805
0.439597880333363 0.505096944107828
0.0559747064880623 0.0112302610803696
0.380708655473019 0.333861370362615
0.557052529945502 0.64901122983065
0.0622388145814798 0.0171273998067352
0.173998217289448 0.386349388331055
0.730080254329499 0.584740565374425
0.0959215283810509 0.0289100462945176
0.576156645188466 0.562993689500876
0.375956951263108 0.431227240043491
0.0478864035484265 0.00577907045563539
0.511329943181235 0.35746082931575
0.43090767352516 0.623690088170375
0.0577623832936044 0.0188490825138757
0.3617933281031 0.501805916226807
0.570872403927888 0.48654634075723
0.0673342679690118 0.0116477430159623
0.588462586337355 0.546418564838519
0.362687133320135 0.440736761032375
0.0488502803425107 0.0128446741291075
0.367484003250564 0.447246431173369
0.595737077374838 0.535961906021748
0.0367789193745977 0.0167916628048836
0.337736028507454 0.474883453672048
0.595688724757269 0.514220710157669
0.0665752467352768 0.010895836170284
0.658933302908116 0.564553486087036
0.275163188373994 0.427625994029638
0.0659035087178913 0.00782051988332434
0.472613962872323 0.446835606484476
0.480767753441996 0.544607468547661
0.0466182836856794 0.00855692496786447
0.437632869003272 0.448897716144088
0.480070926170278 0.545129504040308
0.0822962048264507 0.0059727798156029
0.483757709533666 0.447455303081708
0.467125182736933 0.544829153637334
0.0491171077294012 0.00771554328096048
0.299432136667143 0.372521911735961
0.648439374079111 0.611740200483404
0.0521284892537476 0.0157378877806351
0.534690751032477 0.687470387611679
0.382660477192517 0.293562260774765
0.0826487717750053 0.0189673516135557
0.53572578121997 0.398996699261
0.413349802893468 0.593903970564747
0.0509244158865604 0.00709933017425302
0.450743420895821 0.506901287296362
0.460113439946004 0.486010838553405
0.0891431391581774 0.00708787415023424
0.520945630803617 0.51840368775527
0.399830542403166 0.474960480144919
0.0792238267932146 0.00663583209981426
0.50338182614723 0.594338382890809
0.435213817055154 0.388688791334015
0.0614043567976178 0.0169728257751759
0.588361667203279 0.605274214220776
0.376185548037442 0.378564832143286
0.0354527847592786 0.016160953635937
0.572713863317893 0.568382110990435
0.340875210714892 0.419091352249521
0.0864109259672149 0.0125265367600437
0.57371847007215 0.404594554076827
0.389778138926148 0.583173578582381
0.0365033910017011 0.0122318673407931
0.517683523350079 0.489231350074401
0.414715003378064 0.500289395523851
0.067601473271856 0.0104792544017502
0.651245066055466 0.515579981576544
0.266637010416158 0.474332281398533
0.0821179235283764 0.0100877370249209
0.570679900571393 0.587435329872391
0.296715239970844 0.396889588129136
0.132604859457761 0.0156750819984714
0.513124901446493 0.612184180716262
0.429311664582235 0.374354306200969
0.0575634339712729 0.0134615130827674
0.354249250020997 0.513244932211268
0.528938335296539 0.478601089100643
0.116812414682462 0.00815397868809165
0.605807241234858 0.63361182864697
0.326746547330017 0.355927817747626
0.0674462114351273 0.0104603536054035
0.481597260242424 0.439309407839767
0.401434553923565 0.545782563847352
0.116968185834012 0.0149080283128802
0.490572146586588 0.388984890891785
0.464712607960246 0.603730416358649
0.0447152454531628 0.00728469274956485
0.427898153664574 0.363660295795491
0.475623511257286 0.627273798315509
0.096478335078141 0.00906590588899949
0.40155781336172 0.530452835632774
0.526508003527674 0.454391797688834
0.0719341831106051 0.0151553666783922
0.318833340402195 0.376264268136326
0.642377455393097 0.617371625849278
0.0387892042047084 0.00636410601439584
0.472455440636405 0.467330157864227
0.479484337129271 0.521634034186055
0.0480602222343244 0.0110358079497214
0.400308841843803 0.395917325808956
0.562318054309731 0.580767206283263
0.0373731038464687 0.0233154679077808
0.471423781421644 0.338588150386104
0.440412861085867 0.645502377862421
0.0881633574924884 0.0159094717514769
0.467590847098632 0.574872299015976
0.438326481632558 0.414957564217084
0.0940826712688105 0.0101701367669381
0.577726194405475 0.544648352177103
0.377136880631536 0.449675734049445
0.0451369249629889 0.00567591377345046
0.658469699676639 0.571498650631565
0.298095005377436 0.419985958502587
0.0434352949459245 0.00851539086584882
0.561814485415798 0.562980505140579
0.385602291789916 0.424802445744873
0.0525832227942864 0.0122170491145474
0.288147331012968 0.351878898784673
0.672437273431185 0.638093885034593
0.0394153955558473 0.0100272161807343
0.530971822823435 0.525391008157878
0.419244224537837 0.462470668016821
0.0497839526387305 0.0121383238253005
0.325967062191189 0.443967597017141
0.623408745467197 0.550105040991981
0.0506241923416146 0.00592736199088016
0.516435042807202 0.490194531945643
0.410896443192895 0.502034417345362
0.0726685139999017 0.0077710507089941
0.403610933219844 0.461629500175771
0.549558215615161 0.521926775496376
0.0468308511649935 0.0164437243278523
0.519718963005042 0.559433560448426
0.414963286326342 0.42937464429829
0.0653177506686147 0.011191795253282
0.186617328132548 0.286112712961
0.719675975444374 0.700525718381835
0.0937066964230781 0.0133615686571646
0.465879950721685 0.481646058956423
0.481085872999799 0.503426185342717
0.0530341762785148 0.0149277557008596
0.367377585677953 0.358224774403317
0.553041518939864 0.628857725720635
0.0795808953821853 0.012917499876046
0.581784986974251 0.520486054654776
0.375941755936678 0.459839495532674
0.0422732570890746 0.0196744498125498
0.344746829227109 0.447995379609536
0.618121004495421 0.530042549775496
0.0371321662774681 0.0219620706149676
0.662371575484921 0.728084290741353
0.208102634842425 0.262054621085121
0.129525789672653 0.00986108817352595
0.433901749467894 0.469915069966692
0.471816021053344 0.522214702843933
0.0942822294787635 0.00787022718937792
0.494109510736212 0.595499477589688
0.33157342235907 0.398857880453432
0.174317066904719 0.00564264195687967
0.424291912093236 0.513533330178423
0.51416845237132 0.478647080655634
0.0615396355354419 0.00781958916594158
0.460633179193543 0.354070108060323
0.495445487362934 0.636773877382275
0.0439213334435212 0.00915601455740057
0.227251670621899 0.352055681277562
0.670058997024061 0.640832017924541
0.102689332354041 0.00711230079789615
0.524799008980315 0.483597308090448
0.421513340810118 0.508535749116878
0.0536876502095655 0.00786694279267281
0.548614015728246 0.414136428787969
0.398701023980045 0.556660728595257
0.0526849602917108 0.0292028426167697
0.575414317567306 0.493944109786086
0.366643554940398 0.497061991987978
0.057942127492295 0.00899389822593589
0.632002295056609 0.686034776014778
0.301373234079879 0.302227759756405
0.0666244708635137 0.0117374642288178
0.493351361172129 0.535903343026539
0.440936809661023 0.448999993637322
0.0657118291668473 0.0150966633361382
0.483394882054818 0.423231259484941
0.439314521313492 0.557263006702885
0.077290596631691 0.0195057338121752
0.472342139189031 0.45567353757137
0.487365821499091 0.532417519560065
0.0402920393118789 0.0119089428685648
0.582838724734043 0.635477658437131
0.374274888943606 0.351063337452784
0.0428863863223508 0.0134590041100868
0.50594417121948 0.47885867584536
0.386034365846622 0.509160234366727
0.108021462933896 0.0119810897879107
0.36815794516947 0.574173697844152
0.496636817085949 0.411537655827396
0.13520523774458 0.0142886463284502
0.437664374622845 0.529831414778631
0.446109726973372 0.462621922092617
0.116225898403781 0.00754666312875373
0.395092952488196 0.593446457728568
0.540502018571117 0.3966022116886
0.0644050289406882 0.0099513305828315
0.303151757976678 0.434115889443509
0.578535246595511 0.554328317993048
0.118312995427812 0.011555792563441
0.438096884615786 0.480297757413119
0.504964587721457 0.504213523617232
0.0569385276627574 0.0154887189696473
0.442461544855226 0.399818315088982
0.509485986334521 0.584160985572668
0.0480524688102545 0.0160206993383494
0.275959705661197 0.298390592944563
0.667442860068379 0.687535366519244
0.0565974342704262 0.0140740405361952
0.528048140306396 0.502928587320133
0.403098116720371 0.485233384468209
0.0688537429732336 0.0118380282116559
0.534910741870677 0.513879995416743
0.423753547324537 0.464576853605368
0.0413357108047859 0.0215431509778899
0.407257214231245 0.400963746131995
0.537710727701605 0.58788712238727
0.0550320580671493 0.0111491314807358
0.418232931717303 0.454281779881323
0.479888484039918 0.528564538095206
0.10187858424278 0.0171536820234714
0.295792234976226 0.350267057432533
0.604988922216928 0.635124115173955
0.0992188428068459 0.0146088273935132
0.414308024197306 0.4090648926885
0.52107552609339 0.575961872289221
0.0646164497093015 0.0149732350222789
0.554017827584517 0.601029670218121
0.358906579849452 0.389287873360116
0.087075592566033 0.00968245642176535
0.558331152561977 0.590615785676673
0.409195639308018 0.397819847077981
0.0324732081300058 0.0115643672453453
0.432600399729656 0.436043113521368
0.500584622250769 0.558065313548196
0.0668149780195758 0.00589157293043354
0.461399232625384 0.489732001787993
0.480099454281167 0.503801357459947
0.0585013130934484 0.00646664075205906
0.403055034685794 0.335413758326543
0.543423134895667 0.656113820276209
0.0535218304185407 0.00847242139725101
0.22626813937328 0.174796405494193
0.734013596534893 0.812744616352753
0.0397182640918268 0.0124589781530556
0.646789686992754 0.654997835986318
0.274470225374429 0.338166664430306
0.0787400876328172 0.00683549958337691
0.426431208471238 0.413573267558866
0.524972784539885 0.573519543987778
0.0485960069888801 0.0129071884533577
0.430909350963571 0.574757408254512
0.536252534402635 0.407509939022244
0.0328381146337928 0.0177326527232451
0.491564821922253 0.56882925174679
0.431165603510916 0.422628151600923
0.0772695745668315 0.00854259665228689
0.510920154065287 0.454602653152954
0.38554588487845 0.529756475693435
0.103533961056261 0.0156408711536094
0.510888384506812 0.528694601465869
0.427616745254751 0.460392297204645
0.0614948702384386 0.0109131013294869
0.63714431004163 0.626015015126642
0.286543967652592 0.355174787897384
0.0763117223057797 0.0188101969759765
0.299748137956128 0.261760236879449
0.645679624422985 0.726449059777585
0.0545722376208868 0.0117907033429657
0.494880436395973 0.449821106414381
0.437273213541122 0.540530345788375
0.067846350062906 0.00964854779724289
0.403664136314174 0.378422700516417
0.544798169926737 0.598295060107246
0.0515376937590875 0.023282239376339
0.521946190779483 0.670912344984398
0.404460940636547 0.315790155191847
0.0735928685839685 0.013297499823755
0.63092829112668 0.671124428381686
0.303250384809002 0.319041065689814
0.0658213240643187 0.00983450592849938
0.406601359189631 0.527508499748596
0.55132767863759 0.459424672334011
0.0420709621727803 0.0130668279173945
0.439071293813856 0.501816391507905
0.506528699612103 0.493791375821753
0.0544000065740389 0.00439223267034052
0.372301886810542 0.325881306800916
0.527712335580115 0.651283483548942
0.0999857776093437 0.0228352096501405
0.55491027442726 0.587714458026168
0.337209875292894 0.406543036473251
0.107879850279847 0.00574250550058042
0.728564936910072 0.639636524949487
0.23405403594846 0.349311797597482
0.037381027141469 0.011051677453031
0.475899652033159 0.469391277597834
0.452269085636685 0.52506334307932
0.0718312623301536 0.00554537932284423
0.52821545723689 0.605086676005312
0.427443267380114 0.378765171518536
0.0443412753829958 0.0161481524761503
0.456700342236793 0.577914643814615
0.498093768773959 0.414264371442623
0.045205888989249 0.00782098474276457
0.397706906697063 0.423134683077537
0.519445096274037 0.567474833157156
0.0828479970288995 0.00939048376530977
0.351617740074069 0.458636415558462
0.564935754586439 0.534391798826334
0.0834465053394901 0.00697178561520396
0.441775670943638 0.487077372558202
0.488325104127043 0.502019027855096
0.0698992249293205 0.0109035995867026
0.665745273442527 0.606332533635493
0.272610029205956 0.385656699699438
0.061644697351515 0.00801076666506669
0.485333100434593 0.618048587288998
0.385542912403969 0.37552125192278
0.129123987161437 0.0064301607882231
0.440937497776003 0.324325843947498
0.49350351170152 0.667716075220584
0.0655589905224797 0.00795808083191768
0.347325175618937 0.38907840266721
0.60606797786693 0.594396657274166
0.0466068465141319 0.0165249400586215
0.329759107011716 0.263866731668969
0.560110557431402 0.725969414591761
0.110130335556882 0.0101638537392711
0.367390395647312 0.485885218220712
0.496233238763618 0.503994070911202
0.136376365589071 0.0101207108680866
0.780643288044852 0.704564778790978
0.156180112922716 0.289438425829474
0.0631765990324323 0.00599679537954839
0.498555238105064 0.432884434366753
0.429453005780148 0.55815904065238
0.0719917561147895 0.00895652498086807
0.523942629243628 0.600543835884105
0.395987036071155 0.389985103976371
0.0800703346852177 0.00947106013952401
0.689152337667984 0.582838800097403
0.217067972404832 0.400174876446663
0.0937796899271835 0.0169863234559338
0.421779012330039 0.479976957270484
0.453564776062108 0.508343572854463
0.124656211607854 0.0116794698750533
0.479785570119827 0.541361634936139
0.446710142369133 0.449720702173778
0.0735042875110408 0.00891766289008255
0.54836714348961 0.667234331823231
0.363019331953839 0.328213180838336
0.0886135245565513 0.00455248733843538
0.450722934693884 0.51002458401715
0.482259196319831 0.476077843379679
0.0670178689862826 0.0138975726031673
0.498821063584797 0.487259668868522
0.450216233767341 0.504368465102551
0.0509627026478601 0.00837186602892581
0.6719849291899 0.653366979977111
0.266569207400008 0.328756261677368
0.0614458634100929 0.0178767583455213
0.472609855847547 0.461992736019938
0.485940194123627 0.52977962248838
0.0414499500288267 0.00822764149168298
0.449725209418198 0.451634737743401
0.467094206123024 0.534689717300353
0.0831805844587782 0.0136755449562455
0.496602481155891 0.464600764990256
0.451550783258732 0.524189090712803
0.0518467355853774 0.0112101442969395
0.557055439515054 0.610621541651848
0.339465018445882 0.380598642139019
0.103479542039064 0.00877981620913245
0.5484013760533 0.572446027837435
0.394438958403302 0.419620675325374
0.0571596655433954 0.00793329683719166
0.558954880146366 0.595343070910147
0.343536436266411 0.396298915206848
0.0975086835872206 0.00835801388300552
0.521531147033061 0.611384084883372
0.422965285140559 0.373156020197491
0.0555035678263802 0.0154598949191369
0.565217929623464 0.641412944864122
0.388058818749576 0.319182916234385
0.0467232516269611 0.0394041389014927
0.453491314330327 0.433564433716952
0.440420612440568 0.554625058701877
0.106088073229104 0.0118105075811725
0.584631433050867 0.607155844798157
0.356100123223643 0.381943354800619
0.059268443725488 0.0109008004012258
0.434535715686081 0.407516872211245
0.531970888225342 0.584403156251684
0.0334933960885785 0.00807997153707205
0.351014483583638 0.41969536629217
0.576301887728846 0.56871756852714
0.0726836286875175 0.0115870651806908
0.535480658669813 0.516568024767337
0.413814302647926 0.474053251465084
0.0507050386822628 0.00937872376758213
0.390203950443593 0.473864255825292
0.554248677925787 0.520306861323986
0.0555473716306174 0.00582888285072406
0.439737522832401 0.429189668316228
0.506466247525296 0.553626533598621
0.0537962296423047 0.0171837980851505
0.381513892020851 0.524669384293894
0.526371707643066 0.461466557675542
0.0921144003360838 0.0138640580305639
0.53614240216115 0.537286113672404
0.426404831161477 0.456402445373569
0.0374527666773742 0.00631144095402806
0.476496117340499 0.452483332615643
0.418452935939002 0.537663278013591
0.105050946720499 0.00985338937076617
0.500233489714055 0.585373566654317
0.395107536257594 0.40723368759203
0.10465897402835 0.00739274575365377
0.279971643103923 0.266488120632298
0.676643444686993 0.724963249222864
0.0433849122090838 0.00854863014483656
0.618151421573191 0.672269514409379
0.347353214848916 0.314219045927032
0.0344953635778943 0.013511439663587
0.414350419159328 0.412675669369306
0.51581752614461 0.569310622876404
0.0698320546960614 0.0180137077542913
0.395655057566902 0.466282654310879
0.545888418606669 0.521087875588901
0.058456523826429 0.0126294701002219
0.492456024375936 0.476697673829776
0.445016247965501 0.513300810493133
0.0625277276585628 0.0100015156770914
0.451561097942348 0.448588078723707
0.463142164802214 0.540842948221569
0.0852967372554394 0.0105689730547239
0.323082765219023 0.447124459277593
0.590899966052534 0.547625294690205
0.0860172687284429 0.00525024603220048
0.370439202225 0.410137781501295
0.516812409180212 0.580989498877161
0.112748388594787 0.00887271962154325
0.249265925528696 0.429326800110451
0.671250350052742 0.565062375832785
0.0794837244185595 0.00561082405676514
0.521273042987075 0.541759234734804
0.411704435566257 0.450434546218401
0.0670225214466697 0.00780621904679566
0.545749810249637 0.521999431444917
0.380239071852807 0.462283315524947
0.074011117897556 0.0157172530301343
0.323729204198447 0.415495393613486
0.604594053361035 0.572997896323908
0.0716767424405175 0.0115067100626067
0.536863647615388 0.554658299224997
0.406395068872474 0.435715090980412
0.0567412835121356 0.00962660979459315
0.6257504488664 0.66566865746987
0.336661580100624 0.326159977342194
0.0375879710329757 0.00817136518793532
0.56053398442378 0.509326658356498
0.37188398962736 0.480509758614483
0.067582025948861 0.0101635830290197
0.474712793704249 0.589990189155037
0.467658505863895 0.40469598610505
0.0576287004318558 0.00531382473991298
0.400047622847334 0.417935420467205
0.549397755156234 0.564375411396844
0.0505546219964336 0.0176891681359526
0.480269153917055 0.56069018037557
0.467884894546251 0.424629804490429
0.0518459515366928 0.0146800151340027
0.411354621923301 0.396165361449039
0.497336170110767 0.590342676803268
0.0913092079659309 0.0134919617476937
0.466360435721891 0.478664984330088
0.456081033267005 0.51216397078088
0.0775585310111055 0.00917104488903266
0.479868735257367 0.409468691003145
0.473874898296188 0.582905213921003
0.046256366446442 0.00762609507585175
0.464900569791344 0.543641953769804
0.493261891306445 0.44304735900919
0.0418375389022132 0.0133106872210066
0.29120704219362 0.22297950953693
0.65777003075175 0.763465782328739
0.0510229270546272 0.0135547081343305
0.455748088813392 0.463895248891841
0.506244153732571 0.528756521795259
0.0380077574540353 0.00734822931290005
0.292468151179659 0.33912130541389
0.654879323580406 0.645107779614993
0.0526525252399333 0.0157709149711154
0.4770273363139 0.520160562792153
0.398278957646799 0.466535169122498
0.124693706039298 0.0133042680853489
0.426925235197232 0.448674728245041
0.487575505991951 0.542838845702076
0.0854992588108174 0.00848642605288078
0.342860011832968 0.513162357833524
0.578577799558187 0.469129045360077
0.0785621886088443 0.017708596806398
0.402042779324857 0.61843962448348
0.485209470655813 0.376491991281857
0.112747750019331 0.00506838423466479
-999 -999
-999 -999
-999 -999
-999 -999
-999 -999
-999 -999
