353
339
332
329
327
328
329
326
322
312
315
325
320
316
321
325
331
334
340
337
334
326
331
346
347
337
343
351
355
356
354
347
341
341
332
327
321
322
320
331
336
349
341
340
339
353
349
357
358
353
357
355
358
361
353
358
349
349
345
352
350
349
356
353
355
354
363
367
364
361
365
359
362
347
346
344
343
344
353
353
350
351
343
348
346
356
365
370
376
374
375
377
369
364
358
362
358
356
363
359
364
367
363
373
379
375
385
384
381
372
375
369
368
367
362
381
386
393
396
394
384
380
371
361
363
353
358
362
358
361
358
352
364
369
364
359
361
359
362
359
349
349
347
349
354
350
347
348
354
362
351
352
350
355
354
346
347
352
351
347
340
344
330
325
329
330
322
318
327
319
314
310
312
314
304
303
310
299
281
277
267
270
255
253
258
246
251
249
239
243
247
238
230
227
232
232
223
226
222
222
219
218
214
208
209
207
201
207
206
207
202
213
202
198
206
211
206
203
199
208
202
199
187
188
185
184
185
183
182
187
184
185
199
210
212
219
211
205
203
201
197
195
190
184
176
163
165
165
163
167
167
157
156
159
159
154
149
159
155
142
137
138
141
153
160
150
162
163
165
156
151
140
143
140
142
141
141
141
148
153
150
155
154
146
146
147
156
148
134
129
126
133
132
135
131
124
121
120
119
124
121
118
122
110
103
109
111
103
105
109
122
117
114
123
124
133
132
130
131
137
131
129
119
108
111
107
104
101
103
109
115
115
119
116
120
125
128
117
118
114
116
115
115
114
114
112
114
120
118
129
128
122
121
116
106
120
120
124
139
141
132
133
136
129
132
127
122
120
121
119
115
122
121
116
113
109
120
129
123
120
119
117
112
123
123
116
109
118
116
112
110
116
119
112
122
114
125
132
129
127
125
121
129
128
128
113
109
114
123
127
133
119
118
118
115
104
108
114
117
109
116
119
117
115
115
119
132
131
136
131
138
133
124
125
118
113
112
99
105
97
97
92
97
99
100
107
107
110
128
121
124
119
117
128
132
125
125
129
117
112
110
116
118
119
125
115
112
106
117
114
109
110
117
110
103
97
94
100
102
112
110
107
107
102
101
104
106
101
106
107
108
107
119
117
112
108
116
108
103
100
99
99
94
106
103
115
110
102
99
98
95
90
86
90
99
103
97
97
91
86
99
101
91
88
87
80
77
75
82
94
93
96
90
97
88
87
80
93
88
90
95
94
85
83
85
82
76
84
93
88
92
85
99
90
86
84
93
96
92
103
100
102
100
93
98
101
84
86
90
82
83
88
94
88
88
89
78
81
76
81
77
69
77
80
88
93
91
86
83
90
86
93
90
76
84
89
87
95
91
83
76
78
82
74
82
91
93
105
98
100
101
89
90
91
83
85
88
79
82
87
83
90
85
82
95
93
92
96
96
89
78
80
87
82
86
78
77
73
74
73
76
71
67
69
78
74
76
87
84
80
74
84
81
82
93
94
95
98
96
98
83
88
93
91
83
84
75
85
82
77
74
82
78
82
78
76
66
75
75
79
87
82
85
85
87
91
101
94
91
82
70
74
86
85
77
83
81
79
87
89
76
79
87
90
95
90
93
90
76
80
80
77
83
87
95
98
93
106
97
88
95
95
92
97
101
99
93
95
97
90
94
93
91
80
81
93
89
77
76
76
73
86
87
81
83
82
87
87
81
79
77
74
80
84
82
85
83
83
81
90
88
86
82
83
77
91
91
87
76
73
75
72
77
85
101
92
81
88
86
83
83
80
89
79
89
98
90
97
104
101
91
92
92
86
80
80
87
88
83
84
84
84
76
71
74
81
81
84
83
76
76
77
81
80
76
77
79
80
72
71
68
71
68
70
72
75
76
73
81
85
69
74
81
86
87
84
82
81
82
80
78
77
78
76
97
92
91
89
89
92
88
85
99
100
96
102
100
92
90
95
103
96
96
88
90
87
74
74
78
81
82
90
86
86
93
99
95
88
83
86
79
87
84
85
76
88
86
88
88
85
87
85
84
82
77
72
85
82
82
86
82
88
87
79
76
77
73
72
73
75
77
77
85
83
75
72
77
81
77
76
79
80
80
92
91
89
79
73
74
77
70
78
67
70
76
78
75
79
83
82
78
76
83
85
84
78
77
87
92
98
94
91
95
99
91
94
95
97
91
86
84
76
76
71
75
79
78
75
80
70
73
69
76
66
68
65
72
81
79
69
68
62
64
84
82
88
92
90
87
91
86
88
92
98
88
92
80
79
78
81
