476 491 0 1
476 492 0 1
476 493 1 0
476 494 0 1
476 495 0 1
476 496 0 1
476 497 0 1
476 498 0 1
476 499 0 1
476 500 1 0
476 501 0 1
476 502 0 1
476 503 0 1
476 504 0.04375 0.95625
476 505 0 1
476 506 0 1
476 507 0 1
476 508 0 1
476 509 0 1
476 510 0 1
477 491 0 1
477 492 0 1
477 493 0 1
477 494 1 0
477 495 1 0
477 496 0.54125 0.45875
477 497 0.03875 0.96125
477 498 0 1
477 499 0 1
477 500 1 0
477 501 0 1
477 502 0 1
477 503 0 1
477 504 0.045 0.955
477 505 0 1
477 506 0 1
477 507 0 1
477 508 0 1
477 509 0 1
477 510 0 1
478 491 0 1
478 492 0 1
478 493 0 1
478 494 0 1
478 495 0 1
478 496 0 1
478 497 0 1
478 498 0 1
478 499 0.17625 0.82375
478 500 0 1
478 501 0 1
478 502 0 1
478 503 0 1
478 504 0 1
478 505 0 1
478 506 0 1
478 507 0.04375 0.95625
478 508 0 1
478 509 0 1
478 510 0 1
479 491 0 1
479 492 0 1
479 493 0 1
479 494 0 1
479 495 0 1
479 496 0 1
479 497 0 1
479 498 0 1
479 499 0 1
479 500 0 1
479 501 0 1
479 502 0 1
479 503 0 1
479 504 0.54625 0.45375
479 505 0.53875 0.46125
479 506 0 1
479 507 0.01125 0.98875
479 508 0 1
479 509 0 1
479 510 0 1
480 491 0 1
480 492 0 1
480 493 0 1
480 494 0 1
480 495 0 1
480 496 0 1
480 497 0 1
480 498 0 1
480 499 0 1
480 500 0 1
480 501 0 1
480 502 0.045 0.955
480 503 0 1
480 504 0.00125 0.99875
480 505 0.0325 0.9675
480 506 0.01 0.99
480 507 0 1
480 508 0 1
480 509 0 1
480 510 0 1
481 491 0 1
481 492 0 1
481 493 0 1
481 494 0 1
481 495 0 1
481 496 0 1
481 497 0 1
481 498 0 1
481 499 0 1
481 500 0 1
481 501 0 1
481 502 0 1
481 503 0 1
481 504 0 1
481 505 0 1
481 506 0 1
481 507 0 1
481 508 0.05 0.95
481 509 0.18125 0.81875
481 510 1 0
482 491 0 1
482 492 0.01625 0.98375
482 493 0.015 0.985
482 494 0 1
482 495 0 1
482 496 0 1
482 497 0 1
482 498 0 1
482 499 0 1
482 500 0 1
482 501 0 1
482 502 0 1
482 503 0 1
482 504 0 1
482 505 0 1
482 506 0 1
482 507 0 1
482 508 0 1
482 509 0.6025 0.3975
482 510 1 0
483 491 0 1
483 492 0.0125 0.9875
483 493 0.0475 0.9525
483 494 0 1
483 495 0 1
483 496 0 1
483 497 0 1
483 498 0 1
483 499 0 1
483 500 0 1
483 501 0 1
483 502 0 1
483 503 0 1
483 504 0 1
483 505 0 1
483 506 0 1
483 507 0.0125 0.9875
483 508 0.00625 0.99375
483 509 0.10875 0.89125
483 510 0.055 0.945
484 491 0 1
484 492 0 1
484 493 0.05375 0.94625
484 494 0 1
484 495 0 1
484 496 0.05125 0.94875
484 497 0.535 0.465
484 498 0 1
484 499 0 1
484 500 0 1
484 501 0 1
484 502 0 1
484 503 0 1
484 504 0 1
484 505 0 1
484 506 0 1
484 507 0 1
484 508 0.03 0.97
484 509 0 1
484 510 0 1
485 491 0 1
485 492 0 1
485 493 0 1
485 494 0 1
485 495 0 1
485 496 1 0
485 497 0.01 0.99
485 498 0.01375 0.98625
485 499 0.00125 0.99875
485 500 0 1
485 501 0 1
485 502 0 1
485 503 0 1
485 504 0 1
485 505 0 1
485 506 0 1
485 507 0 1
485 508 0 1
485 509 0 1
485 510 0 1
486 491 0 1
486 492 0 1
486 493 0 1
486 494 0 1
486 495 0 1
486 496 0.005 0.995
486 497 0.005 0.995
486 498 0 1
486 499 0.01 0.99
486 500 0 1
486 501 0 1
486 502 0 1
486 503 0.935 0.065
486 504 0 1
486 505 0 1
486 506 0 1
486 507 0 1
486 508 0 1
486 509 0 1
486 510 0 1
487 491 0 1
487 492 0 1
487 493 0 1
487 494 0 1
487 495 0 1
487 496 0 1
487 497 0 1
487 498 0 1
487 499 0.0375 0.9625
487 500 0 1
487 501 0 1
487 502 0.11875 0.88125
487 503 1 0
487 504 1 0
487 505 0 1
487 506 0 1
487 507 0 1
487 508 0 1
487 509 0 1
487 510 0 1
488 491 0 1
488 492 0 1
488 493 0 1
488 494 0 1
488 495 0 1
488 496 0 1
488 497 0 1
488 498 0 1
488 499 0 1
488 500 0 1
488 501 0 1
488 502 0.03 0.97
488 503 0.2175 0.7825
488 504 0.05 0.95
488 505 0 1
488 506 0 1
488 507 0 1
488 508 0 1
488 509 0 1
488 510 0 1
489 491 0 1
489 492 0 1
489 493 0 1
489 494 0 1
489 495 0 1
489 496 0 1
489 497 0 1
489 498 0 1
489 499 0 1
489 500 0 1
489 501 0 1
489 502 0 1
489 503 0 1
489 504 0 1
489 505 0 1
489 506 0 1
489 507 0 1
489 508 0 1
489 509 0 1
489 510 0 1
490 491 0 1
490 492 0 1
490 493 0 1
490 494 0 1
490 495 0 1
490 496 0 1
490 497 0 1
490 498 0 1
490 499 0 1
490 500 0.00125 0.99875
490 501 0.08625 0.91375
490 502 0 1
490 503 0 1
490 504 0 1
490 505 0.01875 0.98125
490 506 0 1
490 507 0 1
490 508 0 1
490 509 0 1
490 510 0 1
491 491 0 1
491 492 0 1
491 493 0 1
491 494 0 1
491 495 0 1
491 496 0 1
491 497 0 1
491 498 0 1
491 499 0 1
491 500 0 1
491 501 1 0
491 502 1 0
491 503 0 1
491 504 0 1
491 505 0 1
491 506 0 1
491 507 0.3675 0.6325
491 508 0 1
491 509 0 1
491 510 0 1
492 491 0 1
492 492 0 1
492 493 0 1
492 494 0 1
492 495 0 1
492 496 0 1
492 497 0 1
492 498 0.03875 0.96125
492 499 0 1
492 500 0.005 0.995
492 501 0.0225 0.9775
492 502 0.0575 0.9425
492 503 0 1
492 504 0 1
492 505 0 1
492 506 0 1
492 507 0.32375 0.67625
492 508 0 1
492 509 0 1
492 510 0 1
493 491 0.0025 0.9975
493 492 0 1
493 493 0 1
493 494 0 1
493 495 0.0725 0.9275
493 496 0.115 0.885
493 497 0 1
493 498 0.02625 0.97375
493 499 0 1
493 500 0 1
493 501 1 0
493 502 1 0
493 503 0 1
493 504 0.11875 0.88125
493 505 0.00625 0.99375
493 506 0.01 0.99
493 507 0.13625 0.86375
493 508 0.0325 0.9675
493 509 0 1
493 510 0 1
494 491 0.01 0.99
494 492 0.01 0.99
494 493 0 1
494 494 0 1
494 495 0 1
494 496 0 1
494 497 0 1
494 498 0 1
494 499 0 1
494 500 0 1
494 501 0.00875 0.99125
494 502 0 1
494 503 0 1
494 504 0.11625 0.88375
494 505 0.00625 0.99375
494 506 0.005 0.995
494 507 0 1
494 508 0 1
494 509 0 1
494 510 0 1
495 491 0.12875 0.87125
495 492 0.11 0.89
495 493 0 1
495 494 0 1
495 495 0 1
495 496 0 1
495 497 0 1
495 498 0 1
495 499 0 1
495 500 0 1
495 501 0 1
495 502 0 1
495 503 0 1
495 504 0 1
495 505 0 1
495 506 0 1
495 507 0 1
495 508 0 1
495 509 0 1
495 510 0 1
496 491 0 1
496 492 0 1
496 493 0 1
496 494 0 1
496 495 0 1
496 496 0.0375 0.9625
496 497 0.0375 0.9625
496 498 0 1
496 499 0 1
496 500 0 1
496 501 0.03625 0.96375
496 502 0 1
496 503 0 1
496 504 0 1
496 505 0 1
496 506 0 1
496 507 0 1
496 508 0 1
496 509 0 1
496 510 0 1
497 491 0 1
497 492 0 1
497 493 0.01875 0.98125
497 494 0 1
497 495 0 1
497 496 0 1
497 497 0 1
497 498 0 1
497 499 0 1
497 500 1 0
497 501 0.16875 0.83125
497 502 0 1
497 503 0 1
497 504 0 1
497 505 0.08 0.92
497 506 0 1
497 507 0 1
497 508 0 1
497 509 0 1
497 510 0 1
498 491 0 1
498 492 0 1
498 493 0 1
498 494 0 1
498 495 0 1
498 496 0 1
498 497 0 1
498 498 0 1
498 499 1 0
498 500 0.6475 0.3525
498 501 0.14125 0.85875
498 502 0.07375 0.92625
498 503 0 1
498 504 0 1
498 505 0.2425 0.7575
498 506 0.1575 0.8425
498 507 0 1
498 508 0.105 0.895
498 509 0 1
498 510 0 1
499 491 0 1
499 492 0 1
499 493 0 1
499 494 0 1
499 495 0 1
499 496 0 1
499 497 0 1
499 498 1 0
499 499 1 0
499 500 0.02375 0.97625
499 501 0 1
499 502 0 1
499 503 0 1
499 504 0.0125 0.9875
499 505 0 1
499 506 0 1
499 507 0 1
499 508 0.05625 0.94375
499 509 0.03875 0.96125
499 510 0 1
500 491 0 1
500 492 0 1
500 493 0 1
500 494 0 1
500 495 0 1
500 496 0 1
500 497 0 1
500 498 0 1
500 499 0.05875 0.94125
500 500 0 1
500 501 0 1
500 502 0 1
500 503 0 1
500 504 0 1
500 505 0 1
500 506 0.0125 0.9875
500 507 0 1
500 508 0 1
500 509 0 1
500 510 0 1
501 491 0 1
501 492 0 1
501 493 0 1
501 494 0 1
501 495 0 1
501 496 0 1
501 497 0 1
501 498 0 1
501 499 0 1
501 500 0 1
501 501 0 1
501 502 0 1
501 503 0 1
501 504 0 1
501 505 0 1
501 506 0 1
501 507 0.2975 0.7025
501 508 0.0525 0.9475
501 509 0 1
501 510 0 1
502 491 0 1
502 492 0 1
502 493 0.00375 0.99625
502 494 0 1
502 495 0 1
502 496 0 1
502 497 0 1
502 498 0 1
502 499 0 1
502 500 0 1
502 501 0 1
502 502 0 1
502 503 0 1
502 504 0 1
502 505 0 1
502 506 0 1
502 507 0.2375 0.7625
502 508 0.065 0.935
502 509 0 1
502 510 0 1
503 491 0 1
503 492 0 1
503 493 0 1
503 494 0 1
503 495 0 1
503 496 0 1
503 497 0.365 0.635
503 498 1 0
503 499 0 1
503 500 0 1
503 501 0 1
503 502 0 1
503 503 0 1
503 504 0 1
503 505 0 1
503 506 0 1
503 507 0.19 0.81
503 508 0.0075 0.9925
503 509 0 1
503 510 0 1
504 491 0 1
504 492 1 0
504 493 0.995 0.005
504 494 0 1
504 495 0 1
504 496 1 0
504 497 0 1
504 498 0 1
504 499 0 1
504 500 0 1
504 501 0 1
504 502 0 1
504 503 0 1
504 504 0 1
504 505 0 1
504 506 0 1
504 507 0.01 0.99
504 508 0 1
504 509 0 1
504 510 0 1
505 491 0 1
505 492 0 1
505 493 0.03875 0.96125
505 494 0 1
505 495 0 1
505 496 0.02375 0.97625
505 497 0.0225 0.9775
505 498 0 1
505 499 0 1
505 500 0 1
505 501 0 1
505 502 0 1
505 503 0 1
505 504 0 1
505 505 0 1
505 506 0 1
505 507 0 1
505 508 0 1
505 509 0 1
505 510 0 1
506 491 0 1
506 492 0 1
506 493 0 1
506 494 0 1
506 495 0.0075 0.9925
506 496 0.00625 0.99375
506 497 0 1
506 498 0 1
506 499 0 1
506 500 0 1
506 501 0 1
506 502 0 1
506 503 0 1
506 504 0 1
506 505 0 1
506 506 0 1
506 507 0 1
506 508 0 1
506 509 0 1
506 510 0 1
507 491 0 1
507 492 0 1
507 493 0 1
507 494 0 1
507 495 0.0025 0.9975
507 496 0 1
507 497 0 1
507 498 0 1
507 499 0 1
507 500 0 1
507 501 0 1
507 502 0 1
507 503 0 1
507 504 0 1
507 505 0 1
507 506 0 1
507 507 0 1
507 508 0 1
507 509 0 1
507 510 0 1
508 491 0 1
508 492 0.04625 0.95375
508 493 0 1
508 494 0 1
508 495 0 1
508 496 0 1
508 497 0 1
508 498 0 1
508 499 0 1
508 500 0 1
508 501 0 1
508 502 0 1
508 503 0 1
508 504 0 1
508 505 0 1
508 506 0 1
508 507 0 1
508 508 0 1
508 509 0 1
508 510 0 1
509 491 0 1
509 492 0.08125 0.91875
509 493 0 1
509 494 0 1
509 495 0 1
509 496 0 1
509 497 0 1
509 498 0 1
509 499 0 1
509 500 0 1
509 501 0 1
509 502 0 1
509 503 0 1
509 504 0 1
509 505 0 1
509 506 0 1
509 507 0 1
509 508 0 1
509 509 0 1
509 510 0 1
510 491 0 1
510 492 0 1
510 493 0 1
510 494 0 1
510 495 0 1
510 496 0 1
510 497 0 1
510 498 0 1
510 499 0 1
510 500 0 1
510 501 0 1
510 502 0 1
510 503 0 1
510 504 0 1
510 505 0 1
510 506 0 1
510 507 0 1
510 508 0 1
510 509 0 1
510 510 0 1
511 491 0 1
511 492 0 1
511 493 0 1
511 494 0 1
511 495 0 1
511 496 0 1
511 497 0 1
511 498 0 1
511 499 0 1
511 500 0 1
511 501 0 1
511 502 0 1
511 503 0 1
511 504 0 1
511 505 0 1
511 506 0 1
511 507 0 1
511 508 0 1
511 509 0 1
511 510 0 1
512 491 0 1
512 492 0 1
512 493 0 1
512 494 0 1
512 495 0 1
512 496 0 1
512 497 0 1
512 498 0 1
512 499 0 1
512 500 0 1
512 501 0 1
512 502 0 1
512 503 0 1
512 504 0 1
512 505 0 1
512 506 0 1
512 507 0 1
512 508 0 1
512 509 0 1
512 510 0 1
513 491 0 1
513 492 0 1
513 493 0 1
513 494 0 1
513 495 0 1
513 496 0 1
513 497 0 1
513 498 0 1
513 499 0 1
513 500 0 1
513 501 0 1
513 502 0 1
513 503 0 1
513 504 0 1
513 505 0 1
513 506 0 1
513 507 0 1
513 508 0 1
513 509 0 1
513 510 0 1
514 491 0 1
514 492 0 1
514 493 0 1
514 494 0 1
514 495 0 1
514 496 0 1
514 497 0.36 0.64
514 498 0 1
514 499 0 1
514 500 0 1
514 501 0 1
514 502 0 1
514 503 0 1
514 504 0 1
514 505 0 1
514 506 0 1
514 507 0 1
514 508 0 1
514 509 0 1
514 510 0 1
515 491 0 1
515 492 0 1
515 493 0 1
515 494 0 1
515 495 0 1
515 496 0.04375 0.95625
515 497 0.045 0.955
515 498 0 1
515 499 0 1
515 500 0 1
515 501 0 1
515 502 0 1
515 503 0 1
515 504 0 1
515 505 0 1
515 506 0 1
515 507 0 1
515 508 0 1
515 509 0 1
515 510 0 1
516 491 0 1
516 492 0 1
516 493 0 1
516 494 0 1
516 495 0 1
516 496 0 1
516 497 0 1
516 498 0 1
516 499 0 1
516 500 0 1
516 501 0 1
516 502 0 1
516 503 0 1
516 504 0 1
516 505 0 1
516 506 0 1
516 507 0 1
516 508 0 1
516 509 0 1
516 510 0 1
517 491 0 1
517 492 0 1
517 493 0 1
517 494 0 1
517 495 0 1
517 496 0 1
517 497 0 1
517 498 0 1
517 499 0 1
517 500 0.0025 0.9975
517 501 0 1
517 502 0 1
517 503 0 1
517 504 0 1
517 505 0 1
517 506 0 1
517 507 0 1
517 508 0 1
517 509 0 1
517 510 0 1
518 491 0 1
518 492 0 1
518 493 0 1
518 494 0 1
518 495 0 1
518 496 0 1
518 497 0 1
518 498 0.01875 0.98125
518 499 0.07375 0.92625
518 500 0 1
518 501 0 1
518 502 0 1
518 503 0 1
518 504 0 1
518 505 0 1
518 506 0 1
518 507 0 1
518 508 0 1
518 509 0 1
518 510 0 1
519 491 0 1
519 492 0 1
519 493 0 1
519 494 0 1
519 495 0 1
519 496 0 1
519 497 0 1
519 498 0 1
519 499 0 1
519 500 0 1
519 501 0 1
519 502 0 1
519 503 0 1
519 504 0 1
519 505 0 1
519 506 0 1
519 507 0.0675 0.9325
519 508 0 1
519 509 0 1
519 510 0 1
520 491 0 1
520 492 0 1
520 493 0 1
520 494 0 1
520 495 0 1
520 496 0 1
520 497 0 1
520 498 0 1
520 499 0 1
520 500 0 1
520 501 0 1
520 502 0 1
520 503 0 1
520 504 0 1
520 505 0 1
520 506 0 1
520 507 0 1
520 508 0 1
520 509 0 1
520 510 0 1
521 491 0 1
521 492 0 1
521 493 0 1
521 494 0 1
521 495 0 1
521 496 0 1
521 497 0 1
521 498 0 1
521 499 0 1
521 500 0 1
521 501 0 1
521 502 0 1
521 503 0 1
521 504 0 1
521 505 0 1
521 506 0 1
521 507 0 1
521 508 0 1
521 509 0 1
521 510 0 1
522 491 1 0
522 492 0 1
522 493 0 1
522 494 0 1
522 495 0 1
522 496 0 1
522 497 0 1
522 498 0 1
522 499 0 1
522 500 0.9775 0.0225
522 501 0.04375 0.95625
522 502 0 1
522 503 0 1
522 504 0 1
522 505 0 1
522 506 0 1
522 507 0 1
522 508 0 1
522 509 0 1
522 510 0 1
523 491 0.27375 0.72625
523 492 0 1
523 493 0.055 0.945
523 494 0 1
523 495 0 1
523 496 0 1
523 497 0 1
523 498 0 1
523 499 0.1025 0.8975
523 500 1 0
523 501 0.06375 0.93625
523 502 0 1
523 503 0 1
523 504 0 1
523 505 0 1
523 506 0 1
523 507 0 1
523 508 0 1
523 509 0 1
523 510 0 1
524 491 0.02 0.98
524 492 0.0475 0.9525
524 493 0.13 0.87
524 494 0 1
524 495 0 1
524 496 0 1
524 497 0 1
524 498 0 1
524 499 0.00625 0.99375
524 500 0 1
524 501 0 1
524 502 0 1
524 503 0 1
524 504 0 1
524 505 0 1
524 506 0 1
524 507 0 1
524 508 0 1
524 509 0 1
524 510 0 1
525 491 0.05375 0.94625
525 492 0.09625 0.90375
525 493 0.23375 0.76625
525 494 0.3975 0.6025
525 495 0 1
525 496 0 1
525 497 0 1
525 498 0 1
525 499 0 1
525 500 0 1
525 501 0 1
525 502 0 1
525 503 0 1
525 504 0 1
525 505 0 1
525 506 0 1
525 507 0 1
525 508 0 1
525 509 0 1
525 510 0 1
