0.336104654793756 0.723063759536234 -999 -999 -999 -999 -999 -999 -999 -999
0.331090141833791 0.273855957006973 -999 -999 -999 -999 -999 -999 -999 -999
0.332805203372452 0.00308028345679307 -999 -999 -999 -999 -999 -999 -999 -999
0.333438915193105 0.751856866502457 -999 -999 -999 -999 -999 -999 -999 -999
0.348831704562399 0.244448983005275 -999 -999 -999 -999 -999 -999 -999 -999
0.317729380244496 0.00369415049226934 -999 -999 -999 -999 -999 -999 -999 -999
0.353119476300573 0.661861616670114 -999 -999 -999 -999 -999 -999 -999 -999
0.319329701558695 0.335897954286721 -999 -999 -999 -999 -999 -999 -999 -999
0.327550822140731 0.00224042904316659 -999 -999 -999 -999 -999 -999 -999 -999
0.345639143084088 0.821647918083247 -999 -999 -999 -999 -999 -999 -999 -999
0.311507520836803 0.172771346923567 -999 -999 -999 -999 -999 -999 -999 -999
0.34285333607911 0.00558073499318568 -999 -999 -999 -999 -999 -999 -999 -999
0.342022912452967 0.600438432973277 -999 -999 -999 -999 -999 -999 -999 -999
0.331430527539985 0.397846972912242 -999 -999 -999 -999 -999 -999 -999 -999
0.326546560007048 0.0017145941144802 -999 -999 -999 -999 -999 -999 -999 -999
0.342082353019376 0.683448698445039 -999 -999 -999 -999 -999 -999 -999 -999
0.32541905690168 0.313792461624551 -999 -999 -999 -999 -999 -999 -999 -999
0.332498590078945 0.00275883993041003 -999 -999 -999 -999 -999 -999 -999 -999
0.327424241671438 0.888718126347948 -999 -999 -999 -999 -999 -999 -999 -999
0.333186391632455 0.101373557072921 -999 -999 -999 -999 -999 -999 -999 -999
0.339389366696107 0.00990831657913055 -999 -999 -999 -999 -999 -999 -999 -999
0.332071046722941 0.653469197193661 -999 -999 -999 -999 -999 -999 -999 -999
0.331881873538663 0.344163736153531 -999 -999 -999 -999 -999 -999 -999 -999
0.336047079738395 0.00236706665280755 -999 -999 -999 -999 -999 -999 -999 -999
0.347043874351449 0.847590541185217 -999 -999 -999 -999 -999 -999 -999 -999
0.344238639976737 0.145718017375396 -999 -999 -999 -999 -999 -999 -999 -999
0.308717485671813 0.00669144143938677 -999 -999 -999 -999 -999 -999 -999 -999
0.327704057353391 0.637568495699757 -999 -999 -999 -999 -999 -999 -999 -999
0.333882411595517 0.360303697232323 -999 -999 -999 -999 -999 -999 -999 -999
0.338413531051092 0.00212780706792052 -999 -999 -999 -999 -999 -999 -999 -999
0.333500986899759 0.768710240017087 -999 -999 -999 -999 -999 -999 -999 -999
0.328395825255278 0.227255111937182 -999 -999 -999 -999 -999 -999 -999 -999
0.338103187844963 0.00403464804573085 -999 -999 -999 -999 -999 -999 -999 -999
0.319665339359853 0.776902594848495 -999 -999 -999 -999 -999 -999 -999 -999
0.341183251163665 0.21853736386258 -999 -999 -999 -999 -999 -999 -999 -999
0.339151409476482 0.00456004128892607 -999 -999 -999 -999 -999 -999 -999 -999
0.321787875232245 0.704979354092015 -999 -999 -999 -999 -999 -999 -999 -999
0.322308679486456 0.291862640192873 -999 -999 -999 -999 -999 -999 -999 -999
0.355903445281299 0.00315800571511184 -999 -999 -999 -999 -999 -999 -999 -999
0.329886141816499 0.848971080012036 -999 -999 -999 -999 -999 -999 -999 -999
0.320561541393342 0.14452506292237 -999 -999 -999 -999 -999 -999 -999 -999
0.349552316790158 0.00650385706559472 -999 -999 -999 -999 -999 -999 -999 -999
0.316814290524337 0.731915967846395 -999 -999 -999 -999 -999 -999 -999 -999
0.330455697700974 0.26452726665583 -999 -999 -999 -999 -999 -999 -999 -999
0.352730011774688 0.00355676549777448 -999 -999 -999 -999 -999 -999 -999 -999
0.331525491540711 0.835093481773062 -999 -999 -999 -999 -999 -999 -999 -999
0.315431454819331 0.158363715009211 -999 -999 -999 -999 -999 -999 -999 -999
0.353043053639959 0.0065428032177274 -999 -999 -999 -999 -999 -999 -999 -999
0.366267487146693 0.69503931783827 -999 -999 -999 -999 -999 -999 -999 -999
0.34347330790933 0.301942439849037 -999 -999 -999 -999 -999 -999 -999 -999
0.290259204943978 0.00301824231269273 -999 -999 -999 -999 -999 -999 -999 -999
0.338042553931618 0.6461314900385 -999 -999 -999 -999 -999 -999 -999 -999
0.355652380660859 0.351676178097318 -999 -999 -999 -999 -999 -999 -999 -999
0.306305065407523 0.00219233186418262 -999 -999 -999 -999 -999 -999 -999 -999
0.345323148862014 0.783906583147904 -999 -999 -999 -999 -999 -999 -999 -999
0.31762134107355 0.211833850760666 -999 -999 -999 -999 -999 -999 -999 -999
0.337055510064437 0.00425956609142953 -999 -999 -999 -999 -999 -999 -999 -999
0.339787111983727 0.866730662014153 -999 -999 -999 -999 -999 -999 -999 -999
0.344401462216134 0.125460566645841 -999 -999 -999 -999 -999 -999 -999 -999
0.315811425800139 0.0078087713400043 -999 -999 -999 -999 -999 -999 -999 -999
0.324839287317263 0.731982441902013 -999 -999 -999 -999 -999 -999 -999 -999
0.344403045076166 0.264586315191726 -999 -999 -999 -999 -999 -999 -999 -999
0.330757667606571 0.00343124290626065 -999 -999 -999 -999 -999 -999 -999 -999
0.3317731756457 0.761764065840062 -999 -999 -999 -999 -999 -999 -999 -999
0.309190654639413 0.23408011691126 -999 -999 -999 -999 -999 -999 -999 -999
0.359036169714887 0.00415581724867768 -999 -999 -999 -999 -999 -999 -999 -999
0.340932477103062 0.670919099634148 -999 -999 -999 -999 -999 -999 -999 -999
0.32968546956726 0.326862967345129 -999 -999 -999 -999 -999 -999 -999 -999
0.329382053329678 0.00221793302072328 -999 -999 -999 -999 -999 -999 -999 -999
0.338374233789807 0.782202375847774 -999 -999 -999 -999 -999 -999 -999 -999
0.334709991728253 0.213388834856091 -999 -999 -999 -999 -999 -999 -999 -999
0.32691577448194 0.00440878929613431 -999 -999 -999 -999 -999 -999 -999 -999
0.338509395812273 0.676465186565465 -999 -999 -999 -999 -999 -999 -999 -999
0.341299325218424 0.321129129158381 -999 -999 -999 -999 -999 -999 -999 -999
0.320191278969303 0.00240568427615357 -999 -999 -999 -999 -999 -999 -999 -999
0.332301260846009 0.67491860237924 -999 -999 -999 -999 -999 -999 -999 -999
0.33017121566842 0.322433459928535 -999 -999 -999 -999 -999 -999 -999 -999
0.337527523485571 0.00264793769222491 -999 -999 -999 -999 -999 -999 -999 -999
0.315581465818202 0.674077191877517 -999 -999 -999 -999 -999 -999 -999 -999
0.347603573673676 0.323382712016012 -999 -999 -999 -999 -999 -999 -999 -999
0.336814960508122 0.00254009610647151 -999 -999 -999 -999 -999 -999 -999 -999
0.329176123944271 0.662409679194629 -999 -999 -999 -999 -999 -999 -999 -999
0.324382877251477 0.335199734962879 -999 -999 -999 -999 -999 -999 -999 -999
0.346440998804252 0.00239058584249238 -999 -999 -999 -999 -999 -999 -999 -999
0.344026435997937 0.704598203739461 -999 -999 -999 -999 -999 -999 -999 -999
0.328972175719434 0.292548288252787 -999 -999 -999 -999 -999 -999 -999 -999
0.327001388282629 0.00285350800775207 -999 -999 -999 -999 -999 -999 -999 -999
0.346984458841506 0.770285538692118 -999 -999 -999 -999 -999 -999 -999 -999
0.336752940911091 0.22533814728174 -999 -999 -999 -999 -999 -999 -999 -999
0.316262600247403 0.00437631402614241 -999 -999 -999 -999 -999 -999 -999 -999
0.340181707335645 0.768846944788571 -999 -999 -999 -999 -999 -999 -999 -999
0.337315239169677 0.22694634805572 -999 -999 -999 -999 -999 -999 -999 -999
0.322503053494678 0.00420670715570912 -999 -999 -999 -999 -999 -999 -999 -999
0.332348296763038 0.702961161770287 -999 -999 -999 -999 -999 -999 -999 -999
0.317503842197607 0.294234151769942 -999 -999 -999 -999 -999 -999 -999 -999
0.350147861039355 0.00280468645977097 -999 -999 -999 -999 -999 -999 -999 -999
0.340710210908545 0.789320489629379 -999 -999 -999 -999 -999 -999 -999 -999
0.327460192277002 0.206098439556179 -999 -999 -999 -999 -999 -999 -999 -999
0.331829596814453 0.00458107081444267 -999 -999 -999 -999 -999 -999 -999 -999
0.332231500196846 0.787206910315844 -999 -999 -999 -999 -999 -999 -999 -999
0.355037337013487 0.208102947801354 -999 -999 -999 -999 -999 -999 -999 -999
0.312731162789667 0.00469014188280115 -999 -999 -999 -999 -999 -999 -999 -999
0.328483476555765 0.71041793071146 -999 -999 -999 -999 -999 -999 -999 -999
0.341163726373743 0.286429452670937 -999 -999 -999 -999 -999 -999 -999 -999
0.330352797070492 0.00315261661760373 -999 -999 -999 -999 -999 -999 -999 -999
0.326758463045444 0.729283143792018 -999 -999 -999 -999 -999 -999 -999 -999
0.324882646824077 0.267407718536972 -999 -999 -999 -999 -999 -999 -999 -999
0.348358890130479 0.00330913767101065 -999 -999 -999 -999 -999 -999 -999 -999
0.355545106916969 0.795409162686684 -999 -999 -999 -999 -999 -999 -999 -999
0.308018530772821 0.200256765796564 -999 -999 -999 -999 -999 -999 -999 -999
0.33643636231021 0.00433407151675139 -999 -999 -999 -999 -999 -999 -999 -999
0.313539602709145 0.748846345355106 -999 -999 -999 -999 -999 -999 -999 -999
0.319133456433898 0.247246431478873 -999 -999 -999 -999 -999 -999 -999 -999
0.367326940856956 0.00390722316602121 -999 -999 -999 -999 -999 -999 -999 -999
0.32838381279439 0.811088897585484 -999 -999 -999 -999 -999 -999 -999 -999
0.322854958387798 0.183356994776901 -999 -999 -999 -999 -999 -999 -999 -999
0.348761228817813 0.0055541076376138 -999 -999 -999 -999 -999 -999 -999 -999
0.326418634715974 0.770467749073874 -999 -999 -999 -999 -999 -999 -999 -999
0.344337667104581 0.224938804266492 -999 -999 -999 -999 -999 -999 -999 -999
0.329243698179444 0.00459344665963371 -999 -999 -999 -999 -999 -999 -999 -999
0.323730422653605 0.84451524971155 -999 -999 -999 -999 -999 -999 -999 -999
0.341602263803218 0.148657411702211 -999 -999 -999 -999 -999 -999 -999 -999
0.334667313543177 0.00682733858623942 -999 -999 -999 -999 -999 -999 -999 -999
0.348196146041796 0.686050864918304 -999 -999 -999 -999 -999 -999 -999 -999
0.332609501111877 0.31130867823729 -999 -999 -999 -999 -999 -999 -999 -999
0.319194352846327 0.00264045684440637 -999 -999 -999 -999 -999 -999 -999 -999
0.341218620014756 0.791859593243749 -999 -999 -999 -999 -999 -999 -999 -999
0.337966589052757 0.203410186882356 -999 -999 -999 -999 -999 -999 -999 -999
0.320814790932487 0.00473021987389592 -999 -999 -999 -999 -999 -999 -999 -999
0.317048498128372 0.75676420215735 -999 -999 -999 -999 -999 -999 -999 -999
0.362270341641979 0.239403197245762 -999 -999 -999 -999 -999 -999 -999 -999
0.320681160229649 0.0038326005968893 -999 -999 -999 -999 -999 -999 -999 -999
0.347352684553398 0.761320313391119 -999 -999 -999 -999 -999 -999 -999 -999
0.332837810404795 0.235215389883121 -999 -999 -999 -999 -999 -999 -999 -999
0.319809505041807 0.00346429672576053 -999 -999 -999 -999 -999 -999 -999 -999
0.321487639045278 0.794254809236019 -999 -999 -999 -999 -999 -999 -999 -999
0.342682856280164 0.200982317505008 -999 -999 -999 -999 -999 -999 -999 -999
0.335829504674558 0.00476287325897229 -999 -999 -999 -999 -999 -999 -999 -999
0.338388057295283 0.775758219015996 -999 -999 -999 -999 -999 -999 -999 -999
0.316522996829506 0.220048950846147 -999 -999 -999 -999 -999 -999 -999 -999
0.345088945875211 0.00419283013785761 -999 -999 -999 -999 -999 -999 -999 -999
0.336608989370623 0.866636817751576 -999 -999 -999 -999 -999 -999 -999 -999
0.325579172373928 0.125491065399739 -999 -999 -999 -999 -999 -999 -999 -999
0.337811838255449 0.00787211684868488 -999 -999 -999 -999 -999 -999 -999 -999
0.351985419066893 0.841596684064997 -999 -999 -999 -999 -999 -999 -999 -999
0.330133366987183 0.151814372972648 -999 -999 -999 -999 -999 -999 -999 -999
0.317881213945924 0.00658894296235463 -999 -999 -999 -999 -999 -999 -999 -999
0.335964961633212 0.760384271145769 -999 -999 -999 -999 -999 -999 -999 -999
0.335737534850626 0.235436602957493 -999 -999 -999 -999 -999 -999 -999 -999
0.328297503516162 0.00417912589673839 -999 -999 -999 -999 -999 -999 -999 -999
0.336791609677194 0.742403500731086 -999 -999 -999 -999 -999 -999 -999 -999
0.336176315176432 0.254208220174851 -999 -999 -999 -999 -999 -999 -999 -999
0.327032075146374 0.00338827909406296 -999 -999 -999 -999 -999 -999 -999 -999
0.351974760374399 0.815181502472619 -999 -999 -999 -999 -999 -999 -999 -999
0.330430746420537 0.178843634892578 -999 -999 -999 -999 -999 -999 -999 -999
0.317594493205064 0.00597486263480226 -999 -999 -999 -999 -999 -999 -999 -999
0.342525248307207 0.756430830977216 -999 -999 -999 -999 -999 -999 -999 -999
0.310682138193822 0.239379268681297 -999 -999 -999 -999 -999 -999 -999 -999
0.346792613498971 0.00418990034148634 -999 -999 -999 -999 -999 -999 -999 -999
0.333893008677144 0.759393424537691 -999 -999 -999 -999 -999 -999 -999 -999
0.343324022363004 0.236509150049262 -999 -999 -999 -999 -999 -999 -999 -999
0.322782968959852 0.00409742541304637 -999 -999 -999 -999 -999 -999 -999 -999
0.34782274902558 0.656296595767849 -999 -999 -999 -999 -999 -999 -999 -999
0.319811236851132 0.341403243123237 -999 -999 -999 -999 -999 -999 -999 -999
0.332366014123288 0.00230016110891311 -999 -999 -999 -999 -999 -999 -999 -999
0.352719731417859 0.85808131313794 -999 -999 -999 -999 -999 -999 -999 -999
0.316834096298752 0.134376488813769 -999 -999 -999 -999 -999 -999 -999 -999
0.33044617228339 0.00754219804829157 -999 -999 -999 -999 -999 -999 -999 -999
0.324711487665491 0.741682948739222 -999 -999 -999 -999 -999 -999 -999 -999
0.335938487758442 0.254665846718574 -999 -999 -999 -999 -999 -999 -999 -999
0.339350024576067 0.00365120454220429 -999 -999 -999 -999 -999 -999 -999 -999
0.328346093937726 0.739437801250921 -999 -999 -999 -999 -999 -999 -999 -999
0.329067343886748 0.25719438642703 -999 -999 -999 -999 -999 -999 -999 -999
0.342586562175526 0.00336781232204907 -999 -999 -999 -999 -999 -999 -999 -999
0.327045409548585 0.828958955974107 -999 -999 -999 -999 -999 -999 -999 -999
0.335587100235298 0.165255103262825 -999 -999 -999 -999 -999 -999 -999 -999
0.337367490216117 0.00578594076306886 -999 -999 -999 -999 -999 -999 -999 -999
0.352276397637532 0.832886191048835 -999 -999 -999 -999 -999 -999 -999 -999
0.299511528144206 0.161161071211663 -999 -999 -999 -999 -999 -999 -999 -999
0.348212074218262 0.0059527377395015 -999 -999 -999 -999 -999 -999 -999 -999
0.316351120339411 0.68624621284013 -999 -999 -999 -999 -999 -999 -999 -999
0.349739742678721 0.310938689568588 -999 -999 -999 -999 -999 -999 -999 -999
0.333909136981868 0.00281509759128101 -999 -999 -999 -999 -999 -999 -999 -999
0.319495874994175 0.801792889671249 -999 -999 -999 -999 -999 -999 -999 -999
0.342478408666457 0.193178456554934 -999 -999 -999 -999 -999 -999 -999 -999
0.338025716339369 0.00502865377381766 -999 -999 -999 -999 -999 -999 -999 -999
0.336322223036698 0.770699313383314 -999 -999 -999 -999 -999 -999 -999 -999
0.334258485743383 0.225423221145767 -999 -999 -999 -999 -999 -999 -999 -999
0.329419291219919 0.00387746547091893 -999 -999 -999 -999 -999 -999 -999 -999
0.338728108544199 0.697163673584042 -999 -999 -999 -999 -999 -999 -999 -999
0.341991841098315 0.299815518465786 -999 -999 -999 -999 -999 -999 -999 -999
0.319280050357486 0.00302080795017118 -999 -999 -999 -999 -999 -999 -999 -999
0.331707139000958 0.770874353835162 -999 -999 -999 -999 -999 -999 -999 -999
0.34450177099129 0.224931202777503 -999 -999 -999 -999 -999 -999 -999 -999
0.323791090007752 0.00419444338733566 -999 -999 -999 -999 -999 -999 -999 -999
0.315769856509043 0.82463971733634 -999 -999 -999 -999 -999 -999 -999 -999
0.36445181626045 0.16940648707215 -999 -999 -999 -999 -999 -999 -999 -999
0.319778327230508 0.00595379559151138 -999 -999 -999 -999 -999 -999 -999 -999
0.325336601316725 0.783513122001675 -999 -999 -999 -999 -999 -999 -999 -999
0.347840734003155 0.211988029403987 -999 -999 -999 -999 -999 -999 -999 -999
0.326822664680121 0.00449884859433848 -999 -999 -999 -999 -999 -999 -999 -999
0.336145123404876 0.74763077443661 -999 -999 -999 -999 -999 -999 -999 -999
0.337831084191524 0.248879719765952 -999 -999 -999 -999 -999 -999 -999 -999
0.326023792403601 0.00348950579743757 -999 -999 -999 -999 -999 -999 -999 -999
0.343057878305159 0.830319565624663 -999 -999 -999 -999 -999 -999 -999 -999
0.307381134535165 0.163926095080823 -999 -999 -999 -999 -999 -999 -999 -999
0.349560987159676 0.00575433929451413 -999 -999 -999 -999 -999 -999 -999 -999
0.329236862873353 0.720312533523875 -999 -999 -999 -999 -999 -999 -999 -999
0.334893948220184 0.276697768971872 -999 -999 -999 -999 -999 -999 -999 -999
0.335869188906463 0.0029896975042516 -999 -999 -999 -999 -999 -999 -999 -999
0.340486212259237 0.686280231057332 -999 -999 -999 -999 -999 -999 -999 -999
0.333913746242584 0.310987280328375 -999 -999 -999 -999 -999 -999 -999 -999
0.325600041498179 0.00273248861429317 -999 -999 -999 -999 -999 -999 -999 -999
0.317386543662921 0.650277696403237 -999 -999 -999 -999 -999 -999 -999 -999
0.34553747722553 0.347540903199179 -999 -999 -999 -999 -999 -999 -999 -999
0.337075979111549 0.00218140039758445 -999 -999 -999 -999 -999 -999 -999 -999
0.327763222394928 0.752186887848135 -999 -999 -999 -999 -999 -999 -999 -999
0.331827345958067 0.243869638908646 -999 -999 -999 -999 -999 -999 -999 -999
0.340409431647005 0.00394347324321944 -999 -999 -999 -999 -999 -999 -999 -999
0.338412235505455 0.727142791018597 -999 -999 -999 -999 -999 -999 -999 -999
0.319247812800025 0.269717096974349 -999 -999 -999 -999 -999 -999 -999 -999
0.342339951694521 0.00314011200705443 -999 -999 -999 -999 -999 -999 -999 -999
0.341910222056156 0.703934892636405 -999 -999 -999 -999 -999 -999 -999 -999
0.336959986980439 0.292999706272058 -999 -999 -999 -999 -999 -999 -999 -999
0.321129790963404 0.0030654010915378 -999 -999 -999 -999 -999 -999 -999 -999
0.329059408542464 0.760325935225483 -999 -999 -999 -999 -999 -999 -999 -999
0.348749682265889 0.235719252740607 -999 -999 -999 -999 -999 -999 -999 -999
0.322190909191647 0.0039548120339104 -999 -999 -999 -999 -999 -999 -999 -999
0.32454829580703 0.75478149930605 -999 -999 -999 -999 -999 -999 -999 -999
0.33192299323362 0.241144066592383 -999 -999 -999 -999 -999 -999 -999 -999
0.34352871095935 0.00407443410156887 -999 -999 -999 -999 -999 -999 -999 -999
0.328887940875131 0.729767595174809 -999 -999 -999 -999 -999 -999 -999 -999
0.354908702072812 0.266678189399758 -999 -999 -999 -999 -999 -999 -999 -999
0.316203357052056 0.00355421542543369 -999 -999 -999 -999 -999 -999 -999 -999
0.32225491310591 0.75903108885219 -999 -999 -999 -999 -999 -999 -999 -999
0.324462229455811 0.237000086043447 -999 -999 -999 -999 -999 -999 -999 -999
0.353282857438279 0.00396882510436196 -999 -999 -999 -999 -999 -999 -999 -999
0.305599952156558 0.705865536545434 -999 -999 -999 -999 -999 -999 -999 -999
0.378584132236829 0.291140156006091 -999 -999 -999 -999 -999 -999 -999 -999
0.315815915606613 0.00299430744847482 -999 -999 -999 -999 -999 -999 -999 -999
0.339434948222471 0.835660591890485 -999 -999 -999 -999 -999 -999 -999 -999
0.325633268127763 0.158180613840117 -999 -999 -999 -999 -999 -999 -999 -999
0.334931783649765 0.00615879426939817 -999 -999 -999 -999 -999 -999 -999 -999
0.329281461849487 0.814446814704553 -999 -999 -999 -999 -999 -999 -999 -999
0.3206295431337 0.180565224248911 -999 -999 -999 -999 -999 -999 -999 -999
0.350088995016813 0.00498796104653633 -999 -999 -999 -999 -999 -999 -999 -999
0.312762393128663 0.729816482966069 -999 -999 -999 -999 -999 -999 -999 -999
0.34173692735656 0.266751813514174 -999 -999 -999 -999 -999 -999 -999 -999
0.345500679514776 0.00343170351975736 -999 -999 -999 -999 -999 -999 -999 -999
0.331075992638532 0.794954979223163 -999 -999 -999 -999 -999 -999 -999 -999
0.332193650274505 0.200446696871905 -999 -999 -999 -999 -999 -999 -999 -999
0.336730357086963 0.00459832390493183 -999 -999 -999 -999 -999 -999 -999 -999
0.311495400678919 0.747641162802613 -999 -999 -999 -999 -999 -999 -999 -999
0.334098913050064 0.248756702351031 -999 -999 -999 -999 -999 -999 -999 -999
0.354405686271018 0.00360213484635494 -999 -999 -999 -999 -999 -999 -999 -999
0.359160133141644 0.870726536864173 -999 -999 -999 -999 -999 -999 -999 -999
0.316483947703937 0.12127089070043 -999 -999 -999 -999 -999 -999 -999 -999
0.324355919154418 0.00800257243539727 -999 -999 -999 -999 -999 -999 -999 -999
0.344155289681124 0.728009060173139 -999 -999 -999 -999 -999 -999 -999 -999
0.342801469312368 0.268901772901218 -999 -999 -999 -999 -999 -999 -999 -999
0.313043241006507 0.00308916692564252 -999 -999 -999 -999 -999 -999 -999 -999
0.335106741024705 0.720789608092939 -999 -999 -999 -999 -999 -999 -999 -999
0.323537889137042 0.276099304846289 -999 -999 -999 -999 -999 -999 -999 -999
0.341355369838252 0.00311108706077213 -999 -999 -999 -999 -999 -999 -999 -999
0.319335549372856 0.779500687998448 -999 -999 -999 -999 -999 -999 -999 -999
0.344671609776223 0.216068366087366 -999 -999 -999 -999 -999 -999 -999 -999
0.335992840850922 0.00443094591418537 -999 -999 -999 -999 -999 -999 -999 -999
0.335281604467781 0.791312232120828 -999 -999 -999 -999 -999 -999 -999 -999
0.327074166896318 0.203814491723922 -999 -999 -999 -999 -999 -999 -999 -999
0.337644228635901 0.00487327615525002 -999 -999 -999 -999 -999 -999 -999 -999
0.337071658034327 0.701928448390771 -999 -999 -999 -999 -999 -999 -999 -999
0.327548697517367 0.295100706577219 -999 -999 -999 -999 -999 -999 -999 -999
0.335379644448306 0.00297084503201056 -999 -999 -999 -999 -999 -999 -999 -999
0.334522793844895 0.73407058139629 -999 -999 -999 -999 -999 -999 -999 -999
0.332184148227606 0.26236499811155 -999 -999 -999 -999 -999 -999 -999 -999
0.333293057927498 0.00356442049215977 -999 -999 -999 -999 -999 -999 -999 -999
0.347939084340469 0.818403884454236 -999 -999 -999 -999 -999 -999 -999 -999
0.339650310553433 0.175877428026009 -999 -999 -999 -999 -999 -999 -999 -999
0.312410605106098 0.00571868751975528 -999 -999 -999 -999 -999 -999 -999 -999
0.351718697702404 0.789743805949556 -999 -999 -999 -999 -999 -999 -999 -999
0.295540113191332 0.205620894564514 -999 -999 -999 -999 -999 -999 -999 -999
0.352741189106263 0.00463529948593056 -999 -999 -999 -999 -999 -999 -999 -999
0.330725006146279 0.753695797963027 -999 -999 -999 -999 -999 -999 -999 -999
0.32292226624494 0.242340773365559 -999 -999 -999 -999 -999 -999 -999 -999
0.346352727608781 0.00396342867141383 -999 -999 -999 -999 -999 -999 -999 -999
0.317188642082077 0.712357643848711 -999 -999 -999 -999 -999 -999 -999 -999
0.320292034955526 0.284668316104132 -999 -999 -999 -999 -999 -999 -999 -999
0.362519322962398 0.00297404004715658 -999 -999 -999 -999 -999 -999 -999 -999
0.348191298702598 0.780152464825912 -999 -999 -999 -999 -999 -999 -999 -999
0.337686339775582 0.215520747370505 -999 -999 -999 -999 -999 -999 -999 -999
0.31412236152182 0.00432678780358354 -999 -999 -999 -999 -999 -999 -999 -999
0.33829807343103 0.804883499726094 -999 -999 -999 -999 -999 -999 -999 -999
0.342069436553662 0.189932594552937 -999 -999 -999 -999 -999 -999 -999 -999
0.319632490015308 0.00518390572096939 -999 -999 -999 -999 -999 -999 -999 -999
0.33846422684464 0.774219150860135 -999 -999 -999 -999 -999 -999 -999 -999
0.327036615943578 0.221407325174534 -999 -999 -999 -999 -999 -999 -999 -999
0.334499157211782 0.00437352396533084 -999 -999 -999 -999 -999 -999 -999 -999
0.324534729361238 0.744696443517916 -999 -999 -999 -999 -999 -999 -999 -999
0.329239464530194 0.251597774840904 -999 -999 -999 -999 -999 -999 -999 -999
0.346225806108569 0.00370578164117874 -999 -999 -999 -999 -999 -999 -999 -999
0.332185470175974 0.823178959973874 -999 -999 -999 -999 -999 -999 -999 -999
0.344996724999738 0.171073492614675 -999 -999 -999 -999 -999 -999 -999 -999
0.322817804824288 0.00574754741145061 -999 -999 -999 -999 -999 -999 -999 -999
0.352833278583329 0.805676696625578 -999 -999 -999 -999 -999 -999 -999 -999
0.306957064803593 0.189120594349931 -999 -999 -999 -999 -999 -999 -999 -999
0.340209656613078 0.0052027090244928 -999 -999 -999 -999 -999 -999 -999 -999
0.348212661148492 0.795995219730856 -999 -999 -999 -999 -999 -999 -999 -999
0.321219429708187 0.199320663780513 -999 -999 -999 -999 -999 -999 -999 -999
0.330567909143321 0.0046841164886312 -999 -999 -999 -999 -999 -999 -999 -999
0.322078940980782 0.816961765646747 -999 -999 -999 -999 -999 -999 -999 -999
0.319636810056074 0.177187361031961 -999 -999 -999 -999 -999 -999 -999 -999
0.358284248963145 0.00585087332129289 -999 -999 -999 -999 -999 -999 -999 -999
0.334944580124026 0.754598874325864 -999 -999 -999 -999 -999 -999 -999 -999
0.331326534548678 0.241525008678696 -999 -999 -999 -999 -999 -999 -999 -999
0.333728885327296 0.00387611699544 -999 -999 -999 -999 -999 -999 -999 -999
0.336531215461731 0.676903702957851 -999 -999 -999 -999 -999 -999 -999 -999
0.324924238851998 0.320674458685909 -999 -999 -999 -999 -999 -999 -999 -999
0.338544545686271 0.00242183835624104 -999 -999 -999 -999 -999 -999 -999 -999
0.336741732382729 0.725255774943464 -999 -999 -999 -999 -999 -999 -999 -999
0.33250372152759 0.271491671421787 -999 -999 -999 -999 -999 -999 -999 -999
0.330754546089681 0.00325255363474952 -999 -999 -999 -999 -999 -999 -999 -999
0.342461342134063 0.808560400223288 -999 -999 -999 -999 -999 -999 -999 -999
0.328228650601598 0.185698646620045 -999 -999 -999 -999 -999 -999 -999 -999
0.329310007264339 0.00574095315666826 -999 -999 -999 -999 -999 -999 -999 -999
0.332147036061222 0.783384725131727 -999 -999 -999 -999 -999 -999 -999 -999
0.328105308625906 0.212258390301507 -999 -999 -999 -999 -999 -999 -999 -999
0.339747655312872 0.00435688456676659 -999 -999 -999 -999 -999 -999 -999 -999
0.347474831872831 0.744325647757716 -999 -999 -999 -999 -999 -999 -999 -999
0.341750082799851 0.252076175447503 -999 -999 -999 -999 -999 -999 -999 -999
0.310775085327319 0.00359817679478257 -999 -999 -999 -999 -999 -999 -999 -999
0.316740013744985 0.760367010387028 -999 -999 -999 -999 -999 -999 -999 -999
0.337088805024451 0.235478434496544 -999 -999 -999 -999 -999 -999 -999 -999
0.346171181230564 0.00415455511642931 -999 -999 -999 -999 -999 -999 -999 -999
0.32859622992239 0.803751173785207 -999 -999 -999 -999 -999 -999 -999 -999
0.348245615203702 0.19109130235124 -999 -999 -999 -999 -999 -999 -999 -999
0.323158154873908 0.00515752386355254 -999 -999 -999 -999 -999 -999 -999 -999
0.335849193299243 0.760922044550543 -999 -999 -999 -999 -999 -999 -999 -999
0.356728051710218 0.235376560617023 -999 -999 -999 -999 -999 -999 -999 -999
0.307422754990538 0.00370139483243244 -999 -999 -999 -999 -999 -999 -999 -999
0.33065547314767 0.677464261128802 -999 -999 -999 -999 -999 -999 -999 -999
0.332274782781511 0.319829601311647 -999 -999 -999 -999 -999 -999 -999 -999
0.337069744070819 0.00270613755955117 -999 -999 -999 -999 -999 -999 -999 -999
0.3373434172003 0.796164474187376 -999 -999 -999 -999 -999 -999 -999 -999
0.325439914765874 0.199048054971964 -999 -999 -999 -999 -999 -999 -999 -999
0.337216668033826 0.00478747084065982 -999 -999 -999 -999 -999 -999 -999 -999
0.343106471046684 0.760880648221225 -999 -999 -999 -999 -999 -999 -999 -999
0.332087439074861 0.235098682511815 -999 -999 -999 -999 -999 -999 -999 -999
0.324806089878454 0.0040206692669604 -999 -999 -999 -999 -999 -999 -999 -999
0.33874343749395 0.750830780564233 -999 -999 -999 -999 -999 -999 -999 -999
0.311489929940733 0.245675125880586 -999 -999 -999 -999 -999 -999 -999 -999
0.349766632565317 0.00349409355518069 -999 -999 -999 -999 -999 -999 -999 -999
0.331077899271205 0.747532851105342 -999 -999 -999 -999 -999 -999 -999 -999
0.341168883672226 0.248854608884921 -999 -999 -999 -999 -999 -999 -999 -999
0.327753217056569 0.00361254000973679 -999 -999 -999 -999 -999 -999 -999 -999
0.328017936388989 0.800648771071111 -999 -999 -999 -999 -999 -999 -999 -999
0.32058509879173 0.19470030710338 -999 -999 -999 -999 -999 -999 -999 -999
0.351396964819281 0.00465092182550922 -999 -999 -999 -999 -999 -999 -999 -999
0.323210638586265 0.68542852591346 -999 -999 -999 -999 -999 -999 -999 -999
0.343776846401988 0.311899232787094 -999 -999 -999 -999 -999 -999 -999 -999
0.333012515011747 0.00267224129944632 -999 -999 -999 -999 -999 -999 -999 -999
0.336608591197594 0.727207696927762 -999 -999 -999 -999 -999 -999 -999 -999
0.317632404509255 0.269566684779887 -999 -999 -999 -999 -999 -999 -999 -999
0.345759004293151 0.0032256182923506 -999 -999 -999 -999 -999 -999 -999 -999
0.336006892686244 0.677565205330904 -999 -999 -999 -999 -999 -999 -999 -999
0.331924464957782 0.319877133552704 -999 -999 -999 -999 -999 -999 -999 -999
0.332068642355975 0.00255766111639228 -999 -999 -999 -999 -999 -999 -999 -999
0.333583423847248 0.870469633228819 -999 -999 -999 -999 -999 -999 -999 -999
0.341197733857263 0.121724589420984 -999 -999 -999 -999 -999 -999 -999 -999
0.325218842295488 0.00780577735019811 -999 -999 -999 -999 -999 -999 -999 -999
0.326050587995781 0.693061579293273 -999 -999 -999 -999 -999 -999 -999 -999
0.330958982706813 0.303920627281233 -999 -999 -999 -999 -999 -999 -999 -999
0.342990429297405 0.00301779342549402 -999 -999 -999 -999 -999 -999 -999 -999
0.327672221710025 0.759141549517707 -999 -999 -999 -999 -999 -999 -999 -999
0.332263708770562 0.236745928032219 -999 -999 -999 -999 -999 -999 -999 -999
0.340064069519413 0.00411252245007332 -999 -999 -999 -999 -999 -999 -999 -999
0.352198648441451 0.61090299390266 -999 -999 -999 -999 -999 -999 -999 -999
0.318524954072911 0.387088309282804 -999 -999 -999 -999 -999 -999 -999 -999
0.329276397485638 0.00200869681453598 -999 -999 -999 -999 -999 -999 -999 -999
0.308433654944538 0.700925530070579 -999 -999 -999 -999 -999 -999 -999 -999
0.345289515486805 0.296005142776069 -999 -999 -999 -999 -999 -999 -999 -999
0.346276829568657 0.00306932715335279 -999 -999 -999 -999 -999 -999 -999 -999
0.33520337076611 0.7879694407281 -999 -999 -999 -999 -999 -999 -999 -999
0.339428741176829 0.207834696709578 -999 -999 -999 -999 -999 -999 -999 -999
0.32536788805706 0.00419586256232265 -999 -999 -999 -999 -999 -999 -999 -999
0.324346164156857 0.759962541187771 -999 -999 -999 -999 -999 -999 -999 -999
0.319042283802824 0.236173768800713 -999 -999 -999 -999 -999 -999 -999 -999
0.35661155204032 0.00386369001151577 -999 -999 -999 -999 -999 -999 -999 -999
0.341567259557275 0.796041602951788 -999 -999 -999 -999 -999 -999 -999 -999
0.320837781231459 0.199345035673003 -999 -999 -999 -999 -999 -999 -999 -999
0.337594959211266 0.00461336137520798 -999 -999 -999 -999 -999 -999 -999 -999
0.305612614499836 0.793200126808638 -999 -999 -999 -999 -999 -999 -999 -999
0.356761478215106 0.202040109709491 -999 -999 -999 -999 -999 -999 -999 -999
0.337625907285058 0.00475976348187219 -999 -999 -999 -999 -999 -999 -999 -999
0.343016522884312 0.749307929440162 -999 -999 -999 -999 -999 -999 -999 -999
0.334102833869955 0.247303597273399 -999 -999 -999 -999 -999 -999 -999 -999
0.322880643245733 0.00338847328643951 -999 -999 -999 -999 -999 -999 -999 -999
0.345970163043268 0.72051145423271 -999 -999 -999 -999 -999 -999 -999 -999
0.329488268863711 0.276405401418823 -999 -999 -999 -999 -999 -999 -999 -999
0.324541568093021 0.00308314434846684 -999 -999 -999 -999 -999 -999 -999 -999
0.325466357372444 0.804194754858943 -999 -999 -999 -999 -999 -999 -999 -999
0.339827461450175 0.191086722683685 -999 -999 -999 -999 -999 -999 -999 -999
0.33470618117738 0.00471852245737223 -999 -999 -999 -999 -999 -999 -999 -999
0.326913224304259 0.76300734318288 -999 -999 -999 -999 -999 -999 -999 -999
0.32948831337488 0.233078061171353 -999 -999 -999 -999 -999 -999 -999 -999
0.343598462320861 0.00391459564576716 -999 -999 -999 -999 -999 -999 -999 -999
0.334579051414384 0.777747705747136 -999 -999 -999 -999 -999 -999 -999 -999
0.333117364679184 0.217958877031629 -999 -999 -999 -999 -999 -999 -999 -999
0.332303583906431 0.00429341722123471 -999 -999 -999 -999 -999 -999 -999 -999
0.320557004631432 0.766201070146197 -999 -999 -999 -999 -999 -999 -999 -999
0.346691269579941 0.22965051907776 -999 -999 -999 -999 -999 -999 -999 -999
0.332751725788627 0.00414841077604426 -999 -999 -999 -999 -999 -999 -999 -999
0.327583016830217 0.828300932916666 -999 -999 -999 -999 -999 -999 -999 -999
0.324894006978884 0.165923428107323 -999 -999 -999 -999 -999 -999 -999 -999
0.347522976190898 0.0057756389760102 -999 -999 -999 -999 -999 -999 -999 -999
0.313218419643757 0.787338090591417 -999 -999 -999 -999 -999 -999 -999 -999
0.324924232150111 0.208238748104893 -999 -999 -999 -999 -999 -999 -999 -999
0.361857348206132 0.00442316130369089 -999 -999 -999 -999 -999 -999 -999 -999
0.346573339563424 0.680531869995927 -999 -999 -999 -999 -999 -999 -999 -999
0.340008176729144 0.316906556344657 -999 -999 -999 -999 -999 -999 -999 -999
0.313418483707432 0.0025615736594155 -999 -999 -999 -999 -999 -999 -999 -999
0.337049195492473 0.748229151444372 -999 -999 -999 -999 -999 -999 -999 -999
0.339612201796414 0.248183190974209 -999 -999 -999 -999 -999 -999 -999 -999
0.323338602711113 0.00358765758141911 -999 -999 -999 -999 -999 -999 -999 -999
0.337044252125281 0.736233605441305 -999 -999 -999 -999 -999 -999 -999 -999
0.351846098692072 0.26054968869139 -999 -999 -999 -999 -999 -999 -999 -999
0.311109649182647 0.003216705867305 -999 -999 -999 -999 -999 -999 -999 -999
0.343049901013689 0.750087547436355 -999 -999 -999 -999 -999 -999 -999 -999
0.322369802041319 0.245746563412433 -999 -999 -999 -999 -999 -999 -999 -999
0.334580296944991 0.00416588915121252 -999 -999 -999 -999 -999 -999 -999 -999
0.323465579114993 0.771871698823794 -999 -999 -999 -999 -999 -999 -999 -999
0.315484149137926 0.224331700933639 -999 -999 -999 -999 -999 -999 -999 -999
0.361050271747081 0.00379660024256593 -999 -999 -999 -999 -999 -999 -999 -999
0.328545541614875 0.676062580428956 -999 -999 -999 -999 -999 -999 -999 -999
0.344855518266117 0.321065639014651 -999 -999 -999 -999 -999 -999 -999 -999
0.326598940119008 0.00287178055639356 -999 -999 -999 -999 -999 -999 -999 -999
0.320905569404427 0.761280546010867 -999 -999 -999 -999 -999 -999 -999 -999
0.357834248403496 0.234954078346629 -999 -999 -999 -999 -999 -999 -999 -999
0.321260182192077 0.00376537564250308 -999 -999 -999 -999 -999 -999 -999 -999
0.355793833614807 0.735631025177912 -999 -999 -999 -999 -999 -999 -999 -999
0.325134524627483 0.26105495698414 -999 -999 -999 -999 -999 -999 -999 -999
0.31907164175771 0.00331401783794867 -999 -999 -999 -999 -999 -999 -999 -999
0.355074483163245 0.808566539552482 -999 -999 -999 -999 -999 -999 -999 -999
0.318562154615575 0.186291176990944 -999 -999 -999 -999 -999 -999 -999 -999
0.326363362221179 0.00514228345657472 -999 -999 -999 -999 -999 -999 -999 -999
0.337427814711947 0.780865353025026 -999 -999 -999 -999 -999 -999 -999 -999
0.336428832669227 0.214958499632375 -999 -999 -999 -999 -999 -999 -999 -999
0.326143352618826 0.00417614734259902 -999 -999 -999 -999 -999 -999 -999 -999
0.318048461824839 0.829601868447013 -999 -999 -999 -999 -999 -999 -999 -999
0.358413913032499 0.164515178728576 -999 -999 -999 -999 -999 -999 -999 -999
0.323537625142662 0.00588295282441155 -999 -999 -999 -999 -999 -999 -999 -999
0.320467216991248 0.80580364499815 -999 -999 -999 -999 -999 -999 -999 -999
0.340028903233964 0.188769888715904 -999 -999 -999 -999 -999 -999 -999 -999
0.339503879774788 0.00542646628594534 -999 -999 -999 -999 -999 -999 -999 -999
0.336763998042656 0.73865401405398 -999 -999 -999 -999 -999 -999 -999 -999
0.320305918592126 0.257941193511205 -999 -999 -999 -999 -999 -999 -999 -999
0.342930083365218 0.00340479243481493 -999 -999 -999 -999 -999 -999 -999 -999
0.330400343109661 0.764545293108085 -999 -999 -999 -999 -999 -999 -999 -999
0.347850746679452 0.231718987087868 -999 -999 -999 -999 -999 -999 -999 -999
0.321748910210888 0.00373571980404545 -999 -999 -999 -999 -999 -999 -999 -999
0.32990036256969 0.714264947605704 -999 -999 -999 -999 -999 -999 -999 -999
0.334715074347443 0.282983563548625 -999 -999 -999 -999 -999 -999 -999 -999
0.335384563082868 0.00275148884567162 -999 -999 -999 -999 -999 -999 -999 -999
0.348693320318317 0.723173992781484 -999 -999 -999 -999 -999 -999 -999 -999
0.326276762418274 0.273600221354928 -999 -999 -999 -999 -999 -999 -999 -999
0.325029917263409 0.00322578586358762 -999 -999 -999 -999 -999 -999 -999 -999
0.318343560960624 0.779870973200675 -999 -999 -999 -999 -999 -999 -999 -999
0.334257436032012 0.215430138670199 -999 -999 -999 -999 -999 -999 -999 -999
0.347399003007364 0.00469888812912549 -999 -999 -999 -999 -999 -999 -999 -999
0.343604633790705 0.705997069691897 -999 -999 -999 -999 -999 -999 -999 -999
0.318695424406941 0.290945277016217 -999 -999 -999 -999 -999 -999 -999 -999
0.337699941802354 0.00305765329188551 -999 -999 -999 -999 -999 -999 -999 -999
0.324596174307751 0.705123168596252 -999 -999 -999 -999 -999 -999 -999 -999
0.332659577032753 0.292058787147788 -999 -999 -999 -999 -999 -999 -999 -999
0.342744248659496 0.0028180442559592 -999 -999 -999 -999 -999 -999 -999 -999
0.324993696588942 0.65907061460494 -999 -999 -999 -999 -999 -999 -999 -999
0.329474559892147 0.33873223548681 -999 -999 -999 -999 -999 -999 -999 -999
0.345531743518911 0.00219714990825035 -999 -999 -999 -999 -999 -999 -999 -999
0.340839449274314 0.82508381805678 -999 -999 -999 -999 -999 -999 -999 -999
0.327521057796815 0.168728012657479 -999 -999 -999 -999 -999 -999 -999 -999
0.331639492928871 0.00618816928574121 -999 -999 -999 -999 -999 -999 -999 -999
0.327061778533809 0.831979630816 -999 -999 -999 -999 -999 -999 -999 -999
0.320480596172519 0.162363781333293 -999 -999 -999 -999 -999 -999 -999 -999
0.352457625293672 0.00565658785070663 -999 -999 -999 -999 -999 -999 -999 -999
0.334457008514538 0.719043415941967 -999 -999 -999 -999 -999 -999 -999 -999
0.327781286848279 0.277667593650819 -999 -999 -999 -999 -999 -999 -999 -999
0.337761704637183 0.00328899040721279 -999 -999 -999 -999 -999 -999 -999 -999
0.321495169367571 0.768752474042763 -999 -999 -999 -999 -999 -999 -999 -999
0.337199381490777 0.226818119755689 -999 -999 -999 -999 -999 -999 -999 -999
0.341305449141652 0.00442940620154852 -999 -999 -999 -999 -999 -999 -999 -999
0.338709203953045 0.733876590432445 -999 -999 -999 -999 -999 -999 -999 -999
0.328779888463497 0.262711417367997 -999 -999 -999 -999 -999 -999 -999 -999
0.332510907583457 0.00341199219955893 -999 -999 -999 -999 -999 -999 -999 -999
0.334278088744398 0.686885413288095 -999 -999 -999 -999 -999 -999 -999 -999
0.334987665712469 0.310314839492189 -999 -999 -999 -999 -999 -999 -999 -999
0.330734245543133 0.00279974721971704 -999 -999 -999 -999 -999 -999 -999 -999
0.346281034904772 0.773825164851876 -999 -999 -999 -999 -999 -999 -999 -999
0.345854033734488 0.222183482937156 -999 -999 -999 -999 -999 -999 -999 -999
0.30786493136074 0.003991352210969 -999 -999 -999 -999 -999 -999 -999 -999
0.335845305278107 0.735871695256205 -999 -999 -999 -999 -999 -999 -999 -999
0.355276265193868 0.26071623136188 -999 -999 -999 -999 -999 -999 -999 -999
0.308878429528026 0.00341207338191499 -999 -999 -999 -999 -999 -999 -999 -999
0.339574820919222 0.783060000823452 -999 -999 -999 -999 -999 -999 -999 -999
0.33271139617268 0.212331543482233 -999 -999 -999 -999 -999 -999 -999 -999
0.327713782908098 0.00460845569431484 -999 -999 -999 -999 -999 -999 -999 -999
0.350185250120802 0.739551366112681 -999 -999 -999 -999 -999 -999 -999 -999
0.314087040239356 0.256822856714397 -999 -999 -999 -999 -999 -999 -999 -999
0.335727709639842 0.00362577717292114 -999 -999 -999 -999 -999 -999 -999 -999
0.348286873201483 0.81797128734081 -999 -999 -999 -999 -999 -999 -999 -999
0.330185221866634 0.176754980058909 -999 -999 -999 -999 -999 -999 -999 -999
0.321527904931883 0.00527373260028049 -999 -999 -999 -999 -999 -999 -999 -999
0.346463845895169 0.788386444632893 -999 -999 -999 -999 -999 -999 -999 -999
0.328318338126195 0.206644901385183 -999 -999 -999 -999 -999 -999 -999 -999
0.325217815978636 0.00496865398192332 -999 -999 -999 -999 -999 -999 -999 -999
0.35951246091305 0.757478316249282 -999 -999 -999 -999 -999 -999 -999 -999
0.316331454034904 0.238348307036361 -999 -999 -999 -999 -999 -999 -999 -999
0.324156085052047 0.00417337671435751 -999 -999 -999 -999 -999 -999 -999 -999
0.347403606093857 0.729455838343377 -999 -999 -999 -999 -999 -999 -999 -999
0.345273206964654 0.267282569557343 -999 -999 -999 -999 -999 -999 -999 -999
0.307323186941489 0.00326159209927973 -999 -999 -999 -999 -999 -999 -999 -999
0.335311252881641 0.680227280579108 -999 -999 -999 -999 -999 -999 -999 -999
0.328395560084409 0.317061376911766 -999 -999 -999 -999 -999 -999 -999 -999
0.336293187033949 0.00271134250912677 -999 -999 -999 -999 -999 -999 -999 -999
0.317590060648181 0.817862540822243 -999 -999 -999 -999 -999 -999 -999 -999
0.343431168998835 0.176914189818696 -999 -999 -999 -999 -999 -999 -999 -999
0.338978770352985 0.0052232693590607 -999 -999 -999 -999 -999 -999 -999 -999
0.321399434356915 0.683993470161567 -999 -999 -999 -999 -999 -999 -999 -999
0.338195209426177 0.313516813165952 -999 -999 -999 -999 -999 -999 -999 -999
0.340405356216908 0.00248971667248194 -999 -999 -999 -999 -999 -999 -999 -999
0.34379148898051 0.642130475678947 -999 -999 -999 -999 -999 -999 -999 -999
0.332227727503424 0.355825626298671 -999 -999 -999 -999 -999 -999 -999 -999
0.323980783516066 0.00204389802238228 -999 -999 -999 -999 -999 -999 -999 -999
0.340817885429306 0.75495028939386 -999 -999 -999 -999 -999 -999 -999 -999
0.321275294916556 0.240809780023446 -999 -999 -999 -999 -999 -999 -999 -999
0.337906819654139 0.00423993058269459 -999 -999 -999 -999 -999 -999 -999 -999
0.342366889555882 0.723457011154099 -999 -999 -999 -999 -999 -999 -999 -999
0.327078689297925 0.273340177440467 -999 -999 -999 -999 -999 -999 -999 -999
0.330554421146194 0.00320281140543423 -999 -999 -999 -999 -999 -999 -999 -999
0.350114111828132 0.767917170638064 -999 -999 -999 -999 -999 -999 -999 -999
0.327042321138344 0.227573133459792 -999 -999 -999 -999 -999 -999 -999 -999
0.322843567033523 0.00450969590214457 -999 -999 -999 -999 -999 -999 -999 -999
0.343290824329048 0.649153076473969 -999 -999 -999 -999 -999 -999 -999 -999
0.342256503573563 0.348402068777011 -999 -999 -999 -999 -999 -999 -999 -999
0.31445267209739 0.00244485474901974 -999 -999 -999 -999 -999 -999 -999 -999
0.355977697966299 0.660912139411499 -999 -999 -999 -999 -999 -999 -999 -999
0.320171781982983 0.336609602634371 -999 -999 -999 -999 -999 -999 -999 -999
0.323850520050718 0.00247825795413082 -999 -999 -999 -999 -999 -999 -999 -999
0.335768037269053 0.619560150449684 -999 -999 -999 -999 -999 -999 -999 -999
0.338240748632929 0.378434881626497 -999 -999 -999 -999 -999 -999 -999 -999
0.325991214098018 0.00200496792381877 -999 -999 -999 -999 -999 -999 -999 -999
0.333741565583511 0.794029685797979 -999 -999 -999 -999 -999 -999 -999 -999
0.351831761478657 0.201212171107172 -999 -999 -999 -999 -999 -999 -999 -999
0.314426672937832 0.00475814309484713 -999 -999 -999 -999 -999 -999 -999 -999
0.343157853577206 0.717437116325333 -999 -999 -999 -999 -999 -999 -999 -999
0.323849554469215 0.279398927048033 -999 -999 -999 -999 -999 -999 -999 -999
0.332992591953579 0.00316395662663428 -999 -999 -999 -999 -999 -999 -999 -999
0.32448699962375 0.720111363666086 -999 -999 -999 -999 -999 -999 -999 -999
0.338101985234137 0.276342370511666 -999 -999 -999 -999 -999 -999 -999 -999
0.337411015142113 0.00354626582224787 -999 -999 -999 -999 -999 -999 -999 -999
0.342873236474877 0.72433481471867 -999 -999 -999 -999 -999 -999 -999 -999
0.331914336802094 0.272559298891763 -999 -999 -999 -999 -999 -999 -999 -999
0.32521242672303 0.00310588638956733 -999 -999 -999 -999 -999 -999 -999 -999
0.338961725555826 0.70084560435346 -999 -999 -999 -999 -999 -999 -999 -999
0.347323547911085 0.29623806072982 -999 -999 -999 -999 -999 -999 -999 -999
0.313714726533088 0.00291633491672003 -999 -999 -999 -999 -999 -999 -999 -999
0.340039887277469 0.671827614870692 -999 -999 -999 -999 -999 -999 -999 -999
0.338282666752471 0.325498473116379 -999 -999 -999 -999 -999 -999 -999 -999
0.32167744597006 0.00267391201292941 -999 -999 -999 -999 -999 -999 -999 -999
0.321512478622448 0.716317910892069 -999 -999 -999 -999 -999 -999 -999 -999
0.350805659581355 0.280387743719444 -999 -999 -999 -999 -999 -999 -999 -999
0.327681861796196 0.00329434538848752 -999 -999 -999 -999 -999 -999 -999 -999
0.349027389950576 0.788919683699653 -999 -999 -999 -999 -999 -999 -999 -999
0.315811449710971 0.206822467896467 -999 -999 -999 -999 -999 -999 -999 -999
0.335161160338453 0.0042578484038795 -999 -999 -999 -999 -999 -999 -999 -999
0.322338894124685 0.711681175821658 -999 -999 -999 -999 -999 -999 -999 -999
0.32472452056198 0.285322810769697 -999 -999 -999 -999 -999 -999 -999 -999
0.352936585313335 0.00299601340864504 -999 -999 -999 -999 -999 -999 -999 -999
0.336934282978873 0.75946216994364 -999 -999 -999 -999 -999 -999 -999 -999
0.326216231617499 0.236885766714058 -999 -999 -999 -999 -999 -999 -999 -999
0.336849485403628 0.00365206334230233 -999 -999 -999 -999 -999 -999 -999 -999
0.352833896512919 0.73390678614663 -999 -999 -999 -999 -999 -999 -999 -999
0.338678835380146 0.262676137179397 -999 -999 -999 -999 -999 -999 -999 -999
0.308487268106936 0.00341707667397319 -999 -999 -999 -999 -999 -999 -999 -999
0.335167278217238 0.773728664095327 -999 -999 -999 -999 -999 -999 -999 -999
0.313590279045406 0.221770272111752 -999 -999 -999 -999 -999 -999 -999 -999
0.351242442737356 0.00450106379292106 -999 -999 -999 -999 -999 -999 -999 -999
0.343583333445176 0.63413948708521 -999 -999 -999 -999 -999 -999 -999 -999
0.320272419372663 0.363859036096197 -999 -999 -999 -999 -999 -999 -999 -999
0.336144247182161 0.0020014768185924 -999 -999 -999 -999 -999 -999 -999 -999
0.32156106595879 0.782108668947825 -999 -999 -999 -999 -999 -999 -999 -999
0.351055293866784 0.213819802321867 -999 -999 -999 -999 -999 -999 -999 -999
0.327383640174427 0.00407152873030728 -999 -999 -999 -999 -999 -999 -999 -999
0.329041263006656 0.80589410290787 -999 -999 -999 -999 -999 -999 -999 -999
0.303421146910164 0.18888937198179 -999 -999 -999 -999 -999 -999 -999 -999
0.36753759008318 0.00521652511034044 -999 -999 -999 -999 -999 -999 -999 -999
0.336133969991466 0.704233383865518 -999 -999 -999 -999 -999 -999 -999 -999
0.327568320434633 0.292640465369 -999 -999 -999 -999 -999 -999 -999 -999
0.3362977095739 0.00312615076548237 -999 -999 -999 -999 -999 -999 -999 -999
0.349565548831937 0.655629750846914 -999 -999 -999 -999 -999 -999 -999 -999
0.320846751733318 0.341702678652098 -999 -999 -999 -999 -999 -999 -999 -999
0.329587699434745 0.00266757050098763 -999 -999 -999 -999 -999 -999 -999 -999
-999 -999 -999 -999 -999 -999 -999 -999 -999 -999
-999 -999 -999 -999 -999 -999 -999 -999 -999 -999
-999 -999 -999 -999 -999 -999 -999 -999 -999 -999
-999 -999 -999 -999 -999 -999 -999 -999 -999 -999
-999 -999 -999 -999 -999 -999 -999 -999 -999 -999
-999 -999 -999 -999 -999 -999 -999 -999 -999 -999
