146
96
54
43
33
28
31
28
25
28
27
28
28
26
28
27
25
25
27
29
26
24
24
24
25
30
27
25
24
26
17
19
19
17
18
19
18
18
17
19
16
22
18
17
17
18
17
17
17
16
18
16
16
15
16
16
14
12
12
10
10
13
11
10
11
12
11
11
12
11
12
10
12
13
10
12
10
12
10
11
13
12
12
11
11
11
12
13
13
10
11
11
11
12
13
14
10
10
10
11
21
23
18
29
23
21
17
19
15
21
29
15
25
24
23
23
25
20
19
24
18
16
14
9
20
16
13
9
9
2
1
1
1
2
3
1
1
1
1
1
1
1
2
1
1
2
2
2
2
1
1
1
1
2
1
1
2
1
2
1
1
1
1
1
1
1
1
1
1
1
1
1
1
1
1
1
1
3
1
1
1
1
1
1
1
1
1
1
3
1
1
1
2
3
1
1
3
1
1
1
1
3
1
1
2
1
1
1
1
1
1
2
2
1
1
1
1
1
1
1
1
1
1
1
1
2
1
3
1
1
1
3
1
2
1
1
1
1
1
3
1
1
1
2
1
1
1
1
1
1
2
3
1
2
1
1
1
1
1
1
1
2
1
1
1
2
1
1
1
2
1
1
1
1
1
1
3
2
1
1
1
1
1
2
1
1
1
1
1
1
2
1
1
1
1
2
1
1
1
1
1
1
1
2
1
1
1
1
1
1
1
1
1
1
2
1
1
1
1
3
1
1
1
1
1
1
1
1
1
2
2
2
1
1
1
1
1
1
1
1
1
1
1
1
1
1
1
2
1
1
1
2
1
1
1
1
1
2
2
2
1
1
1
1
1
1
1
1
3
1
1
1
5
1
1
1
3
1
1
1
1
1
1
1
1
1
2
1
1
1
2
1
3
1
1
1
1
3
2
2
1
1
1
1
2
1
1
1
1
1
2
2
1
1
1
1
1
2
1
2
1
2
1
1
1
1
1
1
1
1
1
2
4
1
1
1
1
2
1
1
1
1
1
1
1
2
1
4
1
1
1
1
1
2
1
1
1
1
2
1
1
1
1
2
1
1
1
2
1
1
1
1
1
1
1
1
1
1
1
1
1
2
1
1
1
1
2
1
1
1
2
1
1
2
1
1
8
1
1
1
1
1
1
1
1
1
1
2
1
1
1
1
1
2
1
1
1
1
1
1
1
1
1
1
1
1
3
1
4
3
1
1
1
1
1
1
1
1
1
1
2
1
1
1
2
2
1
1
1
1
1
1
1
1
1
1
2
1
10
1
1
1
2
1
1
1
1
1
1
1
1
2
1
1
3
1
1
1
2
2
1
1
1
3
2
1
1
3
2
2
1
1
1
1
1
3
5
1
1
3
1
2
1
1
6
1
1
1
1
3
1
1
1
2
3
1
1
1
1
1
3
1
1
1
1
1
1
1
1
1
1
1
3
1
1
2
1
2
1
1
1
1
1
1
2
2
1
1
2
1
1
2
1
1
1
2
1
1
1
1
1
1
1
2
1
1
1
1
1
1
1
2
1
1
2
6
1
1
1
1
1
1
2
3
1
2
1
2
1
2
1
2
1
2
2
1
1
1
2
1
6
1
1
1
2
1
3
1
1
1
1
1
1
1
1
1
2
1
1
1
2
1
1
1
3
1
1
2
1
1
1
1
1
2
1
1
1
1
1
1
1
1
1
1
3
2
3
1
1
1
1
1
1
1
1
2
2
1
1
1
1
1
1
1
1
1
1
1
1
2
1
2
1
1
1
1
1
1
1
1
1
1
1
1
1
1
1
1
2
2
1
1
2
1
1
3
2
2
1
1
1
3
2
1
1
1
1
1
1
1
1
1
1
1
1
1
1
2
1
4
4
1
2
1
1
1
1
3
1
1
1
1
1
1
1
1
1
1
2
2
2
2
1
1
1
1
1
1
1
1
6
1
1
1
1
1
1
1
2
1
1
2
1
2
3
1
1
3
1
1
1
1
1
1
1
1
1
1
1
1
2
1
1
1
1
1
1
1
1
1
1
1
2
2
2
1
1
2
1
2
1
1
1
1
2
1
1
1
2
2
3
3
1
1
4
1
1
1
1
1
1
1
1
1
1
1
1
1
1
1
5
1
1
1
1
1
1
1
1
1
2
2
1
1
1
1
1
4
2
1
1
1
2
1
1
1
1
1
1
1
1
1
2
1
1
2
1
1
1
1
1
1
1
1
1
1
3
2
2
1
1
1
1
1
1
4
4
2
1
1
1
2
2
3
1
1
1
3
1
1
