0.813985344782186 0.325476916574971
0.181038009291038 0.343816480190777
0.00497664592677585 0.330706603234251
0.857144545344615 0.331142082025122
0.136093660349194 0.342789866777721
0.00676179430619144 0.326068051197157
0.722760798642083 0.329082091185738
0.273962423858843 0.334466076008228
0.00327677749907346 0.336451832806035
0.725456629997815 0.343595877039245
0.271457714784298 0.330023731813735
0.003085655217888 0.32638039114702
0.782474734109486 0.341324010840663
0.212856158393439 0.33019568453594
0.00466910749707451 0.328480304623397
0.761257660670048 0.328588838590085
0.23502746483957 0.331555386384844
0.00371487449038166 0.33985577502507
0.702255310439764 0.324989837705228
0.294730618560512 0.344400925819855
0.00301407099972355 0.330609236474918
0.736266381230313 0.328204571759214
0.260042450738676 0.329798995255543
0.00369116803101133 0.341996432985244
0.647247524975126 0.335721897353393
0.35045827624994 0.337726018636745
0.0022941987749344 0.326552084009862
0.711123930096291 0.324796864409733
0.285976483437544 0.350859899800931
0.00289958646616646 0.324343235789335
0.71813594933932 0.336658152478298
0.278669960891577 0.331929732578
0.00319408976910298 0.331412114943702
0.689816368118987 0.323117611771454
0.307367050690747 0.33671275980973
0.00281658119026742 0.340169628418816
0.719925142602637 0.331738407867437
0.276886882035057 0.330801705779459
0.00318797536230517 0.337459886353105
0.698564082402444 0.321814527980752
0.298524973580185 0.336523530053264
0.0029109440173715 0.341661941965984
0.815641758596018 0.335488368220043
0.178954649371763 0.329513272238541
0.00540359203221896 0.334998359541416
0.730056454854292 0.353846898274851
0.266563878959482 0.325362155709218
0.00337966618622653 0.32079094601593
0.76436434978541 0.344963070303324
0.231531543941182 0.335393546374886
0.0041041062734071 0.319643383321789
0.626104586724896 0.323261909222883
0.371835124779395 0.33029432564507
0.00206028849570957 0.346443765132046
0.738634183918374 0.318215134711746
0.257966050364119 0.338097595449485
0.0033997657175077 0.343687269838769
0.688135175440174 0.329608933975663
0.308952181427156 0.322371571865332
0.00291264313267004 0.348019494159005
0.79254473067526 0.334497457951492
0.202804064889454 0.325944919386379
0.00465120443528592 0.339557622662129
0.757186651828892 0.33305114971458
0.238872549569866 0.338581756783402
0.00394079860124102 0.328367093502018
0.779655886585397 0.330399297466572
0.215924487273829 0.342626359920193
0.0044196261407756 0.326974342613234
0.788623010679158 0.328722100931092
0.206668741008174 0.337365652152469
0.00470824831266772 0.333912246916439
0.785759768146477 0.315994019177396
0.209767843830959 0.339711767948789
0.00447238802256368 0.344294212873815
0.744784023998751 0.332628399300591
0.251518615086097 0.330113061405415
0.00369736091515213 0.337258539293994
0.631762181373512 0.311899813647034
0.365970957305953 0.336143337451
0.00226686132053484 0.351956848901966
0.802992660199566 0.327563970818544
0.191997770721536 0.343512488565839
0.00500956907889818 0.328923540615617
0.77670858398603 0.31192552958605
0.219015641028903 0.336613132851208
0.00427577498506693 0.351461337562742
0.781381103038225 0.335346348094968
0.214041348142374 0.342830019557279
0.0045775488194016 0.321823632347751
0.833596159980132 0.338563679905759
0.16027644295164 0.333389559894915
0.00612739706822807 0.328046760199327
0.674235667640247 0.332163397179251
0.323237598357606 0.338082693794521
0.00252673400214647 0.329753909026228
0.750685873004828 0.318386894908224
0.24539906699253 0.349817925282223
0.00391506000264116 0.331795179809553
0.793391032340173 0.333453600169721
0.201711531007386 0.328393976795039
0.00489743665244069 0.338152423035241
0.751624489631164 0.341627636476349
0.244677862283858 0.345273599176619
0.00369764808497761 0.313098764347032
0.805943081538474 0.324432632457731
0.189221470613866 0.33409596754688
0.00483544784765971 0.341471399995389
0.729863396306517 0.333741593559558
0.266721274193264 0.34562163711368
0.00341532950021973 0.320636769326761
0.86381241046736 0.329614901919245
0.128569801032446 0.336366009176219
0.0076177885001938 0.334019088904536
0.705627613647121 0.334966010333393
0.291394595327271 0.327881045133927
0.00297779102560901 0.33715294453268
0.807403300868334 0.330373432477789
0.187383352841151 0.323243871894596
0.00521334629051387 0.346382695627615
0.826141231438932 0.3278479884669
0.16778757749706 0.332778318469891
0.00607119106400886 0.339373693063209
0.675548549274412 0.325363152678637
0.32201415322048 0.33078988652921
0.00243729750510597 0.343846960792153
0.864492144090098 0.32876040279166
0.127545828352387 0.342772092509396
0.00796202755751427 0.328467504698945
0.681354117539444 0.328243820413663
0.315988745946467 0.33285697454682
0.0026571365140887 0.338899205039518
0.762738552487913 0.353931639663213
0.233351637135183 0.328524474793941
0.00390981037690329 0.317543885542846
0.656557609017733 0.34892346379375
0.341183881310293 0.315572398805305
0.00225850967197412 0.335504137400945
0.708991303354393 0.341552306994997
0.287642216923439 0.331568239518767
0.00336647972216766 0.326879453486235
0.666003153532161 0.335698343769266
0.331370049612941 0.333646526229886
0.00262679685489832 0.330655130000848
0.787269374585532 0.325551940151819
0.2081966481424 0.342172917977009
0.00453397727206767 0.332275141871171
0.708934396979088 0.334162651570689
0.28814297187345 0.336965161959594
0.00292263114746089 0.328872186469717
0.744383993560493 0.326658577553996
0.252073397033415 0.32662324758512
0.0035426094060909 0.346718174860884
0.688616282486509 0.329275623297111
0.308567767824804 0.335532801087921
0.0028159496886888 0.335191575614968
0.699498471497894 0.349960876694711
0.297648862982926 0.318639288968203
0.00285266551918089 0.331399834337086
0.744032407374312 0.331023822616975
0.252605446709015 0.323170606987628
0.00336214591667349 0.345805570395398
0.658110459882182 0.323480074691238
0.339464925039087 0.339344158832497
0.00242461507873044 0.337175766476264
0.862233982690852 0.333732217877597
0.130086239441507 0.343227701014938
0.00767977786764172 0.323040081107465
0.650549829142414 0.330436586217773
0.347253818110142 0.324885980773429
0.00219635274744366 0.344677433008798
0.750390870715154 0.325295906551784
0.246093274194295 0.342789288142032
0.00351585509055134 0.331914805306183
0.636999583141345 0.343252009872737
0.360808155161334 0.338809910382867
0.00219226169732143 0.317938079744397
0.807442248479689 0.332546379852587
0.187341028916532 0.323531261646503
0.0052167226037793 0.34392235850091
0.612153948651829 0.333728977770037
0.385684759004411 0.328178022329004
0.00216129234375989 0.338092999900959
0.605988328994786 0.324227906595201
0.392103246869674 0.334460329133392
0.00190842413554034 0.341311764271406
0.680891197673271 0.335011701336653
0.316533321620961 0.334172032070748
0.00257548070576951 0.330816266592599
0.673351523686462 0.334392233648521
0.324084048589223 0.337361313663841
0.0025644277243143 0.328246452687638
0.789217006890995 0.323876948468674
0.206106960486682 0.336957642537778
0.00467603262232375 0.339165408993548
0.829697370133368 0.335426758229585
0.164180331578827 0.340356093062296
0.00612229828780428 0.324217148708119
0.730391259362604 0.328129336886654
0.26595144526381 0.329832165552052
0.00365729537358751 0.342038497561294
0.690125426153832 0.330574601934278
0.306981057206118 0.349392641570063
0.00289351664005017 0.320032756495659
0.581568992068721 0.329006872386392
0.41676621730302 0.333655522440326
0.00166479062825922 0.337337605173281
0.720814275183418 0.346306672318923
0.275875479760868 0.326469697607173
0.00331024505571508 0.327223630073904
0.742930923842063 0.327323911933618
0.253292329277909 0.349694164101664
0.00377674688002799 0.322981923964717
0.75407264599059 0.325327113181959
0.241687170799558 0.327462397736237
0.00424018320985118 0.347210489081805
0.740223304023375 0.33437558205492
0.256358338139849 0.334013404145047
0.00341835783677662 0.331611013800033
0.796220157423926 0.320476604074038
0.198960950706616 0.339448581109516
0.00481889186945828 0.340074814816446
0.814219992193034 0.32944345088177
0.180658836773881 0.342079511132646
0.00512117103308485 0.328477037985584
0.801404449089914 0.327373741636489
0.193755786581568 0.354641864247002
0.00483976432851738 0.317984394116508
0.728253052827709 0.332204728071916
0.26842045681019 0.330463183895993
0.00332649036210031 0.337332088032091
0.646013201042365 0.357472892320152
0.351609162430062 0.312027353662438
0.00237763652757332 0.330499754017411
0.760382050869027 0.334723586408389
0.235598185425719 0.334710325382387
0.00401976370525415 0.330566088209225
0.787450845777163 0.313931355435708
0.208079703625869 0.337071214743631
0.0044694505969676 0.34899742982066
0.701823118402129 0.316740625356927
0.295311979908619 0.343442184575966
0.00286490168925434 0.339817190067108
0.779744887583617 0.332446458857199
0.2159138904708 0.3295097726195
0.00434122194558358 0.3380437685233
0.838086073535229 0.333173292724328
0.155351829299164 0.334286153229971
0.00656209716560788 0.332540554045701
0.783042010516253 0.325523073371339
0.212526244580043 0.353068362729835
0.00443174490370385 0.321408563898827
0.786731074427785 0.332408252035635
0.208815950862988 0.33365716364086
0.0044529747092271 0.333934584323506
0.816376253448219 0.349196149673049
0.178213832352901 0.319958915749767
0.00540991419888081 0.330844934577184
0.5899486295747 0.334562848237403
0.408113112614368 0.332238227389745
0.00193825781093191 0.333198924372853
0.811836014821968 0.335536174314525
0.182885172645053 0.331095864371257
0.00527881253297922 0.333367961314217
0.8445832443091 0.332425324826305
0.148818405107445 0.338773865502724
0.00659835058345557 0.328800809670971
0.616328239362318 0.343710618943574
0.381733273421687 0.315363122475914
0.00193848721599478 0.340926258580513
0.788520075308928 0.322966287109753
0.206949149058752 0.345119031749905
0.00453077563232074 0.331914681140342
0.771692067030471 0.337208220756784
0.224341781484127 0.325048903806506
0.00396615148540102 0.33774287543671
0.813350995377807 0.333193234107454
0.181265900694814 0.337747934479598
0.00538310392737879 0.329058831412948
0.770537420630006 0.329576124148075
0.22509120046512 0.350988742848531
0.00437137890487385 0.319435133003395
0.721863701444995 0.326479940785691
0.275000084523626 0.337403815679754
0.00313621403137912 0.336116243534555
0.720157253696998 0.34063093951766
0.276672492702692 0.337057434419866
0.00317025360031103 0.322311626062474
0.638160740178382 0.330116083725248
0.359689966701062 0.331984322680089
0.00214929312055559 0.337899593594663
0.743340985781244 0.31685360658928
0.253085585738559 0.342757763724347
0.00357342848019707 0.340388629686373
0.734943067331657 0.332721189242142
0.2617218681545 0.339172032692828
0.00333506451384318 0.328106778065029
0.726697612105432 0.339143821104027
0.269880949901974 0.330974148895201
0.00342143799259241 0.329882030000772
0.798412218958263 0.326919761311461
0.196523433695218 0.330311453035607
0.00506434734652052 0.342768785652933
0.694548048874143 0.329174627664782
0.302519115958225 0.340081453283168
0.00293283516763312 0.33074391905205
0.71927536622831 0.331037046223025
0.277516302595044 0.332376545720599
0.00320833117664639 0.336586408056376
0.780435657148298 0.324343174166963
0.215012932070938 0.332221770196262
0.00455141078076334 0.343435055636775
0.71935502912397 0.325407936744044
0.277464150383742 0.329614067362937
0.00318082049228672 0.344977995893018
0.70501106275731 0.334145532672803
0.291912004271339 0.331913972820358
0.00307693297135283 0.333940494506839
0.889148631637967 0.320876878307408
0.101623958086968 0.332469837815275
0.00922741027506379 0.346653283877317
0.783777980605096 0.331053063024601
0.211697495785602 0.344535689248324
0.00452452360930317 0.324411247727075
0.792843130217157 0.328091210872299
0.202316691342775 0.329250294594495
0.004840178440068 0.342658494533206
0.860182973335364 0.336792600031823
0.132305311515284 0.332204111590617
0.00751171514935176 0.33100328837756
0.761542734604945 0.330272908142583
0.234354046205831 0.338918346003741
0.00410321918922414 0.330808745853675
0.757554955595766 0.326933463908412
0.238742658808978 0.342728579483272
0.00370238559525575 0.330337956608316
0.686986170100565 0.33121504241262
0.310291147932741 0.338038671750893
0.00272268196669408 0.330746285836487
0.75303720726013 0.332360063511249
0.243205631605599 0.322822427300942
0.00375716113427111 0.344817509187809
0.761526049364366 0.334157145871198
0.234647268763044 0.324659158663029
0.0038266818725897 0.341183695465772
0.741989621206773 0.329589660793232
0.254331954836322 0.336424800157059
0.00367842395690487 0.333985539049708
0.762367484850732 0.323286975283183
0.233484498900905 0.335639081360314
0.00414801624836077 0.341073943356503
0.823806861065123 0.343729221049057
0.170473058778253 0.339259431876157
0.00572008015662337 0.317011347074785
0.668573328126423 0.324411395406236
0.328959099895293 0.339907240717292
0.00246757197828366 0.335681363876473
0.734877380327154 0.321123709565419
0.261699315020524 0.33682923407253
0.00342330465232075 0.342047056362052
0.655765582362877 0.334121579003921
0.342021414541818 0.331102999402926
0.00221300309530515 0.334775421593154
0.80863980413221 0.334134132033794
0.186324118911963 0.328396376195919
0.0050360769558266 0.337469491770286
0.856955434023836 0.337327579807832
0.135708833213499 0.33153749747625
0.00733573276266576 0.331134922715918
0.812700192806398 0.338160088759471
0.181888146000724 0.329524123395316
0.00541166119287863 0.332315787845212
0.729911978415137 0.331427647294607
0.266716344385712 0.327553472358077
0.0033716771991504 0.341018880347316
0.66816359106525 0.330978023079504
0.329412996441181 0.331286665212626
0.00242341249356923 0.33773531170787
0.746957004108933 0.340741457375004
0.249236097715867 0.323452030957488
0.00380689817520147 0.335806511667508
0.67754607405491 0.335285138350444
0.319896188690798 0.325326293133862
0.00255773725429247 0.339388568515693
0.676797130969829 0.317065189160452
0.32070436818251 0.345433381314729
0.00249850084766177 0.337501429524819
0.732140603562317 0.331845170554007
0.264336374358848 0.338811588418283
0.00352302207883423 0.32934324102771
0.671123014711681 0.327634808987707
0.326382873475082 0.354465592322824
0.00249411181323674 0.317899598689469
0.703270466406665 0.33094518626712
0.293856105026208 0.338398199165523
0.00287342856712678 0.330656614567357
0.749676984835863 0.330670586385871
0.24661461710853 0.331500460726824
0.00370839805560675 0.337828952887305
0.665194632446439 0.327033925850664
0.332424626442228 0.33558985537667
0.00238074111133254 0.337376218772666
0.779951352834393 0.32833432040155
0.215761101589445 0.337899880962795
0.00428754557616271 0.333765798635656
0.829589453461614 0.342361129390632
0.164717623010385 0.327364269170095
0.0056929235280009 0.330274601439273
0.695990365511357 0.344865878933244
0.301309642369047 0.325595276779166
0.00269999211959633 0.329538844287591
0.829731735134176 0.324209704125075
0.16411809820947 0.333081714741288
0.00615016665635413 0.342708581133638
0.782771635497572 0.333191591154015
0.212687199476122 0.339730275561618
0.00454116502630573 0.327078133284367
0.773050467284541 0.337373359598949
0.222492483006779 0.337345724569198
0.00445704970868057 0.325280915831853
0.771894805162003 0.330506772982983
0.223739926350383 0.333500175237824
0.0043652684876149 0.335993051779193
0.795950346702335 0.342205081028692
0.199219832853404 0.329334083010323
0.00482982044426013 0.328460835960985
0.741982637619687 0.328739499740524
0.254265567358108 0.33499421707022
0.00375179502220578 0.336266283189256
0.772577812223575 0.346872686286724
0.223411614758694 0.334242792023845
0.00401057301773082 0.318884521689431
0.792719996369318 0.320317013705733
0.202486119098858 0.34145467862858
0.00479388453182473 0.338228307665687
0.605771185222494 0.327441404209484
0.392270802522001 0.334788346669644
0.00195801225550499 0.337770249120873
0.770986437315463 0.325403499480363
0.22495519891616 0.332538345227465
0.00405836376837721 0.342058155292172
0.746650616852886 0.330792103369881
0.249604977626835 0.335468008311197
0.00374440552027905 0.333739888318922
0.674055511691719 0.329934810119487
0.323330866468711 0.339218916719824
0.00261362183957007 0.330846273160689
0.800510406681489 0.336075290760092
0.194457471390015 0.319822174720137
0.00503212192849529 0.344102534519771
0.741671437592338 0.325497807288458
0.2547504218416 0.344813955857809
0.00357814056606102 0.329688236853733
0.679770807151497 0.327570962523652
0.317537392585758 0.338822174413974
0.00269180026274501 0.333606863062374
0.741334212173786 0.341565146905531
0.255203494748338 0.334102580160532
0.00346229307787594 0.324332272933937
0.795166068394768 0.336647883108282
0.200006684914366 0.326262462456468
0.00482724669086735 0.337089654435249
0.767156539717249 0.32758147058901
0.228792480204841 0.326976737747127
0.00405098007791096 0.345441791663864
0.768256038795805 0.331255247685641
0.227881677865856 0.339538674750307
0.00386228333833929 0.329206077564052
0.820075546585488 0.332334650757276
0.174265266444935 0.352271023132274
0.00565918696957857 0.31539432611045
0.69693796808774 0.325849412520184
0.300533367495765 0.339004905370961
0.00252866441649676 0.335145682108856
0.792472322480941 0.339201800643348
0.203048614075701 0.333592267280912
0.00447906344336049 0.32720593207574
0.806029903323608 0.320303994198043
0.188847299657371 0.33480406094907
0.00512279701902077 0.344891944852888
0.64363965139132 0.328508673104823
0.353999386606239 0.33307153650682
0.00236096200244232 0.338419790388358
0.765934324412527 0.330048505837713
0.230092083125791 0.334998977939575
0.00397359246168101 0.334952516222712
0.626180859861431 0.325918114221127
0.371710776118542 0.318981631268362
0.00210836402002611 0.355100254510512
0.771988867042074 0.321025058555628
0.223829451654266 0.335785873446095
0.00418168130366016 0.343189067998276
0.686637730259864 0.337091272732165
0.310687444066274 0.335583559700219
0.00267482567386157 0.327325167567616
0.71771435161234 0.326360246522634
0.279079191230779 0.338199376780126
0.00320645715688284 0.33544037669724
0.661174526959093 0.321844318548301
0.336266731428176 0.32351056639164
0.00255874161273141 0.354645115060058
0.814392501078999 0.307360204165485
0.180283096224503 0.340227633524763
0.00532440269649829 0.352412162309753
0.684566722044092 0.332335861652007
0.312769557146701 0.32241079390888
0.00266372080920871 0.345253344439112
0.816548722771339 0.314685789524101
0.177745790108839 0.346387114686069
0.00570548711982184 0.338927095789831
0.818498293366987 0.336217806018382
0.176197126943971 0.32809748158507
0.00530457968904189 0.335684712396547
0.856701919418932 0.327664739545606
0.136403946676399 0.348958445522135
0.00689413390466876 0.323376814932259
0.832677799750845 0.332045570646259
0.161500267537259 0.342824694815883
0.00582193271189612 0.325129734537858
0.639440023480392 0.355199955980926
0.35821641836336 0.319593782801917
0.00234355815624733 0.325206261217158
0.698975851514405 0.322949859525849
0.298215383938459 0.34020554471251
0.00280876454713492 0.336844595761641
0.761116971048035 0.333287626038425
0.235049177710189 0.33890126623018
0.00383385124177668 0.327811107731394
0.75431827697179 0.342235754769207
0.241914628020064 0.338584340298494
0.00376709500814472 0.319179904932298
0.794431029407177 0.336178116884624
0.20074606390528 0.330778372002325
0.00482290668754383 0.333043511113051
0.691793846418301 0.337037418003763
0.305467750527039 0.335107308101204
0.00273840305466072 0.327855273895032
0.752398451009724 0.339396641546761
0.243831469881204 0.318287019033626
0.00377007910907219 0.342316339419613
0.854435475512397 0.330206951909966
0.138748432695842 0.329899253137511
0.00681609179176031 0.339893794952523
0.663713290772743 0.335282952532005
0.333815283057516 0.329872006371336
0.00247142616974075 0.334845041096658
0.704824885280244 0.328633683493875
0.292212760516843 0.345434686599975
0.00296235420291259 0.325931629906151
0.74515602774625 0.331622428495134
0.251185489251486 0.316639566058098
0.00365848300226459 0.351738005446769
0.768830584592909 0.32518184618791
0.227080566809702 0.352681847013397
0.00408884859738888 0.322136306798693
0.726820458780216 0.336096613712907
0.269842534456 0.336808671619476
0.0033370067637836 0.327094714667618
0.664588373574316 0.334135145004214
0.332976675411216 0.3197605479037
0.00243495101446861 0.346104307092085
0.664360227817965 0.332050848738943
0.333172857144282 0.32649986739373
0.00246691503775306 0.341449283867327
0.842727626756193 0.342390496502404
0.151018719849742 0.326847629589526
0.00625365339406491 0.330761873908069
0.683785146274677 0.335161919789886
0.313506928891703 0.320582837900126
0.0027079248336213 0.344255242309987
0.642716330123869 0.334964609946779
0.354970269386922 0.340703441993341
0.00231340048920959 0.324331948059881
0.658928944908915 0.342824370483926
0.33871995484957 0.317935268450169
0.00235110024151514 0.339240361065905
0.65870069226393 0.342176934083989
0.3386942870612 0.331961255311867
0.00260502067487067 0.325861810604145
0.687282482805942 0.331358206519536
0.309876716099788 0.334851355129959
0.00284080109426972 0.333790438350505
0.806490503967486 0.331215188172001
0.188571331833365 0.33815370427853
0.00493816419915007 0.33063110754947
0.791541293977989 0.320272563013389
0.203614820214575 0.331100375122158
0.00484388580743666 0.348627061864453
0.824724175165363 0.337480910719586
0.169435643543407 0.334863540132895
0.00584018129122994 0.32765554914752
0.78457090246034 0.322184810006867
0.21092841977322 0.341790070878293
0.00450067776644023 0.33602511911484
0.669819326708559 0.337783271081642
0.327486907919061 0.324178013962783
0.00269376537238089 0.338038714955575
0.798869187556061 0.33475554255178
0.196270739191554 0.330249870628263
0.00486007325238499 0.334994586819957
-999 -999
-999 -999
-999 -999
-999 -999
-999 -999
-999 -999
