270
257
258
245
238
224
216
188
173
150
142
126
111
94
74
59
54
40
47
36
37
40
40
45
24
27
22
27
28
25
37
27
33
36
30
23
29
32
24
19
20
20
17
15
14
18
17
13
12
16
19
19
18
24
24
25
25
24
21
25
21
20
16
16
22
21
19
14
17
18
27
21
20
23
17
19
21
26
24
17
22
24
20
22
34
19
24
14
14
15
19
19
17
12
12
13
15
14
14
13
13
13
25
15
21
17
19
20
9
1
2
4
1
3
2
3
3
1
1
1
1
1
1
1
1
1
1
1
1
1
2
1
1
2
1
2
1
1
3
2
1
1
1
1
1
1
1
1
1
4
1
2
1
2
1
1
1
1
1
2
2
2
2
1
1
1
2
1
1
2
1
1
3
1
1
1
5
1
1
2
1
1
3
1
1
1
1
1
1
1
1
1
3
1
2
1
1
3
1
4
4
1
2
1
1
1
2
3
1
1
2
2
1
1
1
2
2
2
1
1
1
2
1
1
1
1
1
1
1
1
1
1
1
1
3
2
3
2
1
1
2
1
1
1
1
2
1
2
1
2
4
2
1
1
1
2
2
1
1
1
1
1
1
1
1
1
3
1
1
1
1
1
1
1
1
2
1
1
1
1
1
1
1
1
3
2
1
2
1
1
1
1
2
1
1
1
1
1
1
1
1
1
1
1
1
2
1
2
4
1
2
1
1
1
1
1
2
1
1
1
2
4
1
1
1
1
3
1
1
2
1
1
1
1
5
1
3
1
1
3
1
1
1
1
3
1
2
2
1
1
1
1
6
3
1
1
1
3
1
1
2
1
5
1
1
1
2
2
3
1
3
1
2
2
1
1
2
2
1
2
2
2
1
1
1
1
6
1
2
1
3
1
1
1
4
1
1
1
1
1
1
1
1
2
1
1
1
1
1
3
2
1
3
1
1
1
4
1
1
1
2
2
1
1
1
3
1
1
4
1
1
2
2
1
1
1
1
5
1
3
1
1
1
1
1
1
2
1
2
2
1
1
4
1
1
2
1
1
1
2
1
1
1
1
1
1
1
1
2
1
2
2
1
1
1
1
4
1
1
3
1
1
1
1
1
2
1
1
1
2
1
1
2
1
7
1
7
1
1
2
2
1
1
1
2
1
1
1
3
4
1
1
1
1
1
1
1
1
1
1
1
1
1
1
4
1
1
1
1
3
3
1
2
1
1
5
1
1
1
2
1
1
1
2
1
1
1
1
1
1
1
1
1
1
2
1
1
3
2
1
2
1
1
2
1
1
1
1
1
1
1
1
1
1
3
2
3
1
1
1
2
3
1
1
1
1
1
3
1
2
1
2
3
2
1
2
1
2
1
1
2
1
3
1
1
3
1
1
1
1
6
1
1
1
1
2
1
1
2
1
1
1
1
4
1
1
4
1
1
1
1
1
1
2
2
1
1
4
1
1
1
3
1
2
1
1
1
1
2
2
1
1
2
1
2
1
1
1
2
1
1
2
1
1
1
1
1
1
1
1
1
2
1
1
1
1
2
1
4
1
2
3
2
1
1
4
2
4
1
1
2
1
1
1
1
1
1
1
1
1
1
1
6
1
1
1
5
1
1
4
1
3
1
1
1
1
1
1
1
3
1
2
1
1
1
2
1
1
1
1
1
1
1
2
1
1
1
7
1
1
1
2
1
2
1
1
1
1
3
1
1
2
2
1
8
1
1
4
1
1
3
1
1
1
1
1
2
1
2
3
4
1
1
1
2
1
1
3
1
3
1
1
1
1
2
1
2
2
1
1
2
1
1
1
1
2
2
1
1
1
3
3
1
1
3
2
1
1
1
2
6
1
1
1
1
1
1
1
1
3
1
1
2
1
1
1
1
1
1
1
1
1
1
1
2
1
1
5
1
1
3
2
1
1
1
1
1
2
1
1
1
1
2
2
1
1
1
1
1
1
1
3
2
2
1
3
1
2
1
3
2
1
1
1
1
1
2
1
1
1
1
1
1
5
3
2
2
2
1
1
3
2
1
1
1
1
1
1
1
1
2
2
1
3
4
1
1
1
1
2
1
2
1
1
2
1
2
1
1
1
1
1
1
2
1
1
1
2
1
1
1
2
1
2
1
1
1
1
4
1
1
1
2
1
1
1
2
1
1
1
1
1
1
1
6
3
1
1
1
1
1
1
2
1
2
1
1
1
1
1
4
1
1
1
4
2
1
1
2
4
1
2
1
1
1
1
1
1
1
1
2
1
3
2
1
1
1
2
1
1
