0.561584899269519 0.633782185198754
0.436018406206871 0.365536566000319
0.00239669452360292 0.000681248800931059
0.606231707039513 0.380930589063894
0.387940791991206 0.614545800636052
0.00582750096927971 0.00452361030004678
0.48630081750514 0.477937239326234
0.460293365150774 0.508605575561847
0.0534058173440856 0.0134571851119189
0.38251144427196 0.475067586002656
0.60474518519236 0.492961350874492
0.012743370535689 0.0319710631228564
0.484584464072896 0.372559056765449
0.469065988872838 0.620033278103893
0.0463495470542689 0.00740766513066782
0.370206728933364 0.631461321617451
0.599900737912504 0.365764523548047
0.029892533154122 0.00277415483450212
0.625532703639578 0.591922054214195
0.361791563489457 0.406290358807763
0.0126757328709654 0.00178758697803683
0.625147580898203 0.47043584255186
0.338464182500466 0.483940122643541
0.0363882366013434 0.045624034804615
0.502704167643046 0.352314143107399
0.451283175333814 0.633860644811434
0.0460126570231402 0.0138252120811591
0.500061254807733 0.566474851347209
0.483711802746726 0.376659526356657
0.0162269424455404 0.0568656222961367
0.561604988636078 0.616641478428903
0.412235929748231 0.303010643946239
0.0261590816156879 0.0803478776248542
0.508554090858126 0.550452586190541
0.462039757810416 0.443629393825879
0.0294061513314575 0.00591801998358229
0.389729176342068 0.47817564127206
0.574230261057479 0.500313675932731
0.0360405626004611 0.0215106827952059
0.473088951955431 0.549457361461805
0.480998537183719 0.426674169709084
0.0459125108608589 0.0238684688291165
0.600394271328825 0.394526578387836
0.373718492070339 0.591939068177855
0.0258872366008234 0.0135343534343005
0.370553991106741 0.408538623041955
0.596500572717802 0.570866784042566
0.0329454361754456 0.0205945929154741
0.491334137798616 0.263820286175841
0.492212914865927 0.715278420849475
0.016452947335465 0.0209012929746813
0.500017825911015 0.522153655404185
0.480706024554778 0.439556936844896
0.0192761495342086 0.038289407750909
0.392546758558586 0.437756355447976
0.512020072349585 0.550078277890239
0.0954331690918195 0.0121653666617768
0.354600065910719 0.439024865621584
0.622719890895678 0.549494948516509
0.0226800431935979 0.0114801858619094
0.558727826355165 0.55059714955394
0.387406049564026 0.437948250928911
0.0538661240808055 0.0114545995171486
0.330909192903511 0.428960285953678
0.633403521361902 0.499530078777142
0.0356872857345883 0.0715096352691787
0.373896471242954 0.403826594410435
0.623382820646853 0.574985386045386
0.00272070811017949 0.0211880195441849
0.464069248817396 0.328790860691263
0.525753788193416 0.647121261887211
0.0101769629891813 0.0240878774215216
0.515918320625247 0.380798621866517
0.429816275416782 0.604790748424125
0.0542654039579722 0.0144106297093673
0.533669653463957 0.518980144249615
0.46390987106508 0.420860548235829
0.00242047547097686 0.0601593075145535
0.359794512303021 0.561573489444921
0.626112558054384 0.422402365090342
0.0140929296426015 0.0160241454647513
0.505046681170881 0.473324200902194
0.455709086006834 0.486758380770329
0.0392442328222913 0.0399174183274766
0.381070937454542 0.365916702689301
0.571071593034743 0.596122265296527
0.0478574695107075 0.0379610320141632
0.329216596001684 0.632527280261638
0.619532467314502 0.338933178416342
0.0512509366838282 0.0285395413220125
0.436146694726801 0.267547953777721
0.502595417612842 0.693542636767071
0.0612578876603512 0.0389094094552071
0.419506448447293 0.39672913435624
0.567574753017081 0.558220342617871
0.0129187985356351 0.045050523025879
0.370020842327904 0.439016516466045
0.584543517024782 0.550997892309344
0.0454356406473084 0.00998559122459235
0.696007076180305 0.443755693232789
0.295596955460242 0.54727072807337
0.00839596835945656 0.00897357869384584
0.455675998514322 0.419530938054685
0.529593985362112 0.578801478361028
0.0147300161235737 0.00166758358427698
0.393598395321027 0.435404171381135
0.590215635640857 0.507436039841209
0.0161859690381028 0.0571597887776552
0.588208879407534 0.371916570660327
0.403608791718223 0.57840505468248
0.00818232887425191 0.0496783746571977
0.571300782291984 0.412921683587858
0.392627500305541 0.565585120312262
0.0360717174024759 0.0214931960998865
0.303065957207877 0.494376295404952
0.686508201978614 0.501254420021439
0.0104258408135056 0.00436928457360376
0.553742263891378 0.418287684037348
0.393393958734295 0.546082493370915
0.0528637773743178 0.0356298225917539
0.356721043566273 0.627097321010968
0.620732333675843 0.349972581820144
0.022546622757884 0.0229300971688937
0.545541662226067 0.461420902251045
0.439053941336912 0.52729901525549
0.0154043964370252 0.0112800824934738
0.723549442152764 0.604419586602106
0.242853084831902 0.38346868206508
0.033597473015334 0.0121117313328123
0.695424281309796 0.509404030290722
0.279012176712994 0.478301869895797
0.0255635419772023 0.0122940998134938
0.459101423563197 0.579791892729701
0.454633682787671 0.408719486244951
0.0862648936491362 0.0114886210253502
0.46732150556943 0.537451298892392
0.511401773297166 0.441631714388206
0.0212767211334017 0.020916986719406
0.543169953093228 0.607087132367428
0.4421892371011 0.379486774993665
0.0146408098056807 0.0134260926389141
0.403004688440377 0.261307711177315
0.581429613393251 0.711150669440437
0.0155656981663736 0.027541619382248
0.338943606360693 0.547005680658442
0.636363003054487 0.383411251544013
0.0246933905848256 0.0695830677975517
0.570937838213622 0.456855629153613
0.39987028556783 0.515659857869877
0.0291918762185543 0.0274845129765081
0.468120970617179 0.512505864977413
0.473994224810614 0.474372074084995
0.0578848045722034 0.0131220609375937
0.581164536159865 0.526553751821726
0.418019155074548 0.464744975745704
0.000816308765574489 0.00870127243256036
0.485291399536886 0.560840731505665
0.475153075343613 0.434652620166372
0.039555525119507 0.00450664832796302
0.671455881260275 0.563691479551498
0.318500378525918 0.363481597172381
0.0100437402138045 0.0728269232761103
0.623389373920063 0.303303283401143
0.344503038659299 0.66900851013952
0.0321075874206425 0.0276882064593277
0.527992522989805 0.633436905564679
0.44153118858588 0.331590475536189
0.0304762884243139 0.0349726188991263
0.496769396631858 0.401735453125207
0.499784124097516 0.592686554901381
0.00344647927063409 0.00557799197340062
0.451445483994084 0.419775293112402
0.494388763682096 0.580197537504945
0.0541657523238114 2.71693826490855e-05
0.498239805087603 0.427545346409695
0.483080404490803 0.554064754161969
0.0186797904216082 0.0183898994283447
0.480418868740741 0.447261849562535
0.514670853492462 0.464055821232479
0.00491027776680441 0.0886823292049855
0.52211179857365 0.542845432009585
0.428255875048994 0.44931335887348
0.0496323263773397 0.00784120911694124
0.54300989438626 0.628321257167499
0.422247189399565 0.358411534404928
0.0347429162141883 0.0132672084275747
0.481978153993283 0.439115311068348
0.508227105288671 0.546585762354765
0.00979474071803743 0.0142989265768959
0.624381154088437 0.427100481707953
0.372947659256775 0.528121727655271
0.00267118665479375 0.0447777906367861
0.566958058261097 0.549267164249276
0.42926139308201 0.441413660623592
0.00378054865689491 0.0093191751271267
0.464528603024193 0.441588729576571
0.534912763375079 0.507125042608887
0.000558633600723058 0.0512862278145434
0.47633062780911 0.674026305940339
0.470393610305639 0.304966692392078
0.0532757618852411 0.0210070016675821
0.502538263934411 0.600735779150512
0.456925591637168 0.393959198408289
0.0405361444284304 0.00530502244120165
0.538424152762573 0.660230026049973
0.378931636450716 0.326243713946758
0.0826442107867036 0.0135262600032728
0.721157652348549 0.41820273653082
0.276404295519549 0.568724440993325
0.00243805213190406 0.0130728224758414
0.488208175497504 0.378526362444973
0.463369872913802 0.555993297512832
0.0484219515886957 0.0654803400421876
0.40104868675549 0.52676179262967
0.598635339404427 0.467979735670254
0.000315973840088656 0.00525847170007636
0.454654867740715 0.601065464778584
0.545129330164501 0.361349086108589
0.000215802094785138 0.0375854491128181
0.265350240967201 0.434111542833303
0.712931482949102 0.560084273792869
0.0217182760836958 0.00580418337383818
0.486325962770702 0.398188618043383
0.496956150822669 0.578897949033493
0.0167178864066337 0.0229134329231131
0.523640479559491 0.382237116817459
0.471138450358334 0.59449880925649
0.00522107008218342 0.0232640739260611
0.51071114673147 0.559766873407982
0.453883635963335 0.438182121092341
0.0354052173051905 0.00205100549966785
0.549496508524656 0.424807303435919
0.409160065888388 0.570610513618987
0.0413434255869589 0.00458218294509416
0.592709632900251 0.518014794645917
0.350531184512653 0.44355411969512
0.0567591825871006 0.0384310856589771
0.668944103847353 0.498830022003291
0.328023285861744 0.466125470605489
0.00303261029091749 0.0350445073912196
0.456095407896877 0.47006067706775
0.519555319424509 0.517472336096219
0.0243492726786247 0.0124669868360259
0.494934337198387 0.384381073868422
0.440556691491581 0.595270540487434
0.0645089713100333 0.0203483856441395
0.469086611628105 0.394202272035466
0.4772360237953 0.551401851719902
0.0536773645765864 0.0543958762446264
0.424269303684375 0.554709414138244
0.5134091772785 0.397898622535496
0.0623215190371323 0.0473919633262595
0.466382511482205 0.458027472977031
0.530718549641408 0.537374626036507
0.00289893887638485 0.00459790098647972
0.423021287372783 0.498452545867038
0.560059400056007 0.441923677619778
0.0169193125711975 0.0596237765131922
0.473518511825754 0.551249386104185
0.510315576161812 0.448173592105357
0.0161659120124456 0.000577021790472757
0.468996931823953 0.422067332441719
0.527234231510179 0.572803528748738
0.00376883666586991 0.00512913880954
0.472685586325098 0.491963366867576
0.519060747522418 0.50121623251005
0.00825366615248591 0.00682040062237668
0.472859950231092 0.44117274650917
0.518909520650893 0.536498795841012
0.0082305291180222 0.0223284576498096
0.490745902109552 0.698714132542095
0.467635593770926 0.299762243922006
0.0416185041195192 0.00152362353588953
0.625410232563172 0.438790916131
0.351015261685947 0.557658965426908
0.0235745057508889 0.00355011844210222
0.27152826585732 0.37590737200586
0.705163870212417 0.609144698150828
0.0233078639302574 0.0149479298433147
0.468514834994078 0.376087077740239
0.476853098625208 0.606095885083149
0.0546320663807271 0.0178170371766213
0.532721851647596 0.582669592717862
0.427100034836202 0.395073145944197
0.0401781135161883 0.0222572613379515
0.555705769290795 0.478958298739787
0.444201991373819 0.509968522573261
9.22393353875574e-05 0.0110731786869468
0.589072499927224 0.392544179769424
0.406535600908857 0.597942484051032
0.00439189916391932 0.00951333617954203
0.45915111735627 0.491463037195203
0.508541025037556 0.487687720015894
0.0323078576061849 0.020849242788913
0.563299033081008 0.51782590032872
0.398563677262378 0.47140481379809
0.0381372896566212 0.0107692858731811
0.459224908106554 0.388556297094284
0.536682485170615 0.581675020836716
0.00409260672282577 0.0297686820689857
0.418686982425238 0.374455055419958
0.53849645683141 0.620675016158999
0.0428165607433611 0.00486992842104037
0.417092360249224 0.550571401610739
0.567791368872447 0.430830166608981
0.0151162708783459 0.0185984317802871
0.680669333278325 0.285678935257613
0.297830122961843 0.712729780650407
0.021500543759828 0.00159128409199212
0.677085696208902 0.479018516395739
0.312206053565937 0.520881689173851
0.010708250225173 9.97944304080025e-05
0.649627765061599 0.538549681739555
0.323938962173257 0.430251838039739
0.0264332727651534 0.0311984802206961
0.439169056165041 0.421851214651558
0.550248947646038 0.576473748724251
0.0105819961889236 0.00167503662419512
0.450792036597549 0.581357794320854
0.536369657890208 0.354827757989622
0.0128383055122327 0.0638144476895239
0.645130406583732 0.549794079880213
0.319782496136639 0.425868073848599
0.0350870972796431 0.0243378462711874
0.477966556034782 0.593293228221156
0.514241618466244 0.373382124059522
0.00779182549898751 0.0333246477193327
0.575559094355927 0.492032590788274
0.413075557468894 0.500292388185087
0.0113653481751748 0.00767502102662809
0.449834993151837 0.410584315466224
0.479257347304492 0.577643631310764
0.0709076595436804 0.0117720532230094
0.377180898027252 0.58708814694954
0.620382872929909 0.410302223970007
0.00243622904283286 0.00260962908046054
0.555947280884551 0.56299210531755
0.439305375269554 0.419243674997899
0.00474734384589348 0.0177642196845533
0.478878218031791 0.395897124955466
0.51031247973856 0.577793069703201
0.0108093022296482 0.026309805341344
0.554902330921793 0.522697868174536
0.418541447902236 0.377182244495975
0.0265562211759577 0.100119887329484
0.414813725879604 0.373672883404959
0.539752362598492 0.599437266406597
0.0454339115219074 0.0268898501884432
0.421447499034895 0.620727316887721
0.534089408480765 0.341853758043923
0.0444630924843455 0.0374189250683593
0.431543408930452 0.557153151055278
0.536575615651586 0.424115359631405
0.0318809754179661 0.0187314893133101
0.423444038877728 0.423981705588403
0.537118678569086 0.549192915381805
0.0394372825531882 0.0268253790297972
0.493999247031962 0.523520453485901
0.440987901816759 0.446413588485561
0.0650128511512804 0.0300659580285343
0.49597594693995 0.467275466755704
0.478241147901467 0.445085321497454
0.0257829051585918 0.0876392117468596
0.478402051202085 0.362255122152811
0.506066710752279 0.610201165704907
0.0155312380456375 0.0275437121422802
0.39331742153949 0.516626191453427
0.601772575788004 0.407100043314432
0.00491000267250607 0.0762737652321447
0.564110199328028 0.521364112398654
0.418992858132697 0.453370695893791
0.0168969425392649 0.0252651917075646
0.42533962785065 0.29681322835001
0.540269384150105 0.64515709569271
0.0343909879992488 0.0580296759572649
0.358066538871134 0.555560406870922
0.560877979698445 0.443895176522081
0.0810554814304059 0.000544416607003091
0.466410816046794 0.418196153715161
0.531868000077509 0.57120063674334
0.00172118387569381 0.0106032095415068
0.495791479552925 0.399607994696301
0.489892850909882 0.568356088827998
0.0143156695371869 0.0320359164757054
0.52894323896209 0.746513921368545
0.460691475786861 0.184182230512261
0.0103652852510378 0.0693038481191961
0.518456288637407 0.694514465820018
0.470609260884274 0.267091605951501
0.0109344504783263 0.0383939282284809
0.367151314570321 0.631228335204125
0.627767283286288 0.363719126392885
0.005081402143396 0.00505253840299416
0.602281895976474 0.542919385546952
0.375276759657203 0.397280497318586
0.0224413443663292 0.0598001171344653
0.463195624700674 0.4730728859318
0.500614809595277 0.477284327240496
0.0361895657040459 0.0496427868277038
0.516106922101472 0.62121262966798
0.481890308786152 0.371326330123817
0.00200276911236874 0.00746104020819782
0.537926201057717 0.372235065541511
0.42157284803246 0.614661595093762
0.0405009509098136 0.0131033393647317
0.472419435779448 0.349111349770225
0.497511952068011 0.538171303404
0.0300686121525295 0.112717346825774
0.429688727282362 0.406441078860344
0.51027943951091 0.560054346625933
0.0600318332067284 0.0335045745137145
0.560333067629999 0.544754705028761
0.430946265080691 0.448560142197229
0.00872066728930326 0.00668515277401007
0.581486526610033 0.525443174367186
0.379636596597834 0.460692045967544
0.0388768767921404 0.0138647796652691
0.564422747063304 0.439349697994265
0.417558336194706 0.545188118491767
0.0180189167419864 0.0154621835139532
0.529313094620661 0.59298552183667
0.468471915212449 0.405968733181378
0.0022149901668807 0.00104574498195808
0.454246836654347 0.52630664129644
0.53497942052121 0.439077350796575
0.0107737428244494 0.0346160079069975
0.414342186044847 0.459804116445374
0.553719967851005 0.523296170087121
0.0319378461041602 0.0168997134674993
0.478107292297027 0.521661742596436
0.494671819337493 0.43623698883357
0.0272208883654851 0.0421012685700006
0.473576378662571 0.560618997736018
0.46149521492606 0.391243495590497
0.0649284064113685 0.0481375066734799
0.66765089973876 0.380538361525641
0.325175187201067 0.581043932169665
0.00717391306017754 0.0384177063047034
0.407777635814245 0.488079966091351
0.579412568268594 0.488522649577347
0.0128097959171586 0.0233973843313015
0.658555889296807 0.567284615147063
0.324132631623222 0.372281953658932
0.0173114790799693 0.0604334311939988
0.609137239995377 0.445164358472653
0.366960979562269 0.533870777698566
0.0239017804423656 0.0209648638287804
0.345778664014909 0.356491165796776
0.63173289586463 0.601836266671964
0.022488440120456 0.0416725675312655
0.50712683113521 0.413347374356482
0.47962173231917 0.526633930114656
0.0132514365456296 0.0600186955288537
0.327574721223393 0.395581840426699
0.599895173840476 0.575321136669398
0.0725301049361349 0.029097022903913
0.43382031036714 0.61200071533493
0.543990872643503 0.375227247829548
0.0221888169893635 0.0127720368355309
0.565351672401717 0.531377774600159
0.411965694481086 0.446450859421949
0.0226826331172031 0.0221713659778931
0.555936097402877 0.335999038130012
0.428546732477644 0.644637666658354
0.0155171701194819 0.0193632952116419
0.37807756333088 0.406984075452159
0.609193272592791 0.539432057614546
0.0127291640763278 0.0535838669332874
0.432378740113181 0.434205541170684
0.527096272945909 0.563982539379636
0.0405249869409169 0.00181191944968706
0.399173800865617 0.448225188788152
0.585989119820807 0.508092774045395
0.0148370793135738 0.0436820371664553
0.601272856945469 0.680446247755931
0.372897986362128 0.275449577407983
0.0258291566923969 0.0441041748360795
0.713597395266172 0.451601185968911
0.272958132899426 0.522863679462676
0.0134444718343936 0.0255351345684112
0.510049566916092 0.530951685584927
0.474594653536277 0.412654779763953
0.0153557795476313 0.0563935346511163
0.586761562158314 0.568339359851397
0.38459576422294 0.417352801785115
0.0286426736187376 0.0143078383634781
0.463679212794664 0.388487421820877
0.513886317836539 0.611179794193944
0.0224344693687848 0.000332783985188594
0.423465805350946 0.638411178508362
0.553370802219775 0.334011769058603
0.0231633924292763 0.0275770524330419
0.40502507446418 0.324134936883128
0.57999116307822 0.672085266448562
0.0149837624575895 0.00377979666830294
0.660304675814121 0.207233245138838
0.260411065145812 0.791535155210343
0.0792842590400723 0.00123159965081201
0.502227981114956 0.485431887635158
0.47664122138805 0.461204927026036
0.0211307974969958 0.0533631853388055
0.546680138746013 0.557504259206252
0.416760902410209 0.441621244942909
0.0365589588437693 0.000874495850848859
0.681625043552759 0.43564908094129
0.298275317778661 0.468873700083634
0.0200996386685687 0.0954772189750722
0.55934800339942 0.453225347820985
0.403024286837742 0.545342578874055
0.0376277097628339 0.00143207330497198
0.413932909281568 0.605355332787898
0.551993476161629 0.369479043925821
0.0340736145567926 0.0251656232862722
0.466575893241384 0.323654357856277
0.530919554432278 0.647736280277411
0.00250455232632968 0.0286093618662972
0.457929014817983 0.60541943135864
0.539438095843817 0.353638056389591
0.00263288933819911 0.0409425122517845
0.484984522463477 0.531844059775206
0.509621612258343 0.438203197440183
0.00539386527818395 0.0299527427846205
0.481078623304541 0.293381026335502
0.516569684308873 0.679087298969762
0.00235169238658607 0.0275316746947415
0.580026908888114 0.65037456866564
0.410603126954532 0.325005566058217
0.00936996415734086 0.02461986527616
0.607016128410972 0.563761664818402
0.373428392085795 0.431350235626005
0.0195554795032379 0.00488809955558445
0.535896293598622 0.487761682830694
0.410368743261694 0.482222610649256
0.0537349631396966 0.0300157065200572
0.596083508192806 0.562492282162225
0.363140057017437 0.428061062340439
0.0407764347897521 0.0094466554973336
0.68306899697336 0.530928496007732
0.289781195904538 0.458137239451405
0.0271498071221062 0.0109342645408591
0.542569019950126 0.442072134205866
0.450746178812566 0.556457527494262
0.00668480123729744 0.00147033829988394
0.415226640046005 0.535481837561856
0.556139007662522 0.462787748807594
0.0286343522914753 0.001730413630565
0.382829412598052 0.589107726222035
0.574166250655038 0.331939567572585
0.0430043367469013 0.0789527062053925
0.595231617989381 0.495643895963952
0.388149723331311 0.492510354521695
0.0166186586793113 0.0118457495143538
0.38836763916097 0.591127525325406
0.610902655214037 0.407527139627707
0.000729705624981017 0.00134533504689172
0.401530478114506 0.590163779154137
0.578548732583203 0.35697136361449
0.0199207893022937 0.05286485723137
0.695613165823872 0.638786405902226
0.301987169875963 0.349012249781247
0.00239966430016342 0.0122013443165415
0.440242809268402 0.384733318795946
0.533967452023874 0.570178737123004
0.025789738707726 0.0450879440810493
0.534008903287198 0.547517593298895
0.462318938972775 0.441639723705122
0.00367215774002935 0.0108426829959835
0.528046723260003 0.48190793500083
0.457916026423732 0.468727928776973
0.0140372503162607 0.0493641362222015
0.486935621787594 0.449273155564753
0.486607963420909 0.526319607588103
0.0264564147915016 0.024407236847156
0.472657196301501 0.535763487919948
0.508096977579765 0.461328322181431
0.0192458261187372 0.00290818989862388
0.432959705516794 0.577953632429329
0.533661527348285 0.365893645101841
0.0333787671349166 0.0561527224688307
0.613930999844911 0.452697920869356
0.338588673076261 0.524918303203817
0.0474803270788302 0.0223837759268296
0.421451513338167 0.368689679761265
0.567184378464203 0.605795217144074
0.0113641081976407 0.0255151030946679
0.598379026214744 0.587518919442231
0.362996876902363 0.404301851874759
0.0386240968828881 0.0081792286830138
0.411501118965645 0.49576508294028
0.541508057892883 0.497710898951822
0.0469908231414778 0.00652401810790542
0.668938903444032 0.372079292176944
0.293628267395712 0.580252156432677
0.0374328291602594 0.0476685513903689
0.669533235067092 0.41511165453496
0.314081963790188 0.551011029870595
0.0163848011427188 0.0338773155944496
0.620464789934874 0.60356738986303
0.351544402242671 0.383077911635156
0.027990807822459 0.0133546985018159
-999 -999
-999 -999
-999 -999
-999 -999
-999 -999
-999 -999
