366
363
371
363
355
340
336
318
297
290
284
273
264
264
256
236
231
215
214
191
173
151
126
113
95
78
69
40
30
21
27
17
18
17
16
21
13
11
12
12
15
10
15
15
13
11
9
10
17
10
13
12
12
15
9
11
11
8
9
7
8
13
8
7
7
10
9
7
9
13
7
11
9
11
10
12
12
13
7
8
15
9
14
12
9
8
11
12
8
7
8
8
11
9
4
5
6
5
5
4
4
4
5
6
4
7
6
5
4
6
4
7
6
5
9
4
6
6
4
9
5
4
6
4
6
4
5
4
4
4
4
4
5
5
4
5
5
7
4
7
5
5
5
5
5
5
5
4
4
5
6
5
5
5
5
5
5
6
8
5
4
4
4
5
4
4
7
6
5
4
5
4
5
5
5
4
4
9
4
4
5
6
5
4
4
5
4
4
4
5
6
5
4
5
5
7
6
5
6
5
5
6
5
5
4
5
5
6
6
5
4
4
4
5
4
4
5
4
4
4
4
4
4
4
4
4
4
4
5
5
4
4
4
4
6
4
4
5
4
4
2
2
2
2
2
3
2
2
2
2
2
2
2
2
2
2
2
2
2
2
2
2
2
2
2
2
2
2
2
2
2
2
2
2
2
2
3
2
2
2
2
3
2
2
2
3
3
2
2
2
2
2
2
2
2
3
2
2
2
2
2
2
3
2
2
2
2
2
2
2
2
2
2
2
2
2
2
2
2
2
2
2
2
2
4
3
2
2
2
2
3
2
2
2
2
3
2
2
2
2
2
2
2
4
2
2
2
2
2
2
2
2
2
2
2
2
2
2
2
2
2
2
2
2
2
2
3
2
2
2
2
2
2
2
2
2
2
2
2
2
2
2
2
2
2
2
2
2
2
2
2
2
2
2
2
2
2
2
2
2
2
2
2
2
2
2
2
2
2
2
2
2
2
2
2
2
2
2
2
2
3
2
2
2
2
2
2
2
2
5
2
2
2
2
2
2
2
2
2
2
2
2
2
2
2
2
2
2
2
2
2
2
2
2
2
2
2
2
3
3
2
3
2
2
2
2
3
2
3
2
2
2
2
2
2
2
4
2
2
3
3
2
2
3
2
2
2
2
2
2
3
2
2
3
2
3
2
2
3
2
3
2
2
2
2
3
2
2
2
2
2
2
2
2
2
2
2
2
2
2
4
2
2
2
3
3
2
2
2
2
2
2
2
2
2
2
2
2
3
2
3
2
2
2
2
2
2
2
2
2
2
2
2
2
2
2
2
2
2
2
2
2
2
2
2
2
2
2
2
3
2
2
2
2
2
2
2
2
2
2
2
2
2
2
2
2
3
2
2
2
2
2
2
3
2
2
2
2
2
2
2
2
2
2
2
2
2
2
2
2
2
2
2
2
2
2
2
2
2
2
2
2
2
2
2
2
2
2
2
2
2
2
2
2
3
2
2
2
2
2
2
2
2
2
2
2
2
2
2
2
2
2
3
2
2
2
2
2
2
2
2
2
2
2
2
2
2
2
2
2
2
2
2
2
2
2
2
2
3
2
2
2
2
2
2
2
3
2
2
2
2
2
2
3
2
2
2
2
2
2
2
3
2
2
2
2
2
2
2
2
2
2
2
2
2
2
2
2
2
2
2
2
2
2
2
2
2
2
2
2
2
2
2
2
2
2
2
2
2
2
2
2
2
2
2
2
2
2
2
2
2
2
2
2
2
2
2
2
2
2
2
2
2
2
2
2
2
2
2
2
2
3
2
2
2
2
2
2
2
2
2
2
2
2
2
2
2
2
2
2
2
2
3
2
2
2
2
2
2
2
2
2
2
2
2
2
2
2
2
2
2
2
3
2
2
2
2
2
2
2
2
2
2
2
2
2
2
2
2
2
2
2
2
2
2
2
2
2
2
2
2
2
2
2
2
2
3
2
2
2
2
2
2
2
2
2
2
2
2
2
2
3
2
2
2
2
2
2
2
3
2
2
2
2
2
2
2
2
2
2
2
3
2
2
2
2
2
2
2
2
2
2
2
2
2
2
2
3
2
2
2
2
2
2
2
2
2
2
2
2
3
2
2
3
2
2
2
2
2
2
2
2
2
2
2
2
2
2
2
2
2
2
2
3
2
2
2
2
2
2
2
2
2
3
2
2
2
2
2
2
2
2
2
2
2
2
2
2
2
2
2
2
2
2
2
2
3
3
2
2
2
2
2
2
2
3
2
2
2
2
2
2
2
2
2
2
2
2
2
3
2
2
2
2
2
2
2
2
2
2
