491 491 1 0
491 492 1 0
491 493 1 0
491 494 1 0
491 495 1 0
491 496 1 0
491 497 1 0
491 498 1 0
491 499 1 0
491 500 1 0
491 501 1 0
491 502 1 0
491 503 1 0
491 504 1 0
491 505 1 0
491 506 1 0
491 507 1 0
491 508 1 0
491 509 1 0
491 510 1 0
492 491 1 0
492 492 1 0
492 493 1 0
492 494 1 0
492 495 1 0
492 496 1 0
492 497 1 0
492 498 1 0
492 499 1 0
492 500 1 0
492 501 1 0
492 502 1 0
492 503 1 0
492 504 1 0
492 505 1 0
492 506 1 0
492 507 1 0
492 508 1 0
492 509 1 0
492 510 1 0
493 491 1 0
493 492 1 0
493 493 1 0
493 494 1 0
493 495 1 0
493 496 1 0
493 497 1 0
493 498 1 0
493 499 1 0
493 500 1 0
493 501 1 0
493 502 1 0
493 503 1 0
493 504 1 0
493 505 1 0
493 506 1 0
493 507 1 0
493 508 1 0
493 509 1 0
493 510 1 0
494 491 1 0
494 492 1 0
494 493 1 0
494 494 1 0
494 495 1 0
494 496 1 0
494 497 1 0
494 498 1 0
494 499 1 0
494 500 1 0
494 501 1 0
494 502 1 0
494 503 1 0
494 504 1 0
494 505 1 0
494 506 1 0
494 507 1 0
494 508 1 0
494 509 1 0
494 510 1 0
495 491 1 0
495 492 1 0
495 493 1 0
495 494 1 0
495 495 1 0
495 496 1 0
495 497 1 0
495 498 1 0
495 499 1 0
495 500 1 0
495 501 1 0
495 502 1 0
495 503 1 0
495 504 1 0
495 505 1 0
495 506 1 0
495 507 1 0
495 508 1 0
495 509 1 0
495 510 1 0
496 491 1 0
496 492 1 0
496 493 1 0
496 494 1 0
496 495 1 0
496 496 1 0
496 497 1 0
496 498 1 0
496 499 1 0
496 500 1 0
496 501 1 0
496 502 1 0
496 503 1 0
496 504 1 0
496 505 1 0
496 506 1 0
496 507 1 0
496 508 1 0
496 509 1 0
496 510 1 0
497 491 1 0
497 492 1 0
497 493 1 0
497 494 1 0
497 495 1 0
497 496 1 0
497 497 1 0
497 498 1 0
497 499 1 0
497 500 1 0
497 501 1 0
497 502 1 0
497 503 1 0
497 504 1 0
497 505 1 0
497 506 1 0
497 507 1 0
497 508 1 0
497 509 1 0
497 510 1 0
498 491 1 0
498 492 1 0
498 493 1 0
498 494 1 0
498 495 1 0
498 496 1 0
498 497 1 0
498 498 1 0
498 499 1 0
498 500 1 0
498 501 1 0
498 502 1 0
498 503 1 0
498 504 1 0
498 505 1 0
498 506 1 0
498 507 1 0
498 508 1 0
498 509 1 0
498 510 1 0
499 491 1 0
499 492 1 0
499 493 1 0
499 494 1 0
499 495 1 0
499 496 1 0
499 497 1 0
499 498 1 0
499 499 1 0
499 500 1 0
499 501 1 0
499 502 1 0
499 503 1 0
499 504 1 0
499 505 1 0
499 506 1 0
499 507 1 0
499 508 1 0
499 509 1 0
499 510 1 0
500 491 1 0
500 492 1 0
500 493 1 0
500 494 1 0
500 495 1 0
500 496 1 0
500 497 1 0
500 498 1 0
500 499 1 0
500 500 1 0
500 501 1 0
500 502 1 0
500 503 1 0
500 504 1 0
500 505 1 0
500 506 1 0
500 507 1 0
500 508 1 0
500 509 1 0
500 510 1 0
501 491 0 1
501 492 0 1
501 493 0 1
501 494 0 1
501 495 0 1
501 496 0 1
501 497 0 1
501 498 0 1
501 499 0 1
501 500 0 1
501 501 0 1
501 502 0 1
501 503 0 1
501 504 0 1
501 505 0 1
501 506 0 1
501 507 0 1
501 508 0 1
501 509 0 1
501 510 0 1
502 491 0 1
502 492 0 1
502 493 0 1
502 494 0 1
502 495 0 1
502 496 0 1
502 497 0 1
502 498 0 1
502 499 0 1
502 500 0 1
502 501 0 1
502 502 0 1
502 503 0 1
502 504 0 1
502 505 0 1
502 506 0 1
502 507 0 1
502 508 0 1
502 509 0 1
502 510 0 1
503 491 0 1
503 492 0 1
503 493 0 1
503 494 0 1
503 495 0 1
503 496 0 1
503 497 0 1
503 498 0 1
503 499 0 1
503 500 0 1
503 501 0 1
503 502 0 1
503 503 0 1
503 504 0 1
503 505 0 1
503 506 0 1
503 507 0 1
503 508 0 1
503 509 0 1
503 510 0 1
504 491 0 1
504 492 0 1
504 493 0 1
504 494 0 1
504 495 0 1
504 496 0 1
504 497 0 1
504 498 0 1
504 499 0 1
504 500 0 1
504 501 0 1
504 502 0 1
504 503 0 1
504 504 0 1
504 505 0 1
504 506 0 1
504 507 0 1
504 508 0 1
504 509 0 1
504 510 0 1
505 491 0 1
505 492 0 1
505 493 0 1
505 494 0 1
505 495 0 1
505 496 0 1
505 497 0 1
505 498 0 1
505 499 0 1
505 500 0 1
505 501 0 1
505 502 0 1
505 503 0 1
505 504 0 1
505 505 0 1
505 506 0 1
505 507 0 1
505 508 0 1
505 509 0 1
505 510 0 1
506 491 0 1
506 492 0 1
506 493 0 1
506 494 0 1
506 495 0 1
506 496 0 1
506 497 0 1
506 498 0 1
506 499 0 1
506 500 0 1
506 501 0 1
506 502 0 1
506 503 0 1
506 504 0 1
506 505 0 1
506 506 0 1
506 507 0 1
506 508 0 1
506 509 0 1
506 510 0 1
507 491 0 1
507 492 0 1
507 493 0 1
507 494 0 1
507 495 0 1
507 496 0 1
507 497 0 1
507 498 0 1
507 499 0 1
507 500 0 1
507 501 0 1
507 502 0 1
507 503 0 1
507 504 0 1
507 505 0 1
507 506 0 1
507 507 0 1
507 508 0 1
507 509 0 1
507 510 0 1
508 491 0 1
508 492 0 1
508 493 0 1
508 494 0 1
508 495 0 1
508 496 0 1
508 497 0 1
508 498 0 1
508 499 0 1
508 500 0 1
508 501 0 1
508 502 0 1
508 503 0 1
508 504 0 1
508 505 0 1
508 506 0 1
508 507 0 1
508 508 0 1
508 509 0 1
508 510 0 1
509 491 0 1
509 492 0 1
509 493 0 1
509 494 0 1
509 495 0 1
509 496 0 1
509 497 0 1
509 498 0 1
509 499 0 1
509 500 0 1
509 501 0 1
509 502 0 1
509 503 0 1
509 504 0 1
509 505 0 1
509 506 0 1
509 507 0 1
509 508 0 1
509 509 0 1
509 510 0 1
510 491 0 1
510 492 0 1
510 493 0 1
510 494 0 1
510 495 0 1
510 496 0 1
510 497 0 1
510 498 0 1
510 499 0 1
510 500 0 1
510 501 0 1
510 502 0 1
510 503 0 1
510 504 0 1
510 505 0 1
510 506 0 1
510 507 0 1
510 508 0 1
510 509 0 1
510 510 0 1
