0.557278840007942 0.725579777636587
0.428663628104191 0.269184100991139
0.0140575318878611 0.00523612137227805
0.448086943123542 0.309690137479437
0.551580499782647 0.689057332303501
0.000332557093797626 0.00125253021705205
0.708786507441738 0.749822682596726
0.280829833478265 0.245343555767052
0.0103836590799951 0.00483376163621719
0.571987538417431 0.382165973076661
0.427180655385826 0.610451507142091
0.000831806196747276 0.00738251978125685
0.49380743165329 0.318746647158973
0.496793956284027 0.672585290746889
0.00939861206267966 0.00866806209414949
0.338199004781125 0.302851938987031
0.660646467756808 0.684384019105992
0.00115452746206443 0.012764041906994
0.617620733076464 0.572738892011827
0.382015915394879 0.42550096497024
0.000363351528668676 0.00176014301794008
0.434281604238359 0.475257717258898
0.564325365223848 0.519828289059305
0.00139303053780123 0.004913993681805
0.775699606292087 0.788509571985628
0.215812120963761 0.20911778109156
0.00848827274415483 0.00237264692281186
0.725732115093921 0.745787575495294
0.262709369107534 0.242579770935995
0.0115585157985585 0.0116326535687181
0.406669220335237 0.383172475190572
0.58951865520817 0.60975018206926
0.00381212445658278 0.0070773427401767
0.477971001438339 0.492704355998526
0.519390839609869 0.50515866944384
0.00263815895177749 0.00213697455764089
0.540350018636032 0.518088486151428
0.45524804117268 0.477035923450629
0.00440194019129469 0.00487559039794405
0.647864799956548 0.565531743234147
0.347715924226262 0.432254507087181
0.00441927581719669 0.00221374967866472
0.526319000216634 0.490591760348763
0.472888810741153 0.507353523995693
0.000792189042210781 0.00205471565553878
0.586839481322386 0.6255713141947
0.397588467935783 0.366264104536247
0.0155720507418314 0.00816458126905312
0.423327682720163 0.437462895535362
0.5719420047421 0.555168442394403
0.00473031253773213 0.00736866207023795
0.418283382880737 0.3345292349347
0.57343278691839 0.658870678729114
0.00828383020086698 0.00660008633618564
0.518845627765927 0.504068177634853
0.46956941749041 0.492144875876415
0.0115849547436569 0.0037869464887342
0.634495496739078 0.586313406902608
0.360047574821943 0.410553839194432
0.00545692843897991 0.00313275390295105
0.322845478307977 0.349532348206424
0.6747136122512 0.649076056784904
0.00244090944082326 0.00139159500867817
0.410627099441802 0.524326337880153
0.588915458011923 0.47565529583092
0.000457442546263452 1.83662889285869e-05
0.618666318747501 0.566234781824732
0.380229955523754 0.42175500071977
0.00110372572874739 0.0120102174555028
0.292780239403322 0.416831593411582
0.700093966007827 0.581029371955711
0.00712579458885479 0.00213903463270592
0.509419993784778 0.55222366060015
0.488480884673096 0.444717072234089
0.00209912154211739 0.00305926716574797
0.358173513873333 0.341836639855294
0.63800095541205 0.653031509954702
0.00382553071463368 0.00513185019000772
0.593967641894141 0.481253316765176
0.404110000497951 0.515992727103864
0.00192235760791897 0.0027539561309615
0.486889048632676 0.447174662945697
0.511201299160903 0.549642240984265
0.00190965220642687 0.00318309607004959
0.511128308963574 0.605959774436314
0.453272694235863 0.39037200776416
0.0355989968005694 0.00366821779952723
0.48136112640526 0.43557535556846
0.518303641618747 0.556620442011722
0.000335231975987121 0.00780420241981263
0.32625186333346 0.372116669285693
0.664968335984427 0.625108613560712
0.00877980068212446 0.00277471715359894
0.487202330771069 0.359984927374462
0.508872525837092 0.639174576886504
0.00392514339184155 0.000840495739014269
0.575707076123238 0.630519882820909
0.41834563239775 0.345844255800096
0.00594729147901187 0.0236358613790056
0.521791989036107 0.556064232200807
0.465442646880773 0.442418411973737
0.0127653640831157 0.00151735582546055
0.353805834809748 0.345150807238503
0.635129089111431 0.649805099706381
0.0110650760788332 0.00504409305511554
0.630183146274206 0.630023334790053
0.369689315053369 0.367803381631441
0.000127538672409842 0.00217328357850311
0.750488543619892 0.84571580994191
0.249047334034069 0.153076969629712
0.000464122346041203 0.00120722042836541
0.499295062518133 0.517034328605749
0.485091049016508 0.474089390139738
0.0156138884653422 0.00887628125450941
0.328615162692559 0.515300257005204
0.658771037230973 0.483852893842012
0.0126138000764596 0.000846849152793094
0.39000239162101 0.48646679000349
0.608755299242038 0.506093785892064
0.00124230913694712 0.00743942410443842
0.62354919977646 0.672841726083915
0.375965801378298 0.319962291690812
0.00048499884523578 0.00719598222526496
0.620647654745144 0.580157234444527
0.37407927513317 0.419797469635604
0.00527307012168045 4.52959198779587e-05
0.443758473867943 0.552722650919336
0.555514743758507 0.445831656436192
0.000726782373561784 0.00144569264448546
0.421616938514546 0.463297177357048
0.56969045703056 0.53334782170447
0.00869260445489919 0.00335500093848037
0.584311861175377 0.576098151445039
0.414555969745571 0.406754770534042
0.00113216907904289 0.0171470780209115
0.589086762810776 0.648411696638232
0.410730989463672 0.350259593257812
0.000182247725564922 0.00132871010395542
0.581524817268486 0.602637178287068
0.412777534906432 0.392294788659421
0.00569764782507104 0.00506803305350836
0.43236232816497 0.451832181410911
0.552963390205759 0.533486711779233
0.0146742816292845 0.0146811068098481
0.430047676640089 0.281234514892018
0.56964010584956 0.715152081309033
0.000312217510341112 0.00361340379895957
0.46756278695653 0.534709230684257
0.528442945657669 0.464280700509216
0.00399426738581753 0.00101006880653861
0.420503013095526 0.329242784649218
0.576320719910442 0.667039980606998
0.00317626699402734 0.00371723474378479
0.432483321421518 0.559006833288419
0.567065786369868 0.435703546674971
0.000450892208617988 0.00528962003662543
0.627498708145353 0.432701952988413
0.371474696080605 0.562533395432239
0.00102659577406008 0.00476465157934847
0.373017493823455 0.451167123373424
0.626929063107937 0.537050458509152
5.34430685952224e-05 0.0117824181174336
0.58323200422616 0.605914901268477
0.40953724466143 0.394066364797288
0.00723075111239613 1.87339342401662e-05
0.561136756651194 0.634828152202613
0.435273234045896 0.354887532809863
0.00359000930290524 0.0102843149875244
0.439580704663362 0.326288723009078
0.557842208901219 0.673078420039942
0.00257708643540888 0.000632856950961838
0.718617133495917 0.657147391993238
0.280724161033397 0.336160034056773
0.000658705470687696 0.00669257394999993
0.637989273870502 0.769476537672515
0.358287248302594 0.220153283547983
0.00372347782690997 0.0103701787795043
0.529316286925567 0.528992391513029
0.468740726015839 0.462368760465479
0.00194298705858505 0.00863884802150405
0.589520289877058 0.572592237361051
0.403717593998857 0.415334311008674
0.00676211612408568 0.0120734516302724
0.427315926303363 0.582060200501757
0.5687944629899 0.40566621266521
0.00388961070672966 0.0122735868330377
0.615539545937977 0.741085973252485
0.380212089334553 0.254927917556452
0.00424836472746394 0.00398610919105767
0.397747142741314 0.414080070247013
0.600198899748833 0.577980986776948
0.00205395750983777 0.00793894297603348
0.400090454145887 0.498212912303298
0.589705123471773 0.496120738134736
0.0102044223823475 0.00566634956196614
0.460584019410988 0.42094551967987
0.524293587030269 0.575665575744434
0.0151223935587468 0.00338890457570739
0.377455935505258 0.428769021949962
0.61584758844698 0.571206625130729
0.00669647604775544 2.43529193113209e-05
0.420107749362712 0.536145224654486
0.5768351899012 0.453501241938051
0.0030570607360954 0.0103535334074778
0.583062446198695 0.602590382598119
0.415797275920095 0.385740402005035
0.00114027788122064 0.0116692153968524
0.639373065203995 0.692831920708387
0.359323672129246 0.300305374560368
0.00130326266674897 0.0068627047312371
0.409786751601644 0.295346850161538
0.583819707220754 0.702352207227351
0.00639354117760498 0.00230094261111624
0.547964657309267 0.552769696323009
0.449556339307988 0.43594008381046
0.00247900338273438 0.0112902198665505
0.528792909055042 0.599463245923801
0.469360081003022 0.398357333397411
0.00184700994192654 0.00217942067878373
0.39975400687012 0.268099807756302
0.596998873962194 0.729385985521493
0.00324711916770015 0.00251420672221127
0.508104491867829 0.531809789965963
0.489130311012101 0.460241674259123
0.00276519712006913 0.00794853577490721
0.549117287436857 0.764243641346172
0.449500806064785 0.227119814434045
0.0013819064983571 0.00863654421979903
0.6303117878483 0.6132036101755
0.365264448412479 0.377265087374023
0.00442376373923491 0.00953130245048484
0.426111008871921 0.508914548548337
0.57128727633636 0.487976604509395
0.00260171479173012 0.00310884694226353
0.455237660409223 0.399409164163671
0.526884958051499 0.599113226049167
0.0178773815392713 0.00147760978716136
0.455591764999595 0.651367520618223
0.538227757397583 0.346023110770664
0.0061804776028147 0.00260936861112102
0.391108786670861 0.294434245219683
0.607106344863556 0.693105113683333
0.0017848684655754 0.0124606410969837
0.546816967894599 0.464372316348162
0.451728255880839 0.534617952663496
0.00145477622455546 0.00100973098833793
0.831565076311712 0.860784882134908
0.1634083748188 0.135373625293863
0.00502654886948461 0.00384149257122968
0.431050354755619 0.479815485422436
0.566763193860067 0.508768034144321
0.00218645138431933 0.0114164804332473
0.573486299793498 0.600158040802117
0.4229634202963 0.398500644463752
0.00355027991020348 0.00134131473412367
0.409461641809969 0.471003442124465
0.564888817093333 0.527095165636851
0.0256495410966999 0.0019013922386979
0.646701079026055 0.620690690611187
0.35041614150134 0.373471784175043
0.00288277947261747 0.00583752521376198
0.58698602434367 0.650070996406216
0.41141571122029 0.342268044719296
0.00159826443604016 0.00766095887448632
0.543486614460237 0.637700845883554
0.436532948254863 0.359269155949794
0.0199804372848984 0.00302999816665723
0.490504530206167 0.378647455448008
0.501965959302196 0.620657625770051
0.00752951049164537 0.000694918781927176
0.317568895444275 0.465646474577094
0.681761100402698 0.530640511530692
0.000670004153023138 0.00371301389221757
0.505927827810297 0.379831041329264
0.493653811516026 0.613698406325441
0.000418360673680324 0.00647055234530062
0.51661813701604 0.505481606914656
0.482405874239286 0.493396095014243
0.000975988744682301 0.0011222980711133
0.560954807069309 0.674856373521152
0.439042076179553 0.321549059523193
3.11675113538975e-06 0.0035945669556603
0.618815396061973 0.71827208525532
0.378513620234516 0.276381633916713
0.00267098370350465 0.00534628082795457
0.663728946812894 0.777291562950305
0.331549608681484 0.222230560265984
0.0047214445056345 0.000477876783708637
0.463675142759067 0.539432803854211
0.53539159693878 0.45700192548126
0.00093326030215913 0.00356527066453098
0.61497006964947 0.707275744103993
0.383671706922028 0.290407133914918
0.00135822342851546 0.00231712198108318
0.453510183726015 0.61344522769491
0.544037679907657 0.38149470749541
0.00245213636632951 0.00506006480968457
0.590256924491027 0.661881023536424
0.401785557151959 0.336412232541854
0.00795751835702445 0.00170674392170903
0.491551793374924 0.522242563455735
0.504062651720932 0.476092786441598
0.00438555490413916 0.00166465010266026
0.64273952968755 0.61060570884182
0.355679682042135 0.380702030782554
0.00158078827032316 0.00869226037562922
0.433954422445559 0.352823284195103
0.563544609231015 0.644983575105983
0.00250096832343027 0.00219314069890509
0.465574047702845 0.375829187165271
0.53110609908617 0.612110834538996
0.00331985321098975 0.0120599782957361
0.588940474020363 0.593450536307287
0.4083387031798 0.406380506687946
0.00272082279985008 0.00016895700475374
0.500280845105734 0.69053166329872
0.499481884391737 0.290552654658831
0.000237270502540861 0.0189156820424436
0.374348734938829 0.440003992390624
0.624040357033821 0.544333382559103
0.00161090802735917 0.0156626250502735
0.421896533863218 0.476397370548914
0.576325482663492 0.52068108016715
0.00177798347328959 0.00292154928393358
0.482569852778169 0.624488432807211
0.507607910081578 0.367417396354507
0.00982223714024432 0.00809417083827108
0.348634886841808 0.487669333940739
0.639863943642538 0.510335676737824
0.0115011695156449 0.00199498932144947
0.473630956374492 0.390961227902886
0.522768786466315 0.608971890501436
0.00360025715919724 6.68815956906191e-05
0.489132581348708 0.511121082024606
0.493188061625859 0.487355785618817
0.0176793570254392 0.00152313235657024
0.490012652336403 0.335845692808733
0.509627964670712 0.662766949713854
0.000359382992889572 0.0013873574774019
0.478795377341971 0.352702075430045
0.516641829884762 0.642131664860199
0.00456279277325767 0.00516625970974874
0.700017266745362 0.727039276660624
0.297187983311516 0.261765720070848
0.00279474994312531 0.0111950032685222
0.667401645649919 0.731563701696292
0.330489551253414 0.266643053725061
0.00210880309666916 0.00179324457865089
0.478629199214069 0.624686921447733
0.518613485124758 0.374958385206928
0.00275731566118113 0.00035469334533556
0.585856017262473 0.63481741812858
0.402265388939139 0.341432606374477
0.0118785937983816 0.0237499754969462
0.39133520941653 0.324936490945161
0.604858147621841 0.674022909375543
0.00380664296161001 0.00104059967929573
0.484489012910348 0.428076865029539
0.513560167111521 0.562898468456341
0.00195081997811908 0.00902466651412309
0.562768045510366 0.669587049147697
0.432755553989502 0.32252320561105
0.00447640050014554 0.0078897452412574
0.365983281302194 0.343776359149956
0.63076305364206 0.656126619973364
0.00325366505573354 9.70208766725437e-05
0.470206263696071 0.458991481266769
0.521874198537773 0.53348062002094
0.00791953776615511 0.00752789871228636
0.414437454371885 0.239024617567083
0.575371296214254 0.747309815057289
0.0101912494138647 0.0136655673756352
0.356482451458102 0.255269340930274
0.626982558548334 0.737437381900869
0.0165349899935537 0.00729327716886458
0.469678451921997 0.666700738882017
0.5205121295723 0.312966748907279
0.00980941850569007 0.0203325122106984
0.492038603932993 0.373540834752456
0.505498987931744 0.619718660857088
0.00246240813526577 0.00674050439044568
0.494570136424954 0.514992790477488
0.499485509405422 0.474580481611118
0.00594435416961877 0.0104267279113921
0.472682467704393 0.506712480982974
0.52490203207799 0.484888007757335
0.00241550021760401 0.00839951125968044
0.405496393337824 0.388540762124029
0.592982830692448 0.609913133277758
0.00152077596973303 0.00154610459820563
0.461561827349541 0.491485444783165
0.521982954820504 0.503545990514449
0.0164552178299444 0.00496856470240029
0.433494995017766 0.525277145993182
0.566033503502524 0.472032834270165
0.00047150147970948 0.00269001973666526
0.477915974070925 0.283301678337204
0.517695329251112 0.7153800847348
0.0043886966779669 0.00131823692800339
0.304701019996488 0.366919985097013
0.685706133280022 0.629336556255563
0.00959284672348223 0.00374345864743416
0.346755135186268 0.388018985488371
0.635417899469573 0.611862915365518
0.017826965344168 0.000118099146121255
0.456356478898097 0.52830902035116
0.53980432044604 0.471453104644526
0.0038392006558636 0.000237875004317323
0.381804500339285 0.223581068105043
0.604885817870058 0.775499372853338
0.0133096817906663 0.000919559041623106
0.551851076895446 0.656009181637683
0.446721366104513 0.327167579876253
0.00142755700003913 0.0168232384860634
0.332279524929256 0.351821737619622
0.66662309944074 0.635140124924416
0.00109737563000825 0.013038137455966
0.472518868803833 0.462422881974438
0.526122549946929 0.535801664714317
0.00135858124924263 0.00177545331123153
0.411496295339833 0.353338925262788
0.587268741359894 0.63772517918983
0.00123496330026194 0.0089358955473831
0.439845395787641 0.297214601317193
0.543329834500465 0.692413602974394
0.0168247697119064 0.0103717957084248
0.589332240835616 0.560261636177355
0.400516194018258 0.438655078946737
0.0101515651461399 0.00108328487591801
0.609686187554374 0.529064126081721
0.388835734598933 0.460336578515906
0.00147807784669094 0.0105992954023731
0.478879998419888 0.47443050071973
0.506090464138328 0.515902925233092
0.0150295374417707 0.00966657404718246
0.397040483429538 0.379105468978628
0.60108906075806 0.619384699807665
0.00187045581239476 0.0015098312137052
0.472038200196549 0.341421202899489
0.524212029528715 0.65615372803921
0.00374977027473421 0.00242506906129859
0.57450991631174 0.625950277480615
0.424344006684082 0.373751863343904
0.00114607700417854 0.000297859175478532
0.364507216965388 0.509044694099661
0.631458270943935 0.48573243525027
0.00403451209068306 0.00522287065006245
0.407603045345359 0.682955770043413
0.588601708540454 0.315115726824104
0.00379524611418537 0.00192850313247399
0.497020937896029 0.429506546352931
0.499650093431513 0.57031006187475
0.00332896867244631 0.000183391772320202
0.678148765118121 0.482527960008331
0.308911016754843 0.515319766346409
0.0129402181270375 0.00215227364525077
0.447022522670295 0.18767849637884
0.549348684437632 0.810128171509405
0.00362879289207229 0.00219333211174955
0.590607547780065 0.562218934708146
0.405801065281422 0.431672155223789
0.00359138693851145 0.00610891006806113
0.609328206258098 0.647731895701612
0.388780753005794 0.343852599796909
0.0018910407361159 0.00841550450147642
0.468077860696549 0.590127056827938
0.530679750499373 0.409397314390963
0.00124238880408054 0.000475628781098413
0.463245870802832 0.454430775778572
0.536589212940836 0.542970982748118
0.000164916256344698 0.00259824147330612
0.602448302506488 0.463316197362038
0.393558279260782 0.5306960834647
0.00399341823274436 0.00598771917326522
0.401648936813274 0.379472931010729
0.595557358711464 0.618781023393057
0.00279370447525576 0.00174604559622599
0.618636952889798 0.535591301237202
0.379814801184296 0.462714962521719
0.00154824592591536 0.00169373624108598
0.577085956471368 0.610304489365661
0.41906235190824 0.386137761071513
0.00385169162038667 0.0035577495628214
0.669058848766316 0.752854910363791
0.33060533403613 0.2445162124282
0.000335817197562259 0.00262887720802411
0.562263306385843 0.521950862848659
0.436888372734549 0.476024373989201
0.000848320879597408 0.0020247631621399
0.584652358513669 0.492751620026301
0.395602686607084 0.504473191584737
0.0197449548792395 0.00277518838895619
0.587555125894138 0.674281512946818
0.399326072886896 0.323883871716894
0.0131188012189707 0.00183461533630395
0.617058815014727 0.662748873754295
0.377509013813413 0.335905377925913
0.00543217117186858 0.0013457483198026
0.402385567836728 0.543425657512845
0.597093654102354 0.450575711509657
0.000520778060926375 0.00599863097748922
0.493315490668565 0.409981776254081
0.505463390991753 0.587791848451717
0.00122111833967506 0.00222637529421399
0.650810818229774 0.836708777682818
0.340483180022267 0.16210029562255
0.00870600174795587 0.0011909266946275
0.611027053302778 0.678453441545157
0.382111534593326 0.315184627553032
0.00686141210389752 0.00636193090182331
0.546178675079774 0.44608518573233
0.448802637276686 0.54696183445826
0.00501868764353389 0.00695297980940879
0.587133377409672 0.352002602390738
0.410784062387865 0.647102705656041
0.00208256020245256 0.000894691953213759
0.398465342301544 0.302001904163718
0.600120505825612 0.691775321833749
0.00141415187284009 0.00622277400253237
0.517678016675237 0.581510487349602
0.479310840538048 0.41683060539413
0.00301114278671152 0.00165890725625887
0.324988379434467 0.477799546840742
0.67161334564901 0.521486687509069
0.00339827491651925 0.000713765650194255
0.604322919816188 0.706789890845397
0.394179296830338 0.289422413130323
0.00149778335346287 0.00378769602429119
0.681789638401015 0.616197798219958
0.311783422443319 0.382974538198862
0.00642693915567317 0.000827663581175356
0.334316882303988 0.416421789175315
0.659785833056916 0.575681902715931
0.00589728463908841 0.00789630810874798
0.409941513558824 0.341987196851475
0.588318371320084 0.642918678660063
0.00174011512110315 0.0150941244884707
0.413846426688699 0.356934829220221
0.569855382589493 0.626745412082426
0.0162981907217983 0.0163197586973495
0.479656268251929 0.207315348195945
0.515375550189447 0.791552716246051
0.00496818155861911 0.00113193555800894
0.572274198327237 0.659160660832995
0.419450135775666 0.34008826894936
0.00827566589709678 0.000751070217633256
0.672666999237335 0.857559262556685
0.324897666621211 0.140273749716304
0.00243533414144275 0.00216698772701569
0.612391193975274 0.501783904183938
0.386212289404744 0.493862408824402
0.00139651661996624 0.00435368699164861
0.50813600871743 0.601726646722963
0.487547408295729 0.392150036689826
0.00431658298682968 0.00612331658722153
0.5128449192311 0.781292798803645
0.483575267400776 0.217341897648424
0.00357981336813274 0.001365303547921
0.383539905415769 0.601630985421946
0.616445115932561 0.391842983440023
1.49786516655003e-05 0.00652603113803358
0.561027021571944 0.561924753894163
0.437051942392048 0.432033033320915
0.00192103603599914 0.00604221278493437
0.328939357701384 0.42919349337194
0.66389840324966 0.570605385796442
0.0071622390489692 0.000201120831627192
0.580051107648343 0.75543457051966
0.408956032614128 0.240167551260858
0.0109928597375202 0.00439787821948464
0.558728952465117 0.57530528675987
0.440279264155204 0.421670317044328
0.000991783379681978 0.00302439619581473
0.629003943854115 0.615004271330066
0.37052296587351 0.379924750668886
0.000473090272378726 0.00507097800104405
0.48255734011963 0.452275951711685
0.504274870472798 0.547639543033317
0.0131677894075656 8.45052549903821e-05
0.421908712477034 0.215137054111303
0.572006137360871 0.774681442776493
0.00608515016208946 0.0101815031122019
0.504001097882792 0.540117004412995
0.493772204261911 0.456181186851798
0.002226697855306 0.0037018087351931
0.576563382059317 0.473607256620444
0.423314385559076 0.51739850515105
0.000122232381608462 0.00899423822850374
0.468745360250792 0.419115425699255
0.529079402301533 0.578943437226896
0.00217523744768221 0.00194113707384913
0.43007440811929 0.607811866512023
0.568380030073459 0.388315641868951
0.00154556180724612 0.00387249161901515
0.476064585776029 0.552168317860877
0.516520582898408 0.445954556036953
0.00741483132557025 0.00187712610216704
0.529857619041918 0.471716198138839
0.469260135469938 0.527751673621838
0.000882245488152865 0.000532128239310206
-999 -999
-999 -999
-999 -999
-999 -999
-999 -999
-999 -999
