0.451708210541549 0.813516575712383
0.296530635601139 0.179689063792833
0.251761153857312 0.00679436049478459
0.465329944442923 0.858553808369232
0.277826896057348 0.134159977997916
0.256843159499728 0.00728621363285232
0.423191946429296 0.724686201153341
0.31485275543679 0.270789633329442
0.261955298133914 0.00452416551721544
0.423988405554629 0.728686602657268
0.329273918327438 0.267376475320604
0.246737676117933 0.00393692202212836
0.436706555360831 0.787890756279686
0.317206245310899 0.207177371915537
0.24608719932827 0.00493187180477737
0.442054525486612 0.761753364700339
0.296703778016339 0.233519928990202
0.261241696497049 0.00472670630945898
0.411612406056657 0.696653140912187
0.323639462865716 0.299789763483668
0.264748131077628 0.00355709560414524
0.420702847220999 0.740538127375972
0.318391166395259 0.255439035274939
0.260905986383741 0.00402283734908921
0.420688884783497 0.647406080463911
0.343268467677885 0.349105445568273
0.236042647538617 0.00348847396781559
0.436574433247294 0.707293162151303
0.310145532332494 0.289056898130059
0.253280034420212 0.0036499397186379
0.441542408191724 0.713524253099283
0.312855544170922 0.282441312335401
0.245602047637353 0.00403443456531667
0.423281635543311 0.682703363152236
0.329509895002012 0.314209984604232
0.247208469454677 0.00308665224353136
0.418781777023957 0.719571692358478
0.32804838357855 0.276544929957132
0.253169839397494 0.00388337768438941
0.404964948488493 0.708341684612552
0.329348392201359 0.288303577287985
0.265686659310147 0.00335473809946329
0.449442438747831 0.820461689839783
0.310498705232439 0.174636737247106
0.240058856019731 0.00490157291311132
0.427962926788143 0.727852003308861
0.318916954854114 0.269014763571035
0.253120118357743 0.00313323312010484
0.442721134739241 0.754514785880569
0.31074347051451 0.240100888652728
0.246535394746248 0.00538432546670304
0.407524681262396 0.629287104649767
0.34262187536847 0.368179996177167
0.249853443369134 0.00253289917306554
0.428745919762505 0.738236732815019
0.304657093686868 0.257725111776031
0.266596986550628 0.0040381554089507
0.418387531562411 0.690483191418214
0.325032129702096 0.306518463340119
0.256580338735494 0.00299834524166685
0.446295362060832 0.797119996725415
0.303475356714798 0.198092135272946
0.250229281224371 0.00478786800163826
0.430813325261158 0.756173764356031
0.307066035989619 0.239584769856929
0.262120638749223 0.00424146578703884
0.436347030409312 0.785667324385528
0.310391440858598 0.207696094999294
0.253261528732092 0.00663658061517841
0.425462724012491 0.787766019238137
0.30804003521663 0.207436183783966
0.266497240770879 0.0047977969778954
0.442627207053847 0.790344049228413
0.292215313585583 0.203903814297389
0.265157479360571 0.00575213647419953
0.442764055405455 0.746905783687727
0.299950056667181 0.249125017892972
0.257285887927363 0.00396919841930139
0.40364034601042 0.636882713601007
0.338254093064838 0.359605635672766
0.258105560924742 0.00351165072622658
0.447049728981405 0.799664600995079
0.29580415530238 0.191825895956363
0.257146115716215 0.00850950304855779
0.443823750842725 0.774729509094567
0.307039450548629 0.21960655360809
0.249136798608646 0.00566393729734323
0.453904276974035 0.771372900607889
0.303546640655877 0.223467490305287
0.242549082370088 0.00515960908682493
0.452169894751271 0.827884859318943
0.286645275781852 0.166016763018635
0.261184829466876 0.00609837766242236
0.411263385253066 0.68214809622318
0.342137004816187 0.313140377024586
0.246599609930746 0.00471152675223454
0.416199000035211 0.751542724827469
0.318424759652896 0.242349630729946
0.265376240311893 0.00610764444258492
0.457773408333973 0.787648277899614
0.29192845588945 0.204116089297201
0.250298135776577 0.00823563280318554
0.435195320012056 0.744548296191289
0.31286534258694 0.250844755409524
0.251939337401003 0.00460694839918766
0.448759936778519 0.800707372454187
0.303666429665041 0.192720902942391
0.24757363355644 0.00657172460342132
0.416337052114122 0.738613807981877
0.323994471143234 0.256401626316527
0.259668476742644 0.0049845657015969
0.462494043013093 0.864336340929954
0.279641608854552 0.126138107603884
0.257864348132355 0.00952555146616162
0.414065939530803 0.706368343592155
0.327582131667226 0.289243555541369
0.258351928801972 0.00438810086647608
0.447552849513567 0.811304179504703
0.299215128054245 0.183303544829195
0.253232022432188 0.00539227566610284
0.441153139391836 0.812698098110396
0.298659212464909 0.180632924763706
0.260187648143254 0.00666897712589801
0.399617404370187 0.675493687416301
0.332307716881052 0.321637453238988
0.268074878748762 0.00286885934471107
0.465049219933693 0.863097116749213
0.286737519462913 0.125352744044665
0.248213260603394 0.0115501392061218
0.406151245094123 0.670324581934418
0.330513635562291 0.326124287517217
0.263335119343586 0.00355113054836498
0.432339612057845 0.752812819965841
0.320475026817119 0.242957624130415
0.247185361125036 0.00422955590374381
0.41538110748663 0.663528534276221
0.335142543844303 0.333352849199311
0.249476348669067 0.00311861652446839
0.407533703060735 0.699514157824508
0.336786185842546 0.296342189237579
0.255680111096719 0.00414365293791341
0.420051725880849 0.664880257769959
0.319273423357043 0.331817255508017
0.260674850762109 0.00330248672202458
0.444609025619492 0.785262610464227
0.297693863421868 0.207388339737711
0.25769711095864 0.00734904979806413
0.424791239234709 0.707162242498311
0.331521897743921 0.28882002643074
0.24368686302137 0.00401773107094899
0.41356668835228 0.742995212054659
0.317623209451723 0.253245775071298
0.268810102195997 0.00375901287404163
0.416865469772196 0.690056648490246
0.339176490137509 0.305744185389492
0.243958040090294 0.00419916612026102
0.418210033340085 0.695615952047015
0.326190579189451 0.301628385265645
0.255599387470464 0.00275566268733964
0.438875715883128 0.748639520752539
0.305614765377549 0.246447577314083
0.255509518739323 0.00491290193337666
0.402741686571081 0.655315903598574
0.330819624016747 0.342006473047592
0.266438689412173 0.00267762335383465
0.466355971874695 0.86071230003696
0.287242689106171 0.131542427222674
0.246401339019134 0.00774527274036629
0.432054654077427 0.654553123580028
0.317903728665829 0.34264410762844
0.250041617256744 0.00280276879153163
0.428223505380088 0.752805554331932
0.317660199846129 0.243136011189749
0.254116294773784 0.00405843447831873
0.415945794456827 0.632966037867439
0.33758591377577 0.364381197151035
0.246468291767403 0.00265276498152574
0.446151775565071 0.801777283562815
0.302547833517963 0.19157199386307
0.251300390916966 0.00665072257411293
0.408286679568779 0.611625666501295
0.342236700000526 0.386233424438586
0.249476620430694 0.00214090906011804
0.388355577644982 0.602036488787489
0.35128102303052 0.39586568504869
0.260363399324499 0.00209782616382089
0.42126003746085 0.680962792578978
0.32544819663503 0.316068168576085
0.253291765904119 0.00296903884493738
0.418132857734898 0.671976067403047
0.334514973090712 0.323521651712962
0.24735216917439 0.00450228088399173
0.451541737974765 0.78698476512055
0.301947584154278 0.208386537362715
0.246510677870956 0.00462869751673478
0.448755692574187 0.827635385057943
0.294897327580263 0.165099675595172
0.25634697984555 0.00726493934688387
0.415951979611838 0.733536567126385
0.310366039329936 0.262643362671298
0.273681981058227 0.00382007020231659
0.417465584737072 0.695047389771971
0.321490648132801 0.301544373946491
0.261043767130127 0.00340823628153675
0.394636396213725 0.58270001712615
0.348047863208365 0.415118322527271
0.25731574057791 0.00218166034657862
0.425665799563314 0.713599606205863
0.323800379111694 0.282990010305796
0.250533821324992 0.00341038348834167
0.424395716199326 0.7431561697606
0.314906236387873 0.253182474066664
0.260698047412801 0.00366135617273633
0.427587178907511 0.756315933181975
0.317333541732515 0.238921351872985
0.255079279359975 0.00476271494503954
0.418279342765259 0.741052820954455
0.316214431133727 0.253574398888549
0.265506226101013 0.00537278015699636
0.439832665469131 0.793369491771077
0.305180108610205 0.200910431678779
0.254987225920665 0.00572007655014474
0.441430393483592 0.815845782090423
0.302141830458195 0.178551652586492
0.256427776058213 0.00560256532308409
0.448566833809465 0.795162576878633
0.279889441957194 0.199016094272425
0.271543724233341 0.00582132884894174
0.426583512577625 0.725126422867839
0.324769787901777 0.269464404666962
0.248646699520597 0.00540917246519928
0.401607017713543 0.648317334770704
0.339280296497714 0.348170974166314
0.259112685788743 0.00351169106298197
0.436275941826569 0.761213093593646
0.311156197340301 0.231089574892743
0.25256786083313 0.00769733151360997
0.443399817177293 0.789008430851321
0.303290663335831 0.206293407755855
0.253309519486876 0.00469816139282499
0.41896671876471 0.702203904659544
0.327353189656167 0.293523219665532
0.253680091579123 0.00427287567492413
0.453779645705788 0.784507836687319
0.300762301334414 0.210501981890673
0.245458052959798 0.00499018142200722
0.456668539381903 0.836854601911997
0.29053642786048 0.153572861100856
0.252795032757616 0.00957253698714824
0.444662821128526 0.782020848495032
0.303226925685659 0.211543789936679
0.252110253185816 0.00643536156828776
0.45414786801295 0.785122671806669
0.30070873884291 0.209699136405507
0.24514339314414 0.00517819178782494
0.434282361831771 0.812625143005974
0.312909119012152 0.181048316914663
0.252808519156077 0.00632654007936283
0.393151888276385 0.587639492058196
0.356184654360064 0.409873472415368
0.250663457363551 0.00248703552643569
0.441545029619694 0.821353673989885
0.301028008007926 0.170931083173241
0.257426962372382 0.00771524283687409
0.454378623445268 0.847191387927739
0.29511776208264 0.144704685925376
0.250503614472092 0.00810392614688441
0.405489868335935 0.614639485468172
0.34165608539909 0.382323119996163
0.252854046264976 0.00303739453566462
0.436755522104228 0.791188430108136
0.311418014180219 0.202785318909794
0.251826463715554 0.00602625098207119
0.431904809688734 0.77247882108714
0.318856298271531 0.219091269471105
0.249238892039735 0.00842990944175371
0.441038462030616 0.814163349399702
0.308431580139968 0.179897032377337
0.250529957829417 0.00593961822296133
0.440109438167408 0.763179643929473
0.304453661668353 0.23192108636265
0.25543690016424 0.00489926970787676
0.419486005694539 0.722625235796926
0.31793247196482 0.273621491957641
0.262581522340642 0.00375327224543355
0.424879285732039 0.722640566023234
0.31810765657832 0.273585310403096
0.257013057689641 0.00377412357367081
0.416212059908108 0.63593367236236
0.328220620866498 0.361963174816234
0.255567319225393 0.00210315282140478
0.452962955862083 0.741296990119654
0.297519249787979 0.253523824394655
0.249517794349938 0.00517918548569106
0.426375635895824 0.733388167739803
0.331556878280574 0.262133015466869
0.242067485823603 0.00447881679332967
0.421099762347432 0.729596766881632
0.326351180929796 0.265895901949829
0.252549056722772 0.00450733116853837
0.442313162771713 0.800246838792324
0.30400381475855 0.192572433906797
0.253683022469739 0.00718072730087954
0.398905018840652 0.699394638686755
0.337185929322148 0.295649443902073
0.263909051837199 0.00495591741117079
0.422107647641997 0.714996353369147
0.317517928182327 0.281889104948695
0.260374424175677 0.00311454168215926
0.43404020843907 0.7821787558566
0.315576205089263 0.212827335833721
0.250383586471667 0.00499390830967943
0.420514126544255 0.720113809960835
0.340711141983107 0.274595823346348
0.238774731472639 0.00529036669281709
0.415818224243706 0.698237443490302
0.330074842366502 0.297604375457692
0.254106933389792 0.0041581810520056
0.452609725983574 0.88738081295621
0.285674435982738 0.103057957019101
0.261715838033688 0.00956123002468697
0.43422746602106 0.787712843822854
0.300597755829226 0.207691169112701
0.265174778149714 0.00459598706444567
0.444482383975958 0.783618839889814
0.298038154007529 0.211042263650624
0.257479462016513 0.00533889645956372
0.464207472059324 0.860089658263499
0.271984827931065 0.130009203465558
0.263807700009611 0.00990113827094367
0.435711005992765 0.762627210151347
0.305778282347721 0.232636351882483
0.258510711659514 0.00473643796616942
0.442129337388971 0.762329585505061
0.317825290505897 0.23404645374246
0.240045372105132 0.00362396075248002
0.399231494234072 0.694225436483664
0.342626364326794 0.301715529070227
0.258142141439134 0.00405903444610917
0.434541624170543 0.742505081868335
0.317237799215305 0.252743873661055
0.248220576614151 0.00475104447061029
0.420318455413807 0.763773028151511
0.310549306948777 0.232029102028523
0.269132237637416 0.00419786981996501
0.432138157513935 0.743152391661989
0.31345116379924 0.251307103084676
0.254410678686827 0.00554050525333517
0.436292342097732 0.758439318979923
0.30907060768584 0.236260906512215
0.254637050216427 0.0052997745078626
0.451059874039693 0.822856305226872
0.296287799788256 0.168943672578527
0.25265232617205 0.00820002219460177
0.416850254360047 0.665055868426347
0.325034460320305 0.331218486028368
0.258115285319648 0.00372564554528544
0.415405951855987 0.739384299647361
0.327392250968801 0.257441850641092
0.257201797175212 0.00317384971154653
0.40925727104211 0.651059199896121
0.331060755515017 0.346338333126701
0.259681973442874 0.0026024669771781
0.440270725079548 0.805456283921045
0.30374879436647 0.187751327453027
0.255980480553982 0.00679238862592724
0.456334564345146 0.851170246169326
0.283716399837336 0.140852131977955
0.259949035817518 0.00797762185272036
0.449960207952056 0.815556173307381
0.301188054655794 0.17828165480545
0.248851737392151 0.00616217188716869
0.425189824071746 0.720268164557377
0.318162800989017 0.276143463976341
0.256647374939237 0.00358837146628102
0.407053575406216 0.663808687905795
0.331399093690322 0.332097798131928
0.261547330903463 0.0040935139622764
0.420181856857102 0.741279331669899
0.320941213623324 0.253662297927563
0.258876929519573 0.00505837040253741
0.414162226075828 0.672233164742505
0.33999535710722 0.324944236235851
0.245842416816954 0.00282259902164286
0.41227510866332 0.674851668804686
0.328870937763757 0.321504259567041
0.258853953572924 0.00364407162827407
0.424504025621571 0.733007037630267
0.313789933348814 0.263059409201868
0.261706041029615 0.00393355316786348
0.410418828750854 0.670434874983768
0.339368601007753 0.32701090337903
0.250212570241393 0.00255422163720202
0.415854393387936 0.699004428532924
0.323381893906251 0.296517160049007
0.260763712705814 0.00447841141807026
0.418497292580175 0.747660849538278
0.317676195466895 0.248752997677637
0.26382651195293 0.00358615278408346
0.413516626469014 0.663229550334593
0.33328756502947 0.334006273198335
0.253195808501516 0.00276417646707157
0.446457995109839 0.772009142275957
0.298776956927727 0.222149135765687
0.254765047962433 0.00584172195835678
0.438766282698582 0.836180278399464
0.305582541870304 0.156738319119164
0.255651175431114 0.00708140248137166
0.414687329303032 0.698243193096369
0.335283873882493 0.297929343665524
0.250028796814475 0.00382746323810788
0.448209827753895 0.823870154710272
0.296956258044743 0.168912254395733
0.254833914201361 0.00721759089399521
0.444174652430798 0.784653848613827
0.301521853556067 0.208420120092378
0.254303494013134 0.00692603129379692
0.43608173382643 0.772244977502876
0.304100317205338 0.222839235943646
0.259817948968231 0.00491578655347955
0.434276655279888 0.77473087468568
0.309437148069421 0.219694319279417
0.25628619665069 0.0055748060349044
0.44671097131972 0.790709134814546
0.294128195624535 0.202699742283941
0.259160833055744 0.00659112290151271
0.431209083846575 0.737197432017911
0.314340600809557 0.256720382107865
0.254450315343869 0.00608218587422427
0.430278490468563 0.777294210136449
0.307449022562274 0.216951238634307
0.262272486969163 0.0057545512292443
0.430968677465909 0.792988711671933
0.30323197437284 0.200511639113921
0.265799348161251 0.00649964921414778
0.399110846147339 0.60336615236302
0.343893540770294 0.394139456697671
0.256995613082367 0.00249439093930864
0.445264909072225 0.760968812265161
0.308310725795541 0.235099495209188
0.246424365132233 0.00393169252564963
0.425052076780138 0.743024401926393
0.300782315739192 0.251124902437405
0.274165607480671 0.00585069563620192
0.415242738711346 0.674862333757345
0.325047079449016 0.321765272690211
0.259710181839637 0.00337239355244494
0.450385009637148 0.794337770421512
0.294364759188903 0.199032274592145
0.255250231173949 0.00662995498634293
0.427067234899503 0.74419986934308
0.314671750090374 0.251698058350919
0.258261015010122 0.00410207230600097
0.406112856792259 0.688845770111549
0.328898397868525 0.306922368101058
0.264988745339216 0.00423186178739239
0.419466911466877 0.735061021425368
0.32401486696436 0.260741670178456
0.256518221568764 0.00419730839617595
0.447606088469755 0.792801016583887
0.287558740936925 0.20237981364778
0.264835170593319 0.00481916976833193
0.44639905725826 0.769595978796522
0.299035646008879 0.225152289913209
0.254565296732861 0.00525173129026872
0.428551460804389 0.76644897537048
0.308191305744861 0.228797775951569
0.26325723345075 0.0047532486779511
0.457576853651816 0.81707950543952
0.292688762840087 0.176002715449399
0.249734383508097 0.00691777911108162
0.424334880074367 0.694603191797775
0.326911989087782 0.300652558874696
0.248753130837852 0.0047442493275285
0.454791114808021 0.797649230463732
0.298383373685642 0.196089183806311
0.246825511506337 0.00626158572995755
0.439618178624605 0.81467218884561
0.306225780503534 0.179266281453359
0.254156040871861 0.00606152970103094
0.406511783141463 0.644590891498981
0.324318428404588 0.353085402337251
0.26916978845395 0.00232370616376873
0.441099234175884 0.762532013890791
0.298968535896341 0.232181068074599
0.259932229927775 0.00528691803460951
0.399841662423215 0.630107557529873
0.337519323303789 0.367660734120214
0.262639014272996 0.00223170834991342
0.441747528724154 0.768881643219095
0.299947124771045 0.226467260166818
0.258305346504802 0.00465109661408621
0.431287183437115 0.69067682954025
0.316168060738077 0.305496162295057
0.252544755824809 0.00382700816469341
0.424725205405832 0.717549155614797
0.323314310577619 0.277549611881959
0.251960484016549 0.00490123250324306
0.409918046553925 0.659746308009042
0.325669464140882 0.337601512519252
0.264412489305193 0.00265217947170686
0.442864060578132 0.809067419094
0.295340429665003 0.182743016239588
0.261795509756865 0.00818956466640989
0.420258719372002 0.684729379623704
0.325943958698484 0.312535228135925
0.253797321929515 0.00273539224036957
0.443220874586137 0.812237653798542
0.300605917120295 0.181438397227372
0.256173208293569 0.00632394897408545
0.43533983412501 0.821517241915008
0.299153076780099 0.167602688827401
0.26550708909489 0.0108800692575903
0.457087042785617 0.842809963022935
0.291633400673596 0.131157996772244
0.251279556540786 0.0260320402048212
0.44809110003756 0.832786813411814
0.28501588783599 0.161519265950703
0.266893012126449 0.00569392063748286
0.422632460972177 0.638111865620831
0.339780759473484 0.358582295713261
0.237586779554338 0.0033058386659071
0.417832107110427 0.699272795243249
0.338901775426842 0.295916834232866
0.243266117462731 0.00481037052388619
0.445624332549655 0.763085079874196
0.307227802577266 0.232464443659388
0.247147864873079 0.00445047646641625
0.435253051711163 0.744379869145799
0.311136376764312 0.251476299176736
0.253610571524524 0.00414383167746575
0.459325068031662 0.785995746413059
0.297590569180256 0.208046338892247
0.243084362788081 0.0059579146946934
0.416145230305117 0.690749782941815
0.326933627671085 0.306524770271794
0.256921142023799 0.00272544678639156
0.431404651885533 0.749487183057434
0.307414372973472 0.245194406291851
0.261180975140994 0.00531841065071446
0.445511150022728 0.8545550336886
0.294753092965139 0.136497779994979
0.259735757012133 0.00894718631642119
0.425028115502714 0.665360609445686
0.32882272467434 0.331908155629352
0.246149159822946 0.00273123492496308
0.431563133666383 0.695532152262556
0.315777728925559 0.300978043293903
0.252659137408058 0.00348980444354136
0.430004749804824 0.748994372210864
0.310711512544331 0.246576774602347
0.259283737650844 0.00442885318678855
0.429114999887181 0.770939636922424
0.31419696878637 0.224541310243206
0.256688031326448 0.00451905283437061
0.411001831374559 0.727775217903948
0.334463043477988 0.268353948159043
0.254535125147454 0.0038708339370096
0.404655072089624 0.669346425431795
0.338574994495396 0.326638052291002
0.256769933414981 0.00401552227720314
0.421969823461809 0.658726299207232
0.320395135095363 0.338358151828114
0.257635041442827 0.00291554896465557
0.450657498028728 0.840598135360149
0.294484908345579 0.151498624868842
0.254857593625692 0.00790323977100693
0.418324663105614 0.683375516945824
0.321797569558455 0.313803056805363
0.25987776733593 0.0028214262488134
0.412853361815821 0.638256261225124
0.329656874012342 0.358769821087621
0.257489764171837 0.00297391768725525
0.401648284226759 0.64999634544469
0.339363022838152 0.346951466093598
0.258988692935088 0.00305218846171194
0.418674932537438 0.65668175033978
0.328749036930729 0.339994491067448
0.252576030531833 0.00332375859277165
0.418078420668733 0.689741914957066
0.329299865420722 0.307323952402952
0.252621713910545 0.00293413263998161
0.457332179340948 0.806306373668721
0.285468276438502 0.185543742782526
0.25719954422055 0.00814988354875209
0.437474320245637 0.797113700296466
0.312640416789007 0.197242569052999
0.249885262965356 0.00564373065053592
0.449095404849266 0.813701147914833
0.284712851998559 0.177261063872316
0.266191743152176 0.00903778821285205
0.429676206309048 0.78662394642067
0.307447659010186 0.207314825563031
0.262876134680766 0.00606122801629876
0.417084114391537 0.669486128000349
0.323618596916732 0.327050709980585
0.259297288691729 0.00346316201906677
0.435427061204441 0.795885238353329
0.304808002841394 0.196791243469985
0.259764935954163 0.00732351817668603
-999 -999
-999 -999
-999 -999
-999 -999
-999 -999
-999 -999
