43
32
31
26
26
34
30
25
27
27
30
28
30
24
29
24
25
27
24
19
20
25
20
13
16
17
19
20
16
19
12
10
17
17
11
11
9
10
16
11
15
16
12
8
7
9
8
11
11
8
10
14
14
11
16
11
12
10
14
16
14
12
10
13
17
11
15
11
16
16
16
10
10
9
13
13
14
9
13
12
11
14
10
11
13
18
14
13
12
12
16
11
14
13
8
8
8
9
8
9
10
7
7
9
11
10
9
10
10
13
10
10
9
9
8
8
10
10
9
11
10
11
14
12
15
8
9
10
9
13
10
12
10
11
11
13
12
10
12
13
14
13
10
12
10
9
10
13
13
13
14
11
11
12
14
14
9
10
17
15
15
21
16
18
14
12
12
13
11
14
13
11
19
12
11
12
16
13
15
13
14
14
15
17
18
18
13
14
12
13
12
14
16
11
16
14
17
19
19
15
20
17
13
19
19
19
18
14
15
17
16
17
17
15
13
17
17
16
16
18
15
16
16
13
13
18
14
16
21
22
24
25
22
15
23
24
22
16
19
19
16
17
18
11
10
17
22
17
14
14
12
12
13
14
14
15
11
14
17
14
15
16
17
14
15
21
24
13
20
17
20
24
18
23
14
16
14
13
14
11
11
13
13
11
12
12
9
9
14
11
13
14
11
17
14
17
14
25
25
25
21
21
21
18
16
16
19
17
15
14
17
15
17
17
17
14
14
19
15
17
15
13
14
15
16
15
16
12
15
16
13
20
16
15
16
15
17
13
13
13
13
10
11
14
19
13
11
11
12
13
11
11
9
9
10
13
12
14
14
12
16
15
19
17
13
14
13
13
15
15
14
14
13
16
14
13
16
13
11
12
8
9
7
8
11
12
7
9
7
11
8
7
7
4
1
1
1
3
1
2
1
3
1
1
1
1
2
2
3
1
1
2
1
4
4
1
1
1
1
1
1
5
5
1
1
1
1
1
1
1
1
1
1
1
3
2
3
2
1
1
1
1
1
1
1
2
1
2
1
1
1
2
1
2
1
4
2
2
1
1
2
1
1
1
1
1
4
3
1
1
2
1
1
1
1
1
2
1
1
1
1
1
2
2
1
2
3
1
1
1
1
1
4
1
1
1
1
1
3
4
1
2
1
3
5
2
2
1
4
1
1
1
1
1
2
1
2
1
1
1
1
1
1
1
5
1
1
1
1
1
2
2
1
3
2
1
1
1
1
1
1
2
1
1
3
1
1
1
1
2
3
1
1
1
1
1
2
3
1
1
1
1
1
1
1
1
1
1
2
3
1
1
4
1
1
1
1
1
1
1
2
1
2
1
1
1
2
1
1
1
1
1
2
1
2
1
1
3
1
2
1
1
3
3
1
3
1
1
1
1
1
1
4
1
1
2
1
1
1
1
2
1
1
1
5
1
1
1
1
1
1
1
1
1
3
1
1
1
1
1
1
1
3
1
2
2
1
1
2
2
1
1
2
2
3
2
2
1
2
2
1
1
3
1
1
2
2
1
1
5
1
2
3
2
1
2
3
1
1
1
1
1
1
2
2
2
2
1
1
1
2
2
1
1
1
1
1
1
1
1
1
2
1
1
1
1
1
2
1
1
1
1
1
1
1
1
4
1
1
2
1
1
2
1
1
3
1
1
1
2
1
1
1
1
1
2
9
2
1
1
1
1
2
1
1
1
2
1
2
1
1
1
1
3
1
1
1
1
1
1
1
1
1
3
1
1
2
2
1
1
2
1
1
2
1
1
2
3
1
1
1
1
1
1
1
2
1
2
1
2
1
2
1
4
1
2
2
1
3
1
1
1
2
2
1
1
3
2
1
1
1
2
2
1
1
1
1
1
1
1
3
1
2
1
2
2
1
1
2
2
2
1
1
1
1
1
1
1
2
1
1
1
1
4
1
1
8
1
1
3
1
4
2
1
1
1
1
2
1
2
1
1
1
2
2
1
1
1
2
1
1
2
1
1
1
1
2
1
2
1
1
1
1
1
3
1
1
1
1
1
2
3
1
1
1
1
1
1
2
1
1
1
1
1
1
1
1
1
1
2
1
1
2
2
1
1
2
1
1
1
2
1
1
1
1
1
1
1
1
1
1
1
1
1
1
2
2
1
1
1
1
1
2
1
1
2
1
1
1
1
2
1
1
3
1
2
1
1
1
2
1
3
1
1
1
1
1
1
1
2
1
2
1
1
1
1
1
1
1
2
1
2
1
1
1
1
3
2
1
3
1
1
1
2
1
2
1
1
1
1
