491 491 0.05875 0.94125
491 492 0.05875 0.94125
491 493 0.05875 0.94125
491 494 0.05875 0.94125
491 495 0.05875 0.94125
491 496 0.05875 0.94125
491 497 0.05875 0.94125
491 498 0.05875 0.94125
491 499 0.05875 0.94125
491 500 0.1 0.9
491 501 0.10375 0.89625
491 502 0.15375 0.84625
491 503 0.155 0.845
491 504 0.18125 0.81875
491 505 0.18125 0.81875
491 506 0.18125 0.81875
491 507 0.17875 0.82125
491 508 0.17375 0.82625
491 509 0.1575 0.8425
491 510 0.1225 0.8775
492 491 0.05875 0.94125
492 492 0.05875 0.94125
492 493 0.05875 0.94125
492 494 0.05875 0.94125
492 495 0.05875 0.94125
492 496 0.05875 0.94125
492 497 0.05875 0.94125
492 498 0.05875 0.94125
492 499 0.05875 0.94125
492 500 0.05875 0.94125
492 501 0.0975 0.9025
492 502 0.1525 0.8475
492 503 0.1525 0.8475
492 504 0.1825 0.8175
492 505 0.18125 0.81875
492 506 0.1825 0.8175
492 507 0.17375 0.82625
492 508 0.10125 0.89875
492 509 0.105 0.895
492 510 0.10625 0.89375
493 491 0.05875 0.94125
493 492 0.05875 0.94125
493 493 0.05875 0.94125
493 494 0.05875 0.94125
493 495 0.05875 0.94125
493 496 0.05875 0.94125
493 497 0.05875 0.94125
493 498 0.05875 0.94125
493 499 0.05875 0.94125
493 500 0.05875 0.94125
493 501 0.05875 0.94125
493 502 0.05875 0.94125
493 503 0.1225 0.8775
493 504 0.16 0.84
493 505 0.19125 0.80875
493 506 0.08 0.92
493 507 0.04 0.96
493 508 0.1025 0.8975
493 509 0.10625 0.89375
493 510 0.10875 0.89125
494 491 0.05875 0.94125
494 492 0.05875 0.94125
494 493 0.05875 0.94125
494 494 0.05875 0.94125
494 495 0.05875 0.94125
494 496 0.05875 0.94125
494 497 0.05875 0.94125
494 498 0.05875 0.94125
494 499 0.05875 0.94125
494 500 0.05875 0.94125
494 501 0.05875 0.94125
494 502 0.05875 0.94125
494 503 0.05875 0.94125
494 504 0.06125 0.93875
494 505 0.06875 0.93125
494 506 0.03875 0.96125
494 507 0.03875 0.96125
494 508 0.03875 0.96125
494 509 0.0875 0.9125
494 510 0.14625 0.85375
495 491 0.05875 0.94125
495 492 0.05875 0.94125
495 493 0.05875 0.94125
495 494 0.05875 0.94125
495 495 0.05875 0.94125
495 496 0.05875 0.94125
495 497 0.05875 0.94125
495 498 0.05875 0.94125
495 499 0.05875 0.94125
495 500 0.05875 0.94125
495 501 0.05875 0.94125
495 502 0.05875 0.94125
495 503 0.05875 0.94125
495 504 0.05875 0.94125
495 505 0.05875 0.94125
495 506 0.05375 0.94625
495 507 0.04 0.96
495 508 0.03875 0.96125
495 509 0.09625 0.90375
495 510 0.15 0.85
496 491 0.05875 0.94125
496 492 0.05875 0.94125
496 493 0.05875 0.94125
496 494 0.05875 0.94125
496 495 0.05875 0.94125
496 496 0.05875 0.94125
496 497 0.05875 0.94125
496 498 0.05875 0.94125
496 499 0.05875 0.94125
496 500 0.05875 0.94125
496 501 0.05875 0.94125
496 502 0.05875 0.94125
496 503 0.05875 0.94125
496 504 0.05875 0.94125
496 505 0.05875 0.94125
496 506 0.05875 0.94125
496 507 0.04125 0.95875
496 508 0.05125 0.94875
496 509 0.11 0.89
496 510 0.1575 0.8425
497 491 0.05875 0.94125
497 492 0.05875 0.94125
497 493 0.05875 0.94125
497 494 0.05875 0.94125
497 495 0.05875 0.94125
497 496 0.05875 0.94125
497 497 0.05875 0.94125
497 498 0.05875 0.94125
497 499 0.05875 0.94125
497 500 0.05875 0.94125
497 501 0.05875 0.94125
497 502 0.05875 0.94125
497 503 0.05875 0.94125
497 504 0.05875 0.94125
497 505 0.0625 0.9375
497 506 0.14125 0.85875
497 507 0.1025 0.8975
497 508 0.1075 0.8925
497 509 0.14 0.86
497 510 0.165 0.835
498 491 0.05875 0.94125
498 492 0.05875 0.94125
498 493 0.05875 0.94125
498 494 0.05875 0.94125
498 495 0.05875 0.94125
498 496 0.05875 0.94125
498 497 0.05875 0.94125
498 498 0.05875 0.94125
498 499 0.05875 0.94125
498 500 0.05875 0.94125
498 501 0.05875 0.94125
498 502 0.05875 0.94125
498 503 0.05875 0.94125
498 504 0.05875 0.94125
498 505 0.09375 0.90625
498 506 0.14625 0.85375
498 507 0.18125 0.81875
498 508 0.1225 0.8775
498 509 0.10875 0.89125
498 510 0.15875 0.84125
499 491 0.05875 0.94125
499 492 0.05875 0.94125
499 493 0.05875 0.94125
499 494 0.05875 0.94125
499 495 0.05875 0.94125
499 496 0.05875 0.94125
499 497 0.05875 0.94125
499 498 0.05875 0.94125
499 499 0.05875 0.94125
499 500 0.05875 0.94125
499 501 0.05875 0.94125
499 502 0.05875 0.94125
499 503 0.05875 0.94125
499 504 0.05875 0.94125
499 505 0.095 0.905
499 506 0.1575 0.8425
499 507 0.18125 0.81875
499 508 0.1725 0.8275
499 509 0.1875 0.8125
499 510 0.1525 0.8475
500 491 0.09875 0.90125
500 492 0.09625 0.90375
500 493 0.05875 0.94125
500 494 0.05875 0.94125
500 495 0.05875 0.94125
500 496 0.05875 0.94125
500 497 0.05875 0.94125
500 498 0.06375 0.93625
500 499 0.1075 0.8925
500 500 0.05875 0.94125
500 501 0.05875 0.94125
500 502 0.05875 0.94125
500 503 0.05875 0.94125
500 504 0.07 0.93
500 505 0.0825 0.9175
500 506 0.18375 0.81625
500 507 0.18125 0.81875
500 508 0.17625 0.82375
500 509 0.18125 0.81875
500 510 0.18125 0.81875
501 491 0.17875 0.82125
501 492 0.18125 0.81875
501 493 0.18125 0.81875
501 494 0.18125 0.81875
501 495 0.18125 0.81875
501 496 0.18125 0.81875
501 497 0.18125 0.81875
501 498 0.18125 0.81875
501 499 0.1775 0.8225
501 500 0.17875 0.82125
501 501 0.18 0.82
501 502 0.16875 0.83125
501 503 0.1775 0.8225
501 504 0.18125 0.81875
501 505 0.18125 0.81875
501 506 0.18125 0.81875
501 507 0.18125 0.81875
501 508 0.18125 0.81875
501 509 0.18125 0.81875
501 510 0.18125 0.81875
502 491 0.18125 0.81875
502 492 0.18125 0.81875
502 493 0.18125 0.81875
502 494 0.18125 0.81875
502 495 0.18125 0.81875
502 496 0.18125 0.81875
502 497 0.18125 0.81875
502 498 0.18125 0.81875
502 499 0.18125 0.81875
502 500 0.18125 0.81875
502 501 0.18125 0.81875
502 502 0.18125 0.81875
502 503 0.18125 0.81875
502 504 0.18125 0.81875
502 505 0.18125 0.81875
502 506 0.18125 0.81875
502 507 0.18125 0.81875
502 508 0.18125 0.81875
502 509 0.18125 0.81875
502 510 0.18125 0.81875
503 491 0.18125 0.81875
503 492 0.18125 0.81875
503 493 0.18125 0.81875
503 494 0.18125 0.81875
503 495 0.18125 0.81875
503 496 0.18125 0.81875
503 497 0.18125 0.81875
503 498 0.18125 0.81875
503 499 0.18125 0.81875
503 500 0.18125 0.81875
503 501 0.18125 0.81875
503 502 0.18125 0.81875
503 503 0.18125 0.81875
503 504 0.18125 0.81875
503 505 0.18125 0.81875
503 506 0.18125 0.81875
503 507 0.18125 0.81875
503 508 0.18125 0.81875
503 509 0.18125 0.81875
503 510 0.18125 0.81875
504 491 0.18125 0.81875
504 492 0.18125 0.81875
504 493 0.18125 0.81875
504 494 0.18125 0.81875
504 495 0.18125 0.81875
504 496 0.18125 0.81875
504 497 0.18125 0.81875
504 498 0.18125 0.81875
504 499 0.18125 0.81875
504 500 0.18125 0.81875
504 501 0.18125 0.81875
504 502 0.18125 0.81875
504 503 0.18125 0.81875
504 504 0.18125 0.81875
504 505 0.18125 0.81875
504 506 0.18125 0.81875
504 507 0.18125 0.81875
504 508 0.18125 0.81875
504 509 0.18125 0.81875
504 510 0.18125 0.81875
505 491 0.18125 0.81875
505 492 0.18125 0.81875
505 493 0.18125 0.81875
505 494 0.18125 0.81875
505 495 0.18125 0.81875
505 496 0.18125 0.81875
505 497 0.18125 0.81875
505 498 0.18125 0.81875
505 499 0.18125 0.81875
505 500 0.18125 0.81875
505 501 0.18125 0.81875
505 502 0.18125 0.81875
505 503 0.18125 0.81875
505 504 0.18125 0.81875
505 505 0.18125 0.81875
505 506 0.18125 0.81875
505 507 0.18125 0.81875
505 508 0.18125 0.81875
505 509 0.18125 0.81875
505 510 0.18125 0.81875
506 491 0.18125 0.81875
506 492 0.18125 0.81875
506 493 0.18125 0.81875
506 494 0.18125 0.81875
506 495 0.18125 0.81875
506 496 0.18125 0.81875
506 497 0.18125 0.81875
506 498 0.18125 0.81875
506 499 0.18125 0.81875
506 500 0.18125 0.81875
506 501 0.18125 0.81875
506 502 0.18125 0.81875
506 503 0.18125 0.81875
506 504 0.18125 0.81875
506 505 0.18125 0.81875
506 506 0.18125 0.81875
506 507 0.18125 0.81875
506 508 0.18125 0.81875
506 509 0.18125 0.81875
506 510 0.18125 0.81875
507 491 0.18125 0.81875
507 492 0.18125 0.81875
507 493 0.18125 0.81875
507 494 0.18125 0.81875
507 495 0.18125 0.81875
507 496 0.18125 0.81875
507 497 0.18125 0.81875
507 498 0.18125 0.81875
507 499 0.18125 0.81875
507 500 0.18125 0.81875
507 501 0.18125 0.81875
507 502 0.18125 0.81875
507 503 0.18125 0.81875
507 504 0.18125 0.81875
507 505 0.18125 0.81875
507 506 0.18125 0.81875
507 507 0.18125 0.81875
507 508 0.18125 0.81875
507 509 0.18125 0.81875
507 510 0.18125 0.81875
508 491 0.18125 0.81875
508 492 0.18125 0.81875
508 493 0.18125 0.81875
508 494 0.18125 0.81875
508 495 0.18125 0.81875
508 496 0.18125 0.81875
508 497 0.18125 0.81875
508 498 0.18125 0.81875
508 499 0.18125 0.81875
508 500 0.18125 0.81875
508 501 0.18125 0.81875
508 502 0.18125 0.81875
508 503 0.18125 0.81875
508 504 0.18125 0.81875
508 505 0.18125 0.81875
508 506 0.18125 0.81875
508 507 0.18125 0.81875
508 508 0.18125 0.81875
508 509 0.18125 0.81875
508 510 0.18125 0.81875
509 491 0.18125 0.81875
509 492 0.18125 0.81875
509 493 0.18125 0.81875
509 494 0.18125 0.81875
509 495 0.18125 0.81875
509 496 0.18125 0.81875
509 497 0.18125 0.81875
509 498 0.18125 0.81875
509 499 0.18125 0.81875
509 500 0.18125 0.81875
509 501 0.18125 0.81875
509 502 0.18125 0.81875
509 503 0.18125 0.81875
509 504 0.18125 0.81875
509 505 0.18125 0.81875
509 506 0.18125 0.81875
509 507 0.18125 0.81875
509 508 0.18125 0.81875
509 509 0.18125 0.81875
509 510 0.18125 0.81875
510 491 0.18125 0.81875
510 492 0.18125 0.81875
510 493 0.18125 0.81875
510 494 0.18125 0.81875
510 495 0.18125 0.81875
510 496 0.18125 0.81875
510 497 0.18125 0.81875
510 498 0.18125 0.81875
510 499 0.18125 0.81875
510 500 0.18125 0.81875
510 501 0.18125 0.81875
510 502 0.18125 0.81875
510 503 0.18125 0.81875
510 504 0.18125 0.81875
510 505 0.18125 0.81875
510 506 0.18125 0.81875
510 507 0.18125 0.81875
510 508 0.18125 0.81875
510 509 0.18125 0.81875
510 510 0.18125 0.81875
