0.811147681181346 0.641739540566113
0.183640776071905 0.189578630775345
0.00521154274674827 0.168681828658549
0.856441180042271 0.633346507494603
0.136937600964781 0.199619924615149
0.00662121899294756 0.167033567890247
0.722625771270168 0.65202973302508
0.273221483202627 0.190509142067646
0.00415274552721476 0.157461124907279
0.726897516900021 0.567958240591439
0.270132937406397 0.366289631949971
0.00296954569358316 0.0657521274585919
0.784129617347713 0.676759848336218
0.212125295321763 0.147990941550314
0.00374508733052792 0.17524921011347
0.754838630950433 0.475752757155221
0.241051140547158 0.446801126116704
0.00411022850240404 0.0774461167280761
0.696289228643859 0.553385258022845
0.299113419850822 0.334226140247547
0.0045973515053145 0.112388601729609
0.736617688451818 0.660716951522073
0.260356179745607 0.249692950723204
0.00302613180257709 0.0895900977547283
0.649721043425477 0.55745429767921
0.347872869615342 0.317797222016531
0.00240608695918189 0.124748480304265
0.705568747173621 0.7021632006734
0.291491657574384 0.174219976545202
0.00293959525198742 0.123616822781395
0.727401617949279 0.605017022879603
0.271117284158572 0.28398102010439
0.00148109789215201 0.111001957016001
0.690703741493043 0.557107073037495
0.303455546370685 0.338557486429796
0.00584071213627268 0.104335440532708
0.720871380823808 0.592012493664701
0.276448617776915 0.302650053704509
0.00268000139927487 0.105337452630792
0.696648334281214 0.622501142493499
0.301824468804381 0.24250728360297
0.00152719691440202 0.134991573903529
0.817862869854269 0.688642144199316
0.179960832601416 0.167030026030943
0.00217629754431507 0.144327829769741
0.732035018856784 0.750181971661704
0.264383222555889 0.134295676380911
0.00358175858733158 0.115522351957387
0.759374427476586 0.66814326354844
0.234506193818289 0.0684202234152154
0.00611937870513159 0.263436513036341
0.625639175378006 0.615038409591718
0.372016357323073 0.197133907296693
0.00234446729891647 0.187827683111583
0.738542452943401 0.657224172456642
0.258373581701436 0.203707666563275
0.0030839653551684 0.139068160980087
0.68909738277072 0.60777837875072
0.308255597601713 0.297942087102049
0.00264701962756623 0.094279534147229
0.793354601957416 0.698807192313931
0.20202307676263 0.180700968991938
0.00462232127995332 0.120491838694132
0.755553533551282 0.645889899706036
0.242015574931716 0.142154586837397
0.00243089151699838 0.211955513456568
0.769983123961869 0.670467901178371
0.22004305660709 0.207502172130399
0.00997381943104542 0.12202992669123
0.78187059770495 0.652674199676457
0.209708837821925 0.273605267573597
0.00842056447312724 0.0737205327499422
0.791645574566335 0.526976890919477
0.202129827333633 0.346447828209209
0.00622459810003077 0.126575280871314
0.743100409589777 0.547584258760525
0.251441701824467 0.343175168561635
0.00545788858575666 0.109240572677842
0.636079651957079 0.506745407032169
0.362715802796919 0.41822141789855
0.00120454524599691 0.0750331750692876
0.80357871934669 0.630860333403067
0.193055887824051 0.225990709496841
0.0033653928292561 0.143148957100092
0.779474324943849 0.600694241384044
0.217039960536822 0.261825560693766
0.00348571451932552 0.137480197922186
0.77855562302866 0.685959499771463
0.214077913310538 0.243517568825682
0.00736646366080253 0.0705229314028562
0.834759201676938 0.714374898942446
0.162490632152779 0.0549007064224559
0.00275016617028536 0.230724394635097
0.678387415643435 0.48457284343633
0.317907700581328 0.470291917880114
0.00370488377523631 0.0451352386835525
0.754800927051197 0.664844484295388
0.243684252226505 0.228539516031824
0.00151482072229811 0.106615999672793
0.785914831091963 0.651484890062692
0.205256690410265 0.13610244079815
0.00882847849777128 0.212412669139162
0.743915978710874 0.581284562636805
0.248025831414455 0.275978722316348
0.00805818987467404 0.142736715046848
0.80414019502823 0.692431010938124
0.189872107164526 0.129646485101643
0.0059876978072514 0.177922503960233
0.729822685891217 0.556240224697372
0.264894008168281 0.340454104282445
0.00528330594050025 0.103305671020184
0.868294903621254 0.667010143681201
0.125286395134381 0.270554809275976
0.00641870124437231 0.0624350470428253
0.703874762085052 0.563033968026247
0.293803728047128 0.357321173097027
0.00232150986782385 0.0796448588767266
0.803550712570767 0.662465685791706
0.192395573425861 0.223353853190887
0.00405371400336831 0.114180461017407
0.833488041490026 0.540376001395512
0.162065379269569 0.339712522637418
0.00444657924039709 0.119911475967072
0.669936203459515 0.632447801084263
0.329068675252793 0.286437694182888
0.000995121287693031 0.0811145047328496
0.867659661697382 0.629968428139289
0.127733258548431 0.301265833865146
0.0046070797541827 0.0687657379955674
0.681038130005848 0.583073870439686
0.316731113710429 0.273189352407696
0.00223075628372886 0.143736777152623
0.758095220721412 0.715674066823782
0.239045279577815 0.0480325781997636
0.00285949970077237 0.236293354976452
0.657743629041581 0.513685457653731
0.340842888550675 0.407403257491028
0.001413482407747 0.0789112848552428
0.713178325245641 0.732964590282113
0.284552489140013 0.110442590223919
0.00226918561434539 0.156592819493962
0.660735093323849 0.567576611893559
0.336205992415029 0.368897700099874
0.00305891426112104 0.0635256880065685
0.792397776542209 0.675935663537393
0.203818336197051 0.120297396202551
0.00378388726073696 0.203766940260053
0.707204819399733 0.687082143102928
0.289904143993857 0.20369724168558
0.00289103660640889 0.109220615211493
0.743527488062985 0.697281546283545
0.253057235273006 0.153133706148848
0.00341527666400609 0.149584747567609
0.696538929429823 0.504599338612871
0.30094603034595 0.421174660965462
0.00251504022422732 0.0742260004216691
0.703385538452295 0.580274756524782
0.293921690658466 0.354170693480012
0.00269277088924275 0.0655545499952078
0.747657481395918 0.603707676064372
0.247425953165855 0.305789560598458
0.00491656543822351 0.0905027633371692
0.658369853065247 0.593857668142847
0.338772428052731 0.295570122016883
0.00285771888202247 0.110572209840271
0.867902324942786 0.671996018418846
0.126539063590614 0.18013015276546
0.00555861146659953 0.147873828815697
0.64886586702648 0.615295554947576
0.348532369394922 0.335350457264167
0.00260176357859836 0.0493539877882583
0.746167296240777 0.615215307423904
0.252043603356285 0.268385194968936
0.00178910040294085 0.116399497607157
0.642359609681104 0.509968882780171
0.355968207408898 0.414471789859779
0.00167218290999972 0.0755593273600483
0.804701221942476 0.728273100234974
0.191723623064722 0.0965771264437238
0.00357515499280046 0.175149773321307
0.613365354888602 0.584760515643487
0.385091764901642 0.316632962309624
0.00154288020975641 0.0986065220468889
0.607163158660717 0.442784242232785
0.391366917415378 0.469667256449379
0.00146992392390732 0.0875485013178353
0.67783151594792 0.613728686675192
0.319469563346129 0.168821896942191
0.00269892070595592 0.217449416382615
0.6700959058881 0.647404743841326
0.328689661968461 0.232503292618708
0.0012144321434359 0.120091963539966
0.785925475710083 0.565823750055625
0.207055394654155 0.314031643004723
0.00701912963576207 0.120144606939651
0.829767506391044 0.647670643756492
0.163719258659882 0.132279938006793
0.00651323494907201 0.220049418236717
0.719464280636089 0.759663490769656
0.275673770475991 0.120183578376096
0.00486194888792306 0.120152930854244
0.691160966216579 0.691024995281186
0.304698493445677 0.189590991196266
0.00414054033775014 0.119384013522549
0.580321376257059 0.57061021252054
0.418149069625944 0.328485530234136
0.00152955411700311 0.100904257245322
0.714788146323824 0.591602288493281
0.283068549377762 0.149040098463773
0.00214330429841376 0.259357613042947
0.745493220135794 0.652052554079375
0.251581380773299 0.232252712588432
0.00292539909090163 0.115694733332193
0.751581433059065 0.746110806656041
0.244529597468699 0.108412258948386
0.00388896947223838 0.14547693439557
0.73671842396956 0.711654260196769
0.258424758893441 0.180034682938647
0.00485681713699699 0.108311056864584
0.795119111781699 0.590705324778327
0.199290004845017 0.314086048310168
0.00559088337327664 0.0952086269115036
0.816363568742491 0.743857077444738
0.179994160259684 0.109537569562792
0.00364227099782507 0.146605352992474
0.800736285177641 0.764061194510965
0.195016937900612 0.0555552341489228
0.00424677692174555 0.180383571340116
0.730342592332762 0.552970048377757
0.266756904591871 0.357846406686412
0.002900503075368 0.0891835449358331
0.649309696959026 0.586859837105429
0.348346395374613 0.366511941974572
0.00234390766636525 0.0466282209200032
0.766489682541979 0.652209118049578
0.227770063426773 0.250943525546094
0.00574025403125057 0.096847356404331
0.787750991398676 0.579963105602304
0.210232885165114 0.310104051338284
0.0020161234362055 0.109932843059412
0.697414647537951 0.610938229338326
0.297262225541711 0.305797373724943
0.00532312692033455 0.0832643969367284
0.780761072289882 0.718623488737229
0.213372417709443 0.0669943003498156
0.0058665100006744 0.214382210912951
0.833380006189877 0.722979273105068
0.159724150334913 0.115070758979615
0.00689584347520927 0.161949967915318
0.779580808162516 0.691301365090633
0.217253030615028 0.153356426341631
0.00316616122245707 0.155342208567734
0.783398143250342 0.669478269704578
0.209785082383904 0.244046894891742
0.00681677436575463 0.086474835403678
0.819598361412145 0.614571716461479
0.172771955010853 0.217937359475757
0.00762968357699869 0.167490924062756
0.594781534884233 0.471637777737849
0.402804393488631 0.43563120302054
0.00241407162714008 0.0927310192416081
0.816137629353071 0.56116190710101
0.179990438098778 0.345412205132479
0.00387193254815415 0.0934258877665091
0.841794359727262 0.552143718927443
0.151649677105366 0.350241038852272
0.00655596316737537 0.0976152422202843
0.613398232714855 0.538764823716537
0.384149364704562 0.379703232470761
0.00245240258058235 0.0815319438127024
0.792820361545855 0.691311515463889
0.202947447399342 0.184907681971631
0.00423219105481318 0.123780802564485
0.780621022999317 0.57641753078117
0.21580715585863 0.330314478578519
0.00357182114205751 0.093267990640315
0.808413765970606 0.679957817107073
0.18259813666539 0.152213775699483
0.00898809736400292 0.16782840719344
0.764166394967941 0.669018752328241
0.231252417763725 0.117076773916267
0.00458118726833477 0.213904473755491
0.716451819179543 0.637997048149482
0.280945390652914 0.144516305429877
0.00260279016754919 0.217486646420643
0.723682196228657 0.574978633562655
0.272072456672053 0.346049128189172
0.00424534709928958 0.078972238248174
0.635182244049472 0.652604750518686
0.362046013614405 0.24185939282915
0.00277174233612095 0.105535856652167
0.737507788910557 0.677992083313636
0.258649778335354 0.123358372827318
0.00384243275408557 0.198649543859045
0.731089019402978 0.567582722735464
0.264529600226125 0.34330465715241
0.00438138037089397 0.0891126201121261
0.724512257412249 0.682665635526902
0.272885947468294 0.127339333476923
0.00260179511945977 0.18999503099617
0.795058387968996 0.583917982423541
0.197726797491082 0.207188751001626
0.0072148145399152 0.208893266574835
0.694530265555104 0.473167476518862
0.303057771055955 0.392024879885474
0.00241196338894155 0.134807643595666
0.711916037152554 0.702319619311139
0.282052222920777 0.143011350391738
0.00603173992666734 0.154669030297123
0.777017941670672 0.709068081514235
0.21582631627996 0.145281885905994
0.00715574204936598 0.145650032579774
0.722993193166429 0.542718179874983
0.272343583126775 0.365369407070522
0.00466322370679954 0.0919124130544949
0.705644363568093 0.666425359947481
0.291710697603397 0.196094218857144
0.00264493882851349 0.13748042119537
0.892758782871298 0.782283706221426
0.10146311111059 0.0397709576412141
0.00577810601811569 0.177945336137366
0.787244830718611 0.712508601250884
0.206881453295821 0.186395591853736
0.00587371598556353 0.101095806895381
0.782580730731209 0.727572839602072
0.212435523279076 0.110616097844177
0.0049837459897198 0.161811062553748
0.861661709325588 0.628746440527122
0.132744187427015 0.150358913787389
0.00559410324739533 0.220894645685486
0.767907203735738 0.63891065059231
0.228487909078474 0.269212182439147
0.00360488718578534 0.091877166968543
0.759506042899976 0.59699391152166
0.238753464886772 0.289022937601641
0.00174049221325416 0.113983150876697
0.692570725325684 0.531069246081496
0.30395493608051 0.387413725726635
0.00347433859380614 0.0815170281918706
0.747483913822523 0.768414044514094
0.251052120599369 0.0678592336516263
0.0014639655781073 0.163726721834283
0.756042460505475 0.71866640357355
0.23911373812015 0.0602795685355853
0.00484380137437377 0.221054027890857
0.738599619905462 0.724558754191356
0.258547545035399 0.159878603474271
0.00285283505913798 0.115562642334367
0.76394199333803 0.601224890990487
0.232160034377685 0.302396434167485
0.0038979722842883 0.0963786748420263
0.823468502393639 0.496778155999823
0.170393789311106 0.412378742533795
0.00613770829525312 0.09084310146638
0.667237667024151 0.502231771947108
0.330987409903531 0.407785994953761
0.00177492307232021 0.0899822330991309
0.730928007909176 0.668695084814058
0.264718287261375 0.211452337338468
0.00435370482944268 0.119852577847476
0.656456827334978 0.70072445112883
0.34155950668548 0.200797782071865
0.00198366597953989 0.0984777667993023
0.813339612177652 0.660218582082676
0.180081955485957 0.178500227716946
0.00657843233639617 0.161281190200377
0.846431067263589 0.610937239831324
0.138163304712842 0.266390039316663
0.0154056280235652 0.122672720852016
0.82007654438283 0.606187267279431
0.175347733365073 0.304502272835175
0.00457572225209747 0.0893104598853901
0.725778438631351 0.68429987163636
0.267582611705345 0.170486852951002
0.00663894966330623 0.145213275412635
0.667813014216787 0.520836617109031
0.329506130397327 0.319844978693451
0.00268085538588679 0.159318404197515
0.742511944024225 0.604826200203192
0.253562106222842 0.309172763643821
0.00392594975293966 0.0860010361529854
0.678539718714094 0.638668574577716
0.319954065813868 0.243825178603
0.00150621547203705 0.117506246819285
0.674937627829045 0.570743107663808
0.322886050392177 0.365259394620144
0.00217632177878004 0.0639974977160491
0.729707962065454 0.671186349878997
0.267134732526221 0.0778162029618745
0.00315730540832347 0.250997447159127
0.673501113650471 0.571732984876679
0.32468651260528 0.334527163204523
0.00181237374425086 0.0937398519188006
0.703508422169166 0.556919622705402
0.294633606199249 0.390828804089546
0.00185797163158485 0.0522515732050447
0.743265725997678 0.68770581411761
0.2546757539872 0.197599419065846
0.00205852001512385 0.114694766816545
0.66936135240309 0.476555949531061
0.328667912259507 0.443726142704907
0.00197073533740203 0.0797179077640317
0.77585227232444 0.720658350240876
0.22085354136809 0.0837678917286639
0.00329418630746769 0.195573758030461
0.832739911217153 0.492433854099763
0.162726361870322 0.438024249055688
0.00453372691252356 0.0695418968445515
0.693299188466177 0.688328442520959
0.30270164541941 0.193113578618782
0.00399916611441594 0.118557978860256
0.832103068037967 0.677798842469151
0.163750176461995 0.167874751284107
0.00414675550003114 0.154326406246738
0.785466786735904 0.521405480532313
0.210044970555301 0.355322749089163
0.00448824270878963 0.123271770378525
0.773335900170987 0.603827142806851
0.224209683568031 0.276198191286122
0.0024544162609802 0.119974665907026
0.778976154536581 0.654936023946211
0.217413306868777 0.219104495547972
0.00361053859464548 0.125959480505818
0.803848708976476 0.601619812749086
0.192110269314515 0.278585427319016
0.00404102170901045 0.119794759931894
0.733791661634925 0.690176549286335
0.263370512521816 0.152221449087594
0.00283782584326382 0.157602001626072
0.770903463288427 0.658327084161867
0.22468873536077 0.127675235038641
0.00440780135080108 0.213997680799489
0.793912719346662 0.673002179504516
0.203145752070881 0.206749370431507
0.00294152858245043 0.120248450063976
0.6011535880769 0.514519786859852
0.396916470971024 0.367175375585678
0.00192994095207848 0.118304837554467
0.772462811113108 0.655289913268797
0.224760618880291 0.223702712305421
0.00277657000660467 0.121007374425785
0.744575086377084 0.619354367948576
0.250982799895424 0.305437940025602
0.00444211372748999 0.0752076920258231
0.680254996643954 0.51897207300506
0.317834683083046 0.425714345612036
0.00191032027299682 0.0553135813829087
0.800153552464024 0.709041353897298
0.191583440135378 0.17859690703662
0.00826300740059709 0.112361739066087
0.745892413701684 0.62012771812933
0.24997351601919 0.253105420568967
0.00413407027912579 0.126766861301698
0.681512841412104 0.525606512611956
0.31524483939831 0.388482361896332
0.00324231918958754 0.0859111254917094
0.736659223382195 0.661784312703463
0.259675167943097 0.125311270913829
0.00366560867471563 0.212904416382709
0.796559342571169 0.667670897376353
0.20032104438505 0.258895367009747
0.00311961304377817 0.0734337356138963
0.765948023421109 0.63030616071163
0.231237844335926 0.201200662113576
0.00281413224296218 0.168493177174794
0.771632482480779 0.573470692052275
0.224944038231882 0.381537696587981
0.00342347928733724 0.0449916113597429
0.822608907787093 0.61680746255739
0.173357707664862 0.276336826503119
0.00403338454804825 0.106855710939497
0.691249247021729 0.583907806969015
0.306376782354193 0.29805449761608
0.00237397062407457 0.118037695414905
0.79098859432565 0.550642137606888
0.201527738248159 0.378407519007121
0.00748366742618704 0.0709503433859867
0.801703972807004 0.629434535234157
0.191569244605531 0.133477936219022
0.00672678258747029 0.23708752854682
0.643031014811247 0.469425396526264
0.354324259398294 0.453018769673278
0.00264472579046007 0.0775558338004604
0.764608364556754 0.598703735085054
0.230968345951769 0.252110696064346
0.00442328949148302 0.149185568850594
0.623422669257173 0.476252578918801
0.37390532897489 0.440327002753908
0.00267200176793904 0.0834204183272887
0.771195718822025 0.676222310936702
0.222309593850571 0.123442917664315
0.0064946873274036 0.20033477139898
0.6832708942888 0.606354013775696
0.31327036024596 0.255876724018378
0.00345874546524275 0.137769262205925
0.715406480323083 0.511349841298318
0.281194436920475 0.282112920768899
0.00339908275644559 0.206537237932778
0.663661777239572 0.5898752396596
0.334397793263955 0.289966780197195
0.00194042949647364 0.120157980143203
0.810901242651969 0.637138181538184
0.184585395948686 0.0941713807148996
0.0045133613993463 0.268690437746917
0.679915603634233 0.515677969223422
0.315734601677963 0.392452579632457
0.00434979468780445 0.0918694511441159
0.818603063284967 0.667045833438067
0.178033523292186 0.183724070984951
0.00336341342284496 0.149230095576986
0.825614477191982 0.545923119429878
0.169239225506784 0.379100294196327
0.00514629730123119 0.0749765863737948
0.855003492707066 0.603480852469343
0.13416653302882 0.256238555989612
0.0108299742641065 0.140280591541044
0.828417819911576 0.691672268319469
0.163045643668156 0.147579496131706
0.0085365364202735 0.160748235548824
0.638767652109648 0.585251676800008
0.359517375725401 0.308359072241752
0.00171497216495335 0.106389250958238
0.695029583091179 0.729438651721128
0.302295944864069 0.0938023615619717
0.00267447204474646 0.176758986716903
0.760394351282127 0.633670753173759
0.237096346172977 0.213368132024774
0.00250930254489827 0.152961114801466
0.751705558632537 0.538671217060878
0.243267217432523 0.385633505258101
0.00502722393493662 0.0756952776810206
0.793665149148333 0.698727649300251
0.202822129909421 0.172353838666968
0.00351272094224224 0.128918512032788
0.689934918881692 0.575373413927693
0.307631715889612 0.321139702761037
0.00243336522869383 0.103486883311269
0.749399929437913 0.605636670584533
0.245912997035444 0.302030632841621
0.00468707352664208 0.09233269657385
0.851780553913882 0.767044963494011
0.141274268570481 0.120125536705262
0.0069451775156347 0.112829499800728
0.659349825847246 0.554283118546508
0.337508744685703 0.350248252523657
0.00314142946705261 0.0954686289298392
0.709247907846299 0.645733955721118
0.287954528772147 0.243097504790985
0.00279756338155164 0.111168539487897
0.742963722748905 0.722682043167762
0.253285548465557 0.144101582283846
0.00375072878553493 0.133216374548391
0.769521370311472 0.640790462464358
0.226488331724267 0.185025440660643
0.00399029796425472 0.174184096875004
0.731794412198006 0.442262515661888
0.264096620278426 0.46570011848931
0.00410896752356797 0.0920373658488054
0.672068776432827 0.542890521352939
0.324876959273869 0.373649706244559
0.0030542642933031 0.0834597724025069
0.668616093978381 0.505570323031315
0.328273532655422 0.363856765005519
0.00311037336619741 0.130572911963162
0.834314342237438 0.743865541357368
0.158931521545126 0.174670316266295
0.00675413621743242 0.0814641423763346
0.681850164326753 0.558631686410362
0.314588549673244 0.350201996628126
0.00356128600000446 0.0911663169615145
0.646766827671023 0.483290329298924
0.351116022807752 0.44932877596491
0.00211714952122536 0.0673808947361659
0.652437525874185 0.60726311567331
0.344962572919978 0.307662973842025
0.00259990120584074 0.0850739104846626
0.658238490696135 0.660447093055517
0.339011408504248 0.15650737307309
0.0027501007996169 0.183045533871397
0.685141690480453 0.59428900160794
0.313100296751874 0.303450439492926
0.00175801276767833 0.10226055889913
0.803767996141977 0.646174215108305
0.192384739102007 0.123897444072031
0.00384726475601079 0.229928340819666
0.79448508450955 0.540992248954781
0.199630112438833 0.269411938536184
0.0058848030516186 0.189595812509032
0.824534049393563 0.64308996368453
0.166362354678832 0.196928838273632
0.00910359592761053 0.159981198041832
0.783847109367526 0.717884631562731
0.211687074247827 0.16037744315089
0.00446581638464443 0.121737925286378
0.669581942805471 0.536110166870224
0.328659156589438 0.325729075808198
0.00175890060509061 0.138160757321579
0.797408660415663 0.745156588275178
0.199474756365385 0.127026334071391
0.00311658321895694 0.127817077653437
-999 -999
-999 -999
-999 -999
-999 -999
-999 -999
-999 -999
