360
354
361
359
349
333
321
317
294
288
291
281
265
248
248
238
235
216
195
176
162
141
117
95
87
64
59
41
30
27
26
26
15
14
13
20
16
15
16
18
13
15
14
14
16
21
14
20
15
12
11
16
13
20
13
16
17
16
15
13
18
17
19
25
18
19
17
19
15
29
19
25
23
20
23
26
17
19
18
31
35
23
17
13
16
25
23
22
32
25
20
19
14
23
24
21
20
15
21
26
16
21
24
22
23
23
20
20
23
28
30
23
16
20
17
15
15
17
14
21
24
32
17
17
21
19
12
21
21
24
26
23
18
17
21
18
13
18
22
20
15
16
21
25
20
17
14
20
26
26
27
21
21
11
17
12
16
25
18
18
21
19
12
19
14
20
20
19
14
18
22
18
20
19
12
13
25
23
22
16
17
18
12
11
20
26
23
21
22
22
18
21
25
25
17
20
14
22
18
18
26
24
14
24
33
27
21
17
21
15
15
10
13
18
20
19
19
18
24
15
18
20
18
20
23
25
28
24
18
20
22
16
19
18
17
14
15
18
22
16
20
24
21
15
17
20
14
20
16
19
26
15
14
17
15
18
18
26
19
16
18
22
28
24
30
28
26
29
28
26
29
21
15
20
13
19
18
17
24
23
21
18
17
21
20
13
17
21
20
17
11
16
17
14
12
16
12
12
10
19
21
14
16
18
20
12
23
22
24
24
30
21
19
20
21
16
14
16
18
21
16
19
18
20
16
18
13
12
16
13
11
10
13
13
17
16
14
29
24
22
23
19
14
16
11
9
14
14
11
14
12
13
16
20
22
26
25
17
15
18
27
17
23
16
13
18
14
23
15
16
27
17
11
14
17
15
23
18
17
13
14
22
18
23
11
23
17
21
21
13
13
18
17
16
16
17
20
13
16
12
21
14
16
17
11
17
13
17
21
16
19
15
18
16
16
15
18
15
15
14
19
14
19
22
16
18
17
16
16
26
21
14
19
17
18
28
16
12
22
24
22
15
9
13
20
20
22
25
20
16
15
24
18
16
17
13
18
15
17
17
20
15
14
22
15
16
23
23
31
25
34
22
18
17
21
20
16
18
24
19
15
20
20
19
19
24
16
13
13
13
14
17
12
19
15
15
20
20
15
18
15
17
13
16
13
18
18
22
18
21
20
18
17
13
18
14
16
22
20
16
18
20
23
24
17
17
21
13
15
15
18
11
13
14
16
24
24
19
16
21
24
18
16
18
19
19
23
18
12
16
17
21
11
20
20
18
14
16
14
17
21
22
15
17
11
20
18
11
14
13
17
12
16
22
16
13
11
16
14
17
15
16
14
14
18
19
12
11
18
16
16
28
17
28
29
21
20
20
25
23
23
17
17
19
16
18
20
15
24
23
17
22
19
14
12
17
19
19
17
15
18
13
12
15
13
15
18
13
10
15
16
17
16
18
18
19
16
20
19
21
16
16
18
14
13
12
18
22
14
13
13
14
15
19
25
21
10
18
18
11
18
18
24
16
20
22
16
21
21
17
14
17
13
15
16
16
12
22
23
25
21
23
26
14
20
15
20
30
17
17
17
19
15
18
19
18
18
21
11
18
18
18
19
22
20
17
23
19
19
12
14
15
21
18
19
20
18
30
23
17
20
16
20
18
15
11
20
21
16
25
23
18
15
16
21
18
19
14
17
15
24
25
16
16
17
17
15
23
19
14
14
16
21
16
16
17
12
11
13
18
17
23
18
20
24
24
24
16
12
17
16
15
13
16
13
24
22
19
19
22
22
20
23
19
18
19
27
32
33
24
26
23
17
19
20
14
11
27
19
19
28
25
25
17
21
20
21
17
18
21
15
25
18
17
22
14
29
21
22
13
13
24
16
22
20
21
23
13
13
16
19
18
15
15
17
17
13
12
19
19
15
17
19
18
18
17
17
16
16
18
19
14
15
17
20
18
21
16
12
17
19
13
23
17
15
24
18
14
17
23
24
19
22
21
15
15
17
16
18
18
19
19
29
23
20
18
17
16
18
18
17
16
14
14
23
14
19
18
18
22
20
13
13
15
21
19
17
13
17
21
22
19
27
23
25
18
17
20
14
16
16
15
17
22
30
32
27
23
16
16
22
12
12
15
19
21
17
25
12
14
18
17
18
19
21
21
15
18
18
17
20
19
22
28
20
21
20
19
22
14
17
15
21
23
23
24
21
21
18
18
22
25
18
17
24
18
9
18
15
21
19
19
13
16
13
18
26
19
18
15
14
11
20
13
14
10
14
16
15
21
