0.74932694152915 0.535370187613979
0.248261314031161 0.386490630792953
0.0024117444396854 0.0781391815930658
0.2233067026155 0.436065659571816
0.691293191982696 0.552933866522038
0.0854001054018235 0.0110004739061457
0.705034157669613 0.659963896400941
0.239551155193169 0.332455200196994
0.0554146871372249 0.00758090340206302
0.32318903979057 0.565757411664948
0.649157481426581 0.416253196007954
0.0276534787828628 0.0179893923270916
0.33226537752963 0.523957592345184
0.656549992204129 0.471475877638791
0.0111846302662537 0.00456653001603823
0.315379744661699 0.374995546426364
0.673296523877512 0.621689894844508
0.011323731460797 0.00331455872912079
0.585304373660721 0.578274666852109
0.409974847641401 0.390366689013097
0.004720778697885 0.0313586441347955
0.456794385080338 0.432817463758737
0.535697674485278 0.555958716475927
0.00750794043438734 0.0112238197653325
0.695232227032887 0.722923879558042
0.247658818382263 0.250393401769003
0.0571089545848408 0.0266827186729468
0.683155148287867 0.721468929950798
0.286521407604647 0.252263118171165
0.0303234441074939 0.0262679518780296
0.435564765856518 0.402011916909903
0.561470512304595 0.566364262159295
0.00296472183887771 0.0316238209308137
0.445532295398875 0.407911383778735
0.486013532971754 0.57619681893118
0.0684541716293766 0.015891797290084
0.459682498629206 0.562323412502152
0.530975140054356 0.404409887261046
0.00934236131642857 0.0332667002368116
0.60936018106139 0.640660149607412
0.376345451460532 0.318016156469581
0.0142943674780776 0.0413236939230126
0.487829064101633 0.457483096398372
0.500139749483463 0.532162294418471
0.0120311864149086 0.0103546091831615
0.536499783430603 0.656005499770345
0.405198410307111 0.323880817624994
0.0583018062622831 0.020113682604666
0.442193804885088 0.421572644222641
0.555677538151699 0.562661874374714
0.00212865696322238 0.0157654814026428
0.332410051579409 0.438051057992193
0.657346357662264 0.544421897321339
0.01024359075834 0.0175270446864815
0.442207298702024 0.508616225676516
0.506013706516245 0.47970790134599
0.0517789947817303 0.0116758729774961
0.611596056421661 0.66969868575359
0.38554219517169 0.330139126838447
0.00286174840664859 0.000162187407956916
0.31844877852501 0.339365654723282
0.61810505620872 0.638792940417946
0.0634461652662641 0.0218414048587623
0.519239758293014 0.414563362224959
0.435047445086943 0.569772914912976
0.0457127966200296 0.0156637228620492
0.559552869404396 0.629686474544545
0.424330116363666 0.367669426949553
0.0161170142319409 0.00264409850589731
0.385119554654291 0.274639919915418
0.586793391413213 0.70021176526154
0.0280870539324916 0.0251483148230432
0.597915401155884 0.454334321998473
0.400979463532445 0.49204154665837
0.00110513531168855 0.053624131343156
0.358716609682572 0.351120713810607
0.631628610506087 0.607861268018667
0.00965477981133822 0.0410180181707248
0.54859854808386 0.546009259006764
0.433180795230652 0.414317007220951
0.018220656685497 0.039673733772297
0.47206552159344 0.4603809335034
0.478185803318008 0.502183123816048
0.0497486750885537 0.0374359426805661
0.551827277811586 0.571000587006823
0.437136460171307 0.426536950234585
0.0110362620170943 0.00246246275860602
0.414603324438093 0.466269337656285
0.509880762094155 0.50340709134106
0.0755159134677545 0.0303235710026568
0.340436303484863 0.372327073886727
0.632342818496499 0.594626075867608
0.0272208780186493 0.0330468502456716
0.315669979091432 0.507092337206316
0.625567810399331 0.489455027779382
0.0587622105092483 0.00345263501430524
0.640752055083269 0.582102663420885
0.304252662061401 0.398857060348314
0.0549952828553418 0.0190402762307863
0.537958641856409 0.523445337021257
0.459099592251034 0.41212113815813
0.0029417658925484 0.0644335248206164
0.387619803716007 0.274772150591986
0.61147162766882 0.637000811276722
0.000908568615181856 0.0882270381312854
0.604654716897986 0.585258607299696
0.37460160310079 0.407720846630451
0.0207436800012174 0.00702054606984426
0.807877081915693 0.703258879628037
0.138503174936137 0.274315060778
0.0536197431481611 0.0224260595939733
0.498882146191131 0.491857706987844
0.458282250163718 0.504579437633065
0.0428356036451615 0.00356285537909666
0.501562828857444 0.278311479593392
0.491979284440731 0.702508048627084
0.00645788670182705 0.0191804717795114
0.507744144055362 0.332828770678419
0.490956371537877 0.656683306628042
0.0012994844067713 0.0104879226935397
0.638765979755817 0.604635136385355
0.323978161303501 0.387012024477997
0.0372558589406821 0.0083528391366406
0.601858076376346 0.602658159577973
0.39081330095632 0.384279344350888
0.00732862266733772 0.0130624960711288
0.528231669655956 0.431694965075172
0.40946615031212 0.480523476457943
0.0623021800319207 0.0877815584668805
0.52062570621291 0.396011800189058
0.464052939562426 0.603405892656835
0.0153213542246604 0.000582307154112905
0.6123371162072 0.506199929862149
0.325825709060124 0.468280724974079
0.0618371747326685 0.0255193451637666
0.567651155263791 0.608421157614256
0.325816605229791 0.370088163734637
0.106532239506406 0.0214906786511083
0.559370664207352 0.578904115326695
0.413834767922424 0.377422066137097
0.0267945678702132 0.0436738185361924
0.460656664583207 0.400684973787402
0.51667022652606 0.593997986404023
0.022673108890744 0.00531703980857312
0.268540320007447 0.456880236503575
0.721663018885021 0.525605523112701
0.00979666110752202 0.0175142403837238
0.541971162686209 0.445682535965606
0.439974234284874 0.497481289851539
0.0180546030289147 0.0568361741828406
0.297501368078791 0.414979835951048
0.702158995930796 0.542439793112233
0.000339635990418287 0.0425803709367227
0.589079209700856 0.42675148214952
0.40808021243413 0.532219271695128
0.0028405778650071 0.0410292461553502
0.402620941510486 0.603367959303394
0.493656832437338 0.366865118486487
0.103722226052175 0.0297669222101291
0.374501418747248 0.317011497736701
0.617099217065399 0.650205735185924
0.00839936418736091 0.0327827670773652
0.565457035145142 0.635608650705476
0.426335238562821 0.3509622401549
0.00820772629204063 0.0134291091396299
0.658330809983327 0.535435677885362
0.333647848258232 0.433386506181018
0.00802134175845449 0.031177815933618
0.321556382367534 0.457230078318502
0.649113061001284 0.518949986893163
0.0293305566311837 0.0238199347883445
0.60265696283902 0.674571208897252
0.368882875421321 0.275656983344966
0.0284601617396693 0.0497718077577788
0.788381054395282 0.642336210725091
0.195110687477467 0.346478110283214
0.0165082581272453 0.0111856789917011
0.429557158484857 0.49433592357434
0.551509903297071 0.473540950580681
0.0189329382180766 0.0321231258449819
0.59230883403144 0.60987966952051
0.401889483208528 0.385051320215249
0.00580168276002675 0.00506901026425134
0.556346369733607 0.454964887072966
0.39328729480955 0.517054784545849
0.0503663354568317 0.0279803283811795
0.785793874059587 0.64693990518731
0.16557590967194 0.346693247012519
0.0486302162684716 0.00636684780017305
0.377345245302138 0.343351313226409
0.61182248355453 0.632788156674895
0.0108322711433384 0.0238605300987018
0.524810708121554 0.351985964173164
0.470986825432892 0.635897375030268
0.00420246644554023 0.0121166607965588
0.419658008526101 0.474968202620615
0.563896235399905 0.513719689689534
0.0164457560740004 0.0113121076898636
0.477880476092537 0.328472555631777
0.494073960164825 0.627252386145412
0.0280455637426467 0.0442750582228182
0.494875047732268 0.43797053000901
0.487312194882592 0.558359993907003
0.0178127573851285 0.00366947608399733
0.510639858326424 0.528858243520918
0.387435168956279 0.435045311410248
0.101924972717305 0.0360964450688312
0.690183230955758 0.584822585964442
0.300984638266273 0.368962014495368
0.00883213077796883 0.0462153995401956
0.324846761905152 0.428716673767285
0.65862117164967 0.545888077648085
0.0165320664451597 0.0253952485846401
0.613114556031804 0.540036780184396
0.376769882797112 0.402510764681489
0.0101155611710775 0.057452455134116
0.619230533141489 0.555337499962561
0.340407575998368 0.442225714994322
0.0403618908601508 0.00243678504310905
0.309230570753185 0.400746516779919
0.683363459754105 0.589799614582558
0.00740596949271156 0.0094538686375147
0.501012442042438 0.501269989762552
0.408066692301776 0.490999422515756
0.0909208656557895 0.00773058772168149
0.746757878989579 0.527796593613175
0.226537518462581 0.463927286989799
0.0267046025478298 0.00827611939702802
0.513790327388265 0.703172232216918
0.424430308306472 0.288215361066024
0.0617793643052643 0.00861240671704814
0.486143048575632 0.376027963007948
0.486301932920924 0.607503161514959
0.0275550185034381 0.0164688754770873
0.418400162118695 0.41462334514029
0.575681036858217 0.563841545088211
0.00591880102308897 0.0215351097714967
0.640787916571582 0.447590804658075
0.357749689850436 0.537187594154643
0.0014623935779865 0.0152216011872946
0.325721978187296 0.401429172185505
0.6246120794019 0.534890303471842
0.0496659424108051 0.0636805243426596
0.464586006591669 0.594284668122956
0.527719384404902 0.379810050921701
0.00769460900344214 0.0259052809553339
0.879576952168381 0.739151522764689
0.111501964680268 0.248160663074147
0.00892108315134799 0.012687814161172
0.559402739262968 0.35107087389128
0.439478448030513 0.637674732723837
0.00111881270651337 0.0112543933848812
0.552807669952061 0.542955758417064
0.402852547662689 0.413127077388707
0.0443397823852571 0.0439171641942407
0.471612327133569 0.463027395557328
0.515124155975742 0.498386747560285
0.0132635168906898 0.0385858568824029
0.551465359733884 0.682858548331624
0.415127373106657 0.275226688923945
0.0334072671594495 0.0419147627444377
0.590390967128258 0.584847943542794
0.395890664672004 0.396109306618506
0.0137183681997359 0.019042749838709
0.640295294935174 0.584155643005189
0.355705868437301 0.397806749492361
0.00399883662753545 0.0180376075024567
0.432464952163819 0.445452384349111
0.539559339140982 0.549227558159373
0.0279757086951804 0.00532005749151396
0.507542300730773 0.324808919815858
0.485304836053008 0.668613316600345
0.00715286321621907 0.00657776358379422
0.372509280335811 0.48314735513442
0.600474204078236 0.46214061278694
0.0270165155859513 0.054712032078636
0.395249647908878 0.516686723633467
0.475184512867388 0.446282994212594
0.129565839223734 0.037030282153953
0.569409819455802 0.503052242125153
0.373044104341324 0.487702608352758
0.0575460762028702 0.00924514952208982
0.716140992902938 0.58636207566991
0.230707372991541 0.402821902055922
0.0531516341055154 0.0108160222741754
0.709368358973851 0.569974444176567
0.204256623007172 0.346457959478491
0.0863750180189698 0.0835675963449554
0.565126383395851 0.475694671598736
0.424304680570685 0.486025598536283
0.0105689360334747 0.0382797298649792
0.724151641841511 0.589485094994242
0.271379816259894 0.406793978511509
0.00446854189859813 0.00372092649426129
0.588986507806612 0.451295128835666
0.4077599411853 0.538737109365793
0.0032535510080945 0.00996776179855076
0.624955562592331 0.517494247534571
0.346792919253408 0.447711296223304
0.0282515181542623 0.0347944562421202
0.501438054428359 0.506222114688756
0.461706592834124 0.456597671222637
0.036855352737521 0.0371802140886041
0.634029057307433 0.637614842816789
0.353786647118417 0.358801184417865
0.0121842955741488 0.00358397276534518
0.338738230350181 0.487494567370216
0.617761252512465 0.484187220797806
0.0435005171373642 0.0283182118319862
0.371457627116508 0.450848024068705
0.58618480765318 0.544878961678823
0.0423575652303211 0.00427301425246538
0.584959012096976 0.597523967374642
0.349350158842468 0.401343063989695
0.0656908290605638 0.00113296863565315
0.685941427926029 0.48623100455798
0.31330370837815 0.495901180171341
0.000754863695828482 0.0178678152706823
0.42912896230098 0.335805987602747
0.533175852921759 0.6399689521745
0.037695184777264 0.0242250602227638
0.412741632978928 0.358677550413315
0.553262129164635 0.625379065426049
0.0339962378564397 0.015943384160625
0.565420764582715 0.485007295967365
0.407753606699886 0.486080136697756
0.0268256287173866 0.0289125673348681
0.433195835447749 0.364848903675755
0.52562631569435 0.61918832677485
0.0411778488579027 0.0159627695493984
0.33817813006348 0.45892011183751
0.652077442741743 0.508025678972331
0.00974442719479463 0.0330542091901628
0.525563025392387 0.462925891769525
0.427176060754566 0.529427563405591
0.0472609138530444 0.00764654482488687
0.33945687849208 0.487947917392446
0.653480688558943 0.48987538390656
0.00706243294897805 0.0221766987010013
0.360436201783519 0.4269934637385
0.618658236810643 0.552942808080656
0.0209055614058352 0.0200637281808542
0.696241763298456 0.63444199553004
0.292153282123648 0.329059589162538
0.0116049545779077 0.0364984153074212
0.679196268531642 0.603786615699161
0.271118412703486 0.372987972867483
0.0496853187648867 0.0232254114333609
0.626613305840737 0.461859526494381
0.35659112983402 0.502171890399721
0.0167955643252511 0.035968583105898
0.749497074560051 0.573544191188831
0.229179832957179 0.402408995638321
0.0213230924827825 0.0240468131728462
0.28955603856499 0.417810320825441
0.698022315993513 0.579574827649825
0.0124216454414945 0.00261485152472997
0.464963581779595 0.448866268603691
0.479697621304791 0.475322639123594
0.0553387969156257 0.0758110922727156
0.668440509898449 0.528510670320709
0.317118734592407 0.446314960684406
0.0144407555091566 0.025174368994891
0.337614525651128 0.348271199335329
0.652426702890397 0.629557617397608
0.00995877145848208 0.0221711832670692
0.477575590892566 0.490535143766583
0.518461169228036 0.498923650739627
0.00396323987939726 0.0105412054937848
0.2549371790224 0.419645877166204
0.700576353395501 0.553419589883447
0.0444864675820863 0.0269345329503494
0.267491871114905 0.338384207052569
0.709546764118964 0.645341681880271
0.0229613647661274 0.0162741110671551
0.653702584871394 0.470931870058162
0.342215482690418 0.506922595924791
0.00408193243818334 0.0221455340170509
0.406429043717759 0.452421657863681
0.588266528033883 0.530018485906663
0.00530442824837704 0.0175598562296687
0.540726700626137 0.480450128435734
0.426128306455459 0.472939029178501
0.0331449929183947 0.0466108423857717
0.492064751363344 0.495993152775683
0.501892361687229 0.480176981570647
0.00604288694941782 0.0238298656536721
0.432694717664411 0.413726878692675
0.562471632453549 0.584093652168194
0.00483364988203192 0.00217946913911505
0.449266317202371 0.464720411419064
0.511808086210028 0.490338231685253
0.0389255965875952 0.044941356895696
0.53550216229509 0.489663671425247
0.463603296287336 0.465148564243122
0.000894541417563069 0.0451877643316396
0.31119519777596 0.426692969717862
0.668142041920646 0.517729554437398
0.0206627603033912 0.0555774758447337
0.381405264847275 0.306626194643492
0.602074033647853 0.67006120126251
0.0165207015048652 0.0233126040939927
0.34311810161443 0.299679337174644
0.643399153884392 0.68196935444428
0.0134827445011734 0.0183513083810642
0.520662358456534 0.449893143930658
0.467768953980699 0.528827160313269
0.0115686875627704 0.0212796957560625
0.188773475406066 0.382604497629472
0.797056994325089 0.581305729451628
0.0141695302688494 0.036089772918906
0.63999210017322 0.467133156354292
0.32983846067978 0.518523172606894
0.0301694391470067 0.014343671038811
0.343098937453765 0.347611976597509
0.638922464576468 0.635789110709993
0.0179785979697589 0.0165989126924928
0.448414297861628 0.45626524803835
0.544626072297945 0.529798097498813
0.00695962984042949 0.0139366544628375
0.417545922218529 0.411468206451275
0.539113887853646 0.566117280791555
0.0433401899278331 0.0224145127571801
0.239861207633595 0.446630155602918
0.753215826407134 0.5388916809746
0.00692296595926142 0.0144781634224782
0.496247140384302 0.551429810115293
0.44583650082014 0.409137807937101
0.0579163587955496 0.0394323819475986
0.526540287535925 0.609471433796853
0.471892054170853 0.381519235293258
0.00156765829321092 0.00900933090988135
0.413875023952261 0.47652650840926
0.580604454244447 0.464253131646542
0.00552052180330215 0.0592203599442106
0.400760745504478 0.462280594465726
0.558162270617783 0.481554715593106
0.0410769838777512 0.0561646899411634
0.305576541700562 0.49493639316266
0.65915934786908 0.481659924913841
0.035264110430364 0.0234036819235065
0.532497699091707 0.603928652490751
0.444517889437407 0.35632324002404
0.0229844114708904 0.0397481074852131
0.427229953871212 0.361264083798746
0.525036077965655 0.587104278921872
0.0477339681631294 0.051631637279366
0.681466079542545 0.470956346257977
0.302312647021749 0.50600276994076
0.0162212734357059 0.0230408838012734
0.4163541475753 0.441012982573873
0.583045963148648 0.541045003100123
0.000599889276071293 0.0179420143259997
0.441270662159809 0.653591903917406
0.548055681352038 0.323100373463744
0.010673656488147 0.0233077226188453
0.159889383592088 0.455437128827934
0.833296042470798 0.53168134953393
0.00681457393711891 0.0128815216381342
0.549074589689169 0.5789260749756
0.43910466878395 0.335236002667159
0.0118207415268827 0.0858379223572302
0.673021718594669 0.570263863545964
0.312996705944238 0.384045778042644
0.0139815754610968 0.0456903584113845
0.589337679723542 0.418000964096048
0.390530803462463 0.49792419944436
0.0201315168140009 0.0840748364595909
0.479686776515113 0.536793358584662
0.482261887992919 0.408397854712292
0.0380513354919642 0.0548087867030347
0.474305444516293 0.587354683802403
0.512878357176831 0.402012617028849
0.0128161983068667 0.0106326991687433
0.35659161911129 0.426090099757232
0.520218083765594 0.552854502720437
0.12319029712313 0.0210553975223214
0.492152738339142 0.642693793054378
0.449601799308292 0.348266456173312
0.0582454623525741 0.00903975077230877
0.54161986449442 0.574563461859798
0.417005053596581 0.399646011984505
0.0413750819089923 0.0257905261556853
0.682751311966841 0.659908275027988
0.228892525636664 0.324832386734584
0.0883561623965092 0.0152593382374282
0.473451860593608 0.510972139994522
0.480316519198993 0.388138432560483
0.0462316202074015 0.100889427444984
0.474381261070974 0.623309526439232
0.509215658723859 0.366814690717041
0.0164030802051695 0.00987578284372877
0.633420621200187 0.555870230453009
0.322178053898291 0.429779738153287
0.0444013249015066 0.0143500313937063
0.60864431162128 0.594090647796403
0.382311637365154 0.393308580232083
0.0090440510135501 0.0126007719715256
0.527317726673462 0.391281177732918
0.449073054333971 0.555234812034298
0.0236092189925558 0.0534840102327934
0.406274356118213 0.492639076594287
0.591559848273493 0.476835435955588
0.00216579560830611 0.0305254874501297
0.807429044117919 0.64285415245762
0.164084047540737 0.317066446619607
0.0284869083413414 0.0400794009227745
0.629182945664414 0.581809114196107
0.349333537548944 0.369711185764794
0.0214835167866347 0.0484797000391075
0.436005793653975 0.503506836212803
0.51989919240236 0.459331119402198
0.0440950139436751 0.0371620443850027
0.370485666120094 0.595222550259234
0.598904454695413 0.391550719207378
0.0306098791844827 0.0132267305333803
0.280511779693788 0.439966286011104
0.702251798617555 0.541843061810083
0.0172364216886721 0.0181906521788075
0.565420317868144 0.525483203397601
0.428159464553593 0.424018175769407
0.0064202175782552 0.0504986208329873
0.438193022096698 0.298291119905833
0.518807780729031 0.695207157507483
0.0429991971742853 0.00650172258667776
0.698583721086733 0.575846341801817
0.245447450804241 0.396154498289723
0.0559688281090185 0.0279991599084622
0.632884374328526 0.663683704446
0.335619021305945 0.334059747608562
0.0314966043655194 0.00225654794543322
0.391320943851271 0.358131039082429
0.598023960122817 0.618603909005284
0.010655096025906 0.0232650519122863
0.290818721758378 0.432316581582752
0.675932543175173 0.55915969205161
0.0332487350664472 0.00852372636562666
0.35345242657325 0.41403178080679
0.64039405494071 0.557415010945887
0.00615351848605404 0.0285532082473206
0.207040633024659 0.441932363683651
0.792153368052859 0.483941067072124
0.00080599892248413 0.0741265692442194
0.730234067189144 0.611965492242336
0.238426649486459 0.383601383097324
0.0313392833243913 0.00443312466034384
0.817313161807419 0.590905821629856
0.143053344162165 0.354226067901985
0.039633494030423 0.0548681104681634
0.48872104604537 0.600369333682067
0.486218410339646 0.38692399600783
0.0250605436149837 0.0127066703101063
0.597316072212723 0.453998883693368
0.3715503819105 0.531330673943444
0.0311335458767736 0.0146704423631962
0.775103809151043 0.432926233396078
0.20508524300715 0.538982298394675
0.0198109478418043 0.0280914682092363
0.593364584147241 0.358990518565804
0.377012369697638 0.596924382963847
0.0296230461551235 0.0440850984703403
0.555999808367303 0.578850291413855
0.402519463780431 0.389182900052732
0.041480727852268 0.0319668085334142
0.44763578361428 0.288725199035186
0.532175360821514 0.673244384011541
0.0201888555641943 0.0380304169532623
0.746616557152333 0.595864919535655
0.211434267237422 0.373192022605925
0.0419491756102482 0.0309430578584147
0.537795166689236 0.499534297644192
0.431113195565672 0.440773555998306
0.0310916377450933 0.0596921463574917
0.623128805983697 0.55234147963044
0.353349584636508 0.439399333109007
0.0235216093797919 0.00825918726056683
0.392337983180858 0.469188350077105
0.588853855865481 0.527124161315161
0.018808160953654 0.00368748860772325
0.206478935698045 0.480800192377459
0.778103304403089 0.517237882239612
0.0154177598988689 0.00196192538293032
0.49820757150481 0.512852903988911
0.477437235065697 0.486840621022608
0.0243551934294807 0.000306474988488374
0.456248837081299 0.570756691731602
0.534923761851119 0.415793592141807
0.00882740106759174 0.0134497161266006
0.45167649581936 0.488121626274226
0.520562720859613 0.509216316927625
0.0277607833210282 0.00266205679813309
0.566831029739262 0.486362110922415
0.407635060757592 0.510026776127703
0.0255339095031446 0.00361111294987415
0.575624043896599 0.41501598605834
0.399288219449562 0.563862770989998
0.0250877366538341 0.0211212429516601
0.449581190147338 0.532700738281161
0.546107439778719 0.397030174364266
0.00431137007395489 0.0702690873545728
-999 -999
-999 -999
-999 -999
-999 -999
-999 -999
-999 -999
