50
50
50
46
45
42
38
42
45
44
46
44
51
37
25
19
16
11
14
19
16
20
16
11
11
15
12
11
13
11
12
9
7
7
6
9
9
10
11
7
8
7
10
6
13
11
8
12
9
11
9
11
9
12
12
10
14
9
11
11
11
9
8
9
9
8
7
8
7
6
7
7
5
4
8
5
5
5
5
4
5
8
4
5
4
4
5
6
5
5
7
6
6
8
5
7
4
5
6
5
4
4
4
4
4
5
5
5
5
6
4
4
4
5
4
8
4
4
5
4
7
4
4
4
7
4
4
5
5
5
4
4
5
5
5
4
5
6
6
6
5
5
4
6
5
6
4
6
6
7
13
10
9
7
7
7
6
7
8
9
7
9
7
7
9
10
7
10
8
9
12
11
7
8
9
8
8
11
9
6
7
6
10
8
11
7
9
9
10
8
7
9
6
12
8
12
8
9
7
6
8
7
9
7
8
7
7
10
9
6
8
9
11
7
8
8
7
5
5
8
6
8
10
8
6
5
6
4
5
4
7
9
7
4
4
6
5
4
5
5
4
5
6
5
4
6
5
6
4
7
6
4
6
5
6
5
6
8
8
4
5
6
4
6
5
5
4
4
5
5
4
10
6
6
7
5
6
4
4
4
6
7
5
5
4
4
8
5
5
6
7
7
5
4
4
5
5
4
5
5
6
4
6
5
4
4
5
7
4
5
4
5
4
5
4
4
4
5
4
4
4
5
4
4
4
4
5
4
6
5
5
5
4
4
4
4
5
4
4
4
6
4
4
4
4
4
4
4
4
4
4
4
2
2
2
2
2
2
3
2
2
2
2
2
2
2
2
2
2
3
2
2
2
2
2
2
2
2
2
2
2
2
2
2
2
2
2
2
3
2
2
2
2
2
2
2
3
2
2
3
2
2
2
2
2
2
2
2
2
2
3
3
2
3
4
2
3
2
2
2
2
2
2
2
2
2
2
2
2
2
2
2
2
2
2
2
2
2
2
2
2
2
2
2
2
2
2
2
2
2
2
2
2
2
2
4
2
2
2
2
2
2
2
2
2
2
2
2
2
2
2
2
2
2
2
2
2
2
2
2
2
2
2
3
2
2
2
3
2
2
2
2
2
2
3
2
2
2
3
2
2
2
2
2
3
2
2
2
2
2
3
3
3
2
2
2
3
2
3
2
2
2
2
2
2
2
2
2
2
2
2
2
2
3
2
2
2
2
3
2
3
3
2
2
2
2
2
2
2
3
2
2
2
2
2
2
2
3
3
2
2
2
3
2
2
2
2
2
2
2
2
2
2
2
2
2
2
2
2
2
2
2
2
2
2
2
2
2
2
2
2
2
2
2
2
3
2
2
2
2
2
2
2
2
2
2
2
2
2
2
2
2
2
2
3
2
2
2
2
2
2
2
2
2
2
2
3
3
2
2
2
3
2
2
2
2
2
2
3
2
2
2
2
2
2
2
2
2
2
2
2
2
3
2
2
3
2
2
2
3
2
2
2
2
2
2
2
2
2
2
2
2
2
2
3
2
2
2
2
2
2
3
2
3
2
2
2
2
2
2
2
2
2
2
3
2
2
2
2
2
2
2
2
2
2
2
2
2
2
2
2
2
2
2
2
2
2
2
2
2
2
2
2
2
2
2
2
2
2
2
2
2
2
3
2
3
2
2
2
2
2
2
2
2
2
2
2
2
2
2
2
2
2
2
2
2
2
2
2
2
2
2
4
2
2
2
2
2
2
2
2
2
2
2
2
2
2
2
2
2
2
3
2
3
2
3
2
2
2
2
2
2
2
2
2
2
2
2
2
2
2
2
2
2
2
2
2
2
2
2
2
2
3
2
2
2
2
2
2
2
2
2
2
2
2
2
2
2
3
2
2
3
2
2
2
2
2
3
2
3
2
2
2
2
3
2
2
2
2
3
2
2
2
2
2
2
2
2
2
2
2
2
2
3
2
2
2
2
2
2
2
2
2
2
2
2
2
2
2
2
2
2
2
2
2
2
2
2
2
2
2
2
2
2
2
2
2
2
2
2
2
3
3
2
2
2
2
2
2
2
3
3
2
2
3
3
4
2
2
2
2
2
3
2
3
2
3
2
2
2
2
2
2
2
2
2
2
2
3
2
2
2
2
2
2
2
2
2
2
2
2
2
2
2
2
2
2
2
3
2
2
2
2
2
2
2
2
2
2
2
2
2
2
2
2
2
2
2
2
2
2
2
2
2
2
2
3
2
2
2
2
2
2
2
2
2
2
2
2
2
