0.817621830513177 0.426340772827283
0.177481783344451 0.274155461632327
0.00489638614237221 0.299503765540389
0.860763892936376 0.426614443968316
0.132894455930769 0.303707041540722
0.00634165113285542 0.269678514490964
0.721183572668586 0.416264822843506
0.275457802975916 0.326942701812721
0.00335862435549812 0.256792475343776
0.72924001286806 0.410171974795493
0.266843224676715 0.307693560474181
0.00391676245522657 0.282134464730325
0.781592350588018 0.480969308756308
0.214878663839792 0.215647677389798
0.00352898557218945 0.303383013853894
0.761503684464474 0.496890724311245
0.234597795877649 0.226222232307195
0.00389851965787565 0.27688704338156
0.698297064773365 0.486589960596328
0.297943458235569 0.294400598657337
0.00375947699106611 0.219009440746335
0.741718877494779 0.410654779466625
0.25524305502179 0.223050510838307
0.00303806748343135 0.366294709695068
0.640480073993854 0.383524037666577
0.357673654201696 0.37407556785607
0.00184627180444817 0.242400394477353
0.706062702511658 0.425101092875664
0.289922130141477 0.303003719953526
0.00401516734686349 0.27189518717081
0.710653994088168 0.37687769114717
0.285773869859755 0.365827170938254
0.00357213605207721 0.257295137914576
0.690557108525297 0.427586595032945
0.306060121992267 0.323704741943762
0.00338276948243748 0.248708663023294
0.719918244219671 0.434008844048185
0.277083999586992 0.300893081787411
0.00299775619333599 0.265098074164404
0.701146426612334 0.39496418055057
0.296719706860756 0.363724761443816
0.00213386652690866 0.241311058005613
0.81397694972979 0.440883812888421
0.180669623363633 0.281790909963542
0.00535342690657921 0.277325277148037
0.728627907463045 0.438414726373013
0.268026756033514 0.332731573580004
0.00334533650344095 0.228853700046981
0.75753658561772 0.435522739536911
0.239159572780979 0.334102845521455
0.00330384160129979 0.230374414941634
0.625149743988506 0.430215139442254
0.373243801192712 0.310710504198847
0.00160645481878109 0.259074356358898
0.730978452018251 0.526084048707605
0.265010767176445 0.224608874473461
0.00401078080530423 0.249307076818935
0.685603455255412 0.366869642411181
0.311097846808112 0.389229765552213
0.00329869793647762 0.243900592036607
0.792581979665258 0.447656066677117
0.203011914485183 0.305215410839274
0.00440610584955764 0.247128522483608
0.760831765297443 0.357160320444972
0.23608786862849 0.323951288963743
0.00308036607406775 0.318888390591285
0.782339498116511 0.418095925829035
0.2133297768647 0.227809853813155
0.0043307250187878 0.354094220357809
0.787716387885375 0.408914199632163
0.207790129656686 0.276866051562778
0.00449348245793797 0.314219748805057
0.785673625185754 0.415929403300445
0.21083289755118 0.331500681987075
0.00349347726306613 0.252569914712479
0.740094058934513 0.422596083256323
0.256985053293157 0.311797368548278
0.00292088777233002 0.2656065481954
0.623465578057026 0.44639162655913
0.374326778298108 0.339739536046963
0.00220764364486541 0.213868837393908
0.801697224071131 0.467589979471421
0.193444768082974 0.235765388489355
0.0048580078458946 0.296644632039223
0.776982200115195 0.494022294460215
0.219856032664116 0.232749637252716
0.00316176722068776 0.273228068287069
0.784701841426834 0.492706802659568
0.210361273025587 0.241006819838924
0.00493688554757623 0.266286377501509
0.8382160695601 0.338772323205123
0.157298484966154 0.305479171668124
0.00448544547374637 0.355748505126752
0.674005112895282 0.414463526235377
0.323801563647965 0.298641328346197
0.00219332345675435 0.286895145418425
0.74739767254829 0.488334537809448
0.248682008533597 0.225743467128918
0.00392031891811248 0.285921995061636
0.797073427467567 0.455162151451726
0.199738383149369 0.253869726968707
0.00318818938306376 0.290968121579565
0.756023479164167 0.46609993098264
0.23938407335479 0.270358403196043
0.00459244748104349 0.263541665821317
0.804083201182831 0.404152721221794
0.187950762250581 0.325659120520875
0.00796603656659128 0.27018815825733
0.731235129950428 0.369926450747273
0.265715731019303 0.280210226064818
0.00304913903026787 0.349863323187909
0.867070511205791 0.49395919927022
0.127115961692736 0.233629630221561
0.00581352710147201 0.27241117050822
0.712744661565925 0.4728631344528
0.283540221160027 0.239209156537794
0.00371511727404793 0.287927709009407
0.804357641366231 0.329456463617957
0.190206466543815 0.348997554531608
0.00543589208995283 0.321545981850435
0.834310944533409 0.47140182009556
0.160503959008082 0.291477824440004
0.00518509645851039 0.237120355464437
0.674464961975433 0.371743353824483
0.323455020037573 0.312562268571842
0.00208001798699379 0.315694377603674
0.86757864921603 0.498987043231651
0.125644750349425 0.240291684945553
0.00677660043454465 0.260721271822796
0.685871099908689 0.391963094042853
0.311913462505177 0.387090584407383
0.00221543758613328 0.220946321549766
0.767301134073771 0.39952989415015
0.229122104832955 0.264616056825966
0.00357676109327494 0.335854049023882
0.65545748098389 0.393991202560864
0.341820599193845 0.344779330009014
0.00272191982226607 0.261229467430122
0.70552125044095 0.431455916948124
0.292115639567913 0.295779593140895
0.00236310999113943 0.27276448991098
0.667059139434361 0.506389438093459
0.330875203066248 0.259928515445953
0.00206565749939059 0.233682046460587
0.783520567269146 0.430580277923488
0.212081285455935 0.268343741242382
0.0043981472749224 0.301075980834127
0.698261790310416 0.298862031385519
0.297231599766931 0.470678579439585
0.0045066099226523 0.230459389174897
0.744596007298761 0.392574104371619
0.251711891498184 0.385700479527049
0.00369210120305453 0.221725416101332
0.687701339679979 0.509725680474889
0.309711403937567 0.237100055265059
0.00258725638245215 0.25317426426005
0.70016801514319 0.381550882882015
0.297741847922372 0.356168338086959
0.002090136934438 0.262280779031026
0.74671510110337 0.485761831695377
0.250844937269559 0.219361441243147
0.00243996162706967 0.294876727061477
0.665088106579719 0.397033122016802
0.332976273915092 0.307375656626962
0.00193561950519081 0.295591221356235
0.861788114240818 0.491559565325847
0.129656566253568 0.226387701108386
0.00855531950561452 0.282052733565766
0.647905904715891 0.429267009475106
0.347996670551495 0.306330116208249
0.00409742473261287 0.264402874316646
0.745305330225077 0.514779611522469
0.251892109873066 0.241127330396762
0.00280255990185598 0.244093058080771
0.647274118643403 0.341161423371955
0.350278985459365 0.355696959325816
0.00244689589723297 0.303141617302229
0.797112999650822 0.444974041761214
0.195326359456113 0.259077452028411
0.00756064089306403 0.295948506210374
0.614945063411299 0.422394095531163
0.383510615347523 0.345957042322149
0.00154432124117932 0.23164886214669
0.606924197935183 0.367529583935681
0.391384634582227 0.387150647070577
0.00169116748258902 0.245319768993741
0.682869624830284 0.446682361135326
0.313907766150528 0.317877230928419
0.00322260901918664 0.235440407936256
0.678063423019117 0.371731249670129
0.319973551375303 0.351027675586839
0.00196302560557987 0.277241074743034
0.784139872565533 0.433783850551967
0.206214283024098 0.325181224292749
0.00964584441036856 0.241034925155283
0.824768388385935 0.453324334760714
0.167027693291929 0.245118562570649
0.00820391832213685 0.301557102668637
0.732067913614666 0.441730697636857
0.264704177332615 0.328630877056896
0.00322790905271693 0.229638425306248
0.693200244813041 0.455762729205515
0.304600514171371 0.279291071698905
0.00219924101558767 0.264946199095579
0.582887741562827 0.375619340811585
0.415176454348061 0.388576102882507
0.00193580408911256 0.235804556305908
0.714818721526437 0.420768981638704
0.281668090311074 0.330135418063872
0.00351318816248842 0.249095600297424
0.737319216800296 0.471500239546862
0.259151216031344 0.26264607762308
0.00352956716836297 0.265853682830058
0.756984895919929 0.410575707463924
0.238859800253695 0.338509389745915
0.00415530382637549 0.25091490279016
0.737793804500212 0.441762934779179
0.258908716755636 0.288185049631573
0.00329747874415071 0.270052015589246
0.795838784181889 0.5231560577379
0.199474993884254 0.216475194038637
0.00468622193385544 0.260368748223465
0.813394404380544 0.509280595489486
0.182031017457523 0.218233817569987
0.00457457816193405 0.272485586940526
0.80173622641998 0.445205261861504
0.193564618001941 0.264805057534241
0.0046991555780792 0.289989680604254
0.728372185827433 0.409751444104257
0.266821853443442 0.305770193098111
0.00480596072912474 0.284478362797631
0.647922288700419 0.44158696755023
0.349607757964245 0.284142420440981
0.00246995333533653 0.274270612008792
0.764139763987693 0.368839213782692
0.232450497728076 0.302998303088845
0.0034097382842308 0.328162483128465
0.787035709614114 0.400393832264568
0.205317096500771 0.35714365745289
0.00764719388511536 0.242462510282543
0.704070032038537 0.354951534635268
0.293571251736738 0.35003442478127
0.00235871622472829 0.295014040583462
0.772852894083881 0.427976705873072
0.222523075822869 0.290310321313826
0.00462403009324743 0.281712972813101
0.838564355028019 0.406653658480166
0.156725855154003 0.295728665171911
0.00470978981797789 0.297617676347922
0.78136178501705 0.397057156359029
0.215027658531171 0.275715577531251
0.00361055645178051 0.327227266109721
0.785165623891724 0.452256331879955
0.209402363624222 0.228024470017511
0.0054320124840543 0.319719198102534
0.816282221077404 0.506049496872422
0.177312935050397 0.266577203029792
0.00640484387219797 0.227373300097786
0.591182006905966 0.358499633794585
0.407443098715638 0.417774409999506
0.0013748943783954 0.223725956205909
0.80828936679502 0.454988870245493
0.187791913996359 0.207374817984135
0.00391871920862037 0.337636311770373
0.841354920628894 0.43560579950421
0.148153682635347 0.297099859266148
0.0104913967357613 0.267294341229641
0.615742424907463 0.397673826769959
0.381717909662889 0.332246360232545
0.00253966542964785 0.270079812997498
0.787605947550062 0.389151022405484
0.208699772265931 0.306141032377532
0.00369428018400668 0.304707945216982
0.772624563058161 0.408176910956892
0.224621157918057 0.319568125656193
0.00275427902378129 0.272254963386916
0.804702868582776 0.455496561322032
0.186207036269467 0.299938563432918
0.00909009514775728 0.244564875245048
0.770510349982104 0.334960657618366
0.224432305567096 0.400525392452387
0.00505734445079942 0.264513949929247
0.721408018101517 0.434948660469194
0.275288768803405 0.319683716591016
0.0033032130950789 0.24536762293979
0.717946146937327 0.479583577185054
0.278768801509899 0.268326087146401
0.00328505155277647 0.252090335668543
0.633476060394421 0.370924231206815
0.364308266654296 0.416232265339388
0.00221567295128331 0.2128435034538
0.745490424451986 0.477494775866143
0.248569570251443 0.254755138914863
0.00594000529656992 0.267750085218993
0.73543604274108 0.430080192212792
0.261821105683244 0.332111282997252
0.0027428515756763 0.237808524789956
0.724848496269912 0.519908273992253
0.272051965596282 0.260805006010764
0.00309953813380451 0.219286719996983
0.795433849786621 0.431472320301112
0.196401368729845 0.321108959672694
0.00816478148353458 0.247418720026193
0.687388720524435 0.346819448953649
0.309802276266359 0.360623177605784
0.00280900320920866 0.292557373440568
0.718666836896002 0.359048320436265
0.278254755196865 0.419686409826618
0.00307840790713326 0.221265269737116
0.78051993997656 0.420819934290688
0.215629853093546 0.311324407210656
0.00385020692989505 0.267855658498659
0.723093125722783 0.419760083404128
0.271675634369187 0.366624153935871
0.00523123990802998 0.213615762660001
0.70783793761413 0.428676351170663
0.290029036832584 0.351403966100481
0.00213302555328782 0.219919682728854
0.889109000814292 0.444058468420126
0.099146355872648 0.229784142503466
0.0117446433130609 0.326157389076408
0.784981679678193 0.364845205438649
0.210368944832446 0.376639261628496
0.00464937548936092 0.258515532932855
0.793768135140462 0.381596155426487
0.202496928426659 0.313897419542392
0.0037349364328803 0.304506425031122
0.863697785117107 0.388563560574955
0.130453004472121 0.262431501822478
0.0058492104107719 0.349004937602567
0.762228034640238 0.402450711127317
0.234844428709357 0.247432176447222
0.00292753665040422 0.350117112425462
0.754380000899802 0.403807639937214
0.24193762342211 0.342096606564934
0.00368237567808739 0.254095753497853
0.686061218042004 0.455985710390452
0.309561314144626 0.338426098298083
0.00437746781337144 0.205588191311467
0.755440493155265 0.410993645321259
0.240482466852952 0.358810023466016
0.00407703999178272 0.230196331212725
0.757686275261109 0.472579812633161
0.238643616027522 0.278660808477508
0.00367010871136578 0.248759378889332
0.741978428310211 0.440212497619218
0.25400954309051 0.341021399676212
0.004012028599278 0.21876610270457
0.765610998744902 0.426563331314668
0.229443043591322 0.229541023414515
0.00494595766377572 0.343895645270817
0.822422039319755 0.324159573750458
0.173543533588103 0.351442087717744
0.00403442709214256 0.324398338531798
0.67206823396015 0.356720950923864
0.325546128709356 0.422757652434094
0.00238563733049232 0.220521396642042
0.73811533057051 0.536682611010642
0.2571694688378 0.199234167765846
0.00471520059169024 0.264083221223512
0.653960091207985 0.327304798347151
0.344451077714347 0.458211049473527
0.00158883107766734 0.214484152179321
0.811048247538213 0.496639262012998
0.184236806012089 0.25250835031917
0.00471494644970077 0.250852387667832
0.855680933903368 0.465840856688257
0.138499536127621 0.272545083184304
0.00581952996901158 0.261614060127438
0.804311221968444 0.438367756399076
0.186421966457575 0.253849006651347
0.00926681157397803 0.307783236949578
0.727828974661917 0.408213029582116
0.268466428647811 0.308686626662624
0.00370459669027114 0.28310034375526
0.668861582089287 0.433010775058137
0.328162333006274 0.308271272034627
0.00297608490443924 0.258717952907237
0.744317345426412 0.370600942312117
0.248649974964541 0.392257397966166
0.00703267960904549 0.237141659721715
0.682021124059593 0.475918340054971
0.314472230295168 0.253645373978509
0.00350664564523838 0.270436285966521
0.675838989339834 0.431987225243175
0.32187019206016 0.335897357398283
0.00229081860000566 0.232115417358541
0.733833211860319 0.445409170276247
0.263020985693264 0.31352778898523
0.00314580244641557 0.241063040738521
0.671468047721491 0.461095823945435
0.326702286655184 0.293569383308501
0.00182966562332495 0.245334792746066
0.701581257787923 0.410155895409371
0.295460505304111 0.37097491644047
0.00295823690796705 0.21886918815016
0.750079725111796 0.369704346882467
0.245529344908339 0.394692718885388
0.00439092997986467 0.235602934232144
0.664028609953892 0.437175740196425
0.332573257340095 0.332721538499345
0.00339813270600998 0.230102721304228
0.781506611879917 0.442517502600043
0.21439169145618 0.280134768540547
0.00410169666390311 0.277347728859409
0.830006189197245 0.496617956512286
0.165201046370428 0.220419107189179
0.00479276443232503 0.282962936298534
0.694071279855468 0.413102890869258
0.302490970863942 0.34391955819268
0.00343774928058952 0.242977550938063
0.827593205646969 0.419594710207728
0.166751662484845 0.351834828068299
0.00565513186818702 0.228570461723974
0.779578471235444 0.425241993555897
0.215532282842832 0.333212537867632
0.00488924592172396 0.241545468576471
0.771493147122824 0.446152624292397
0.224856829912777 0.235565150186159
0.00365002296440109 0.318282225521442
0.772310033109263 0.447384882682773
0.223765038247878 0.277527377232627
0.00392492864285736 0.275087740084599
0.797654139431228 0.441382837175846
0.198688639056942 0.287819143000987
0.00365722151183048 0.270798019823168
0.735308555182106 0.341034863040853
0.262077611512645 0.404747488449342
0.00261383330524762 0.254217648509807
0.769283704150127 0.530877981028458
0.227287335929705 0.239764254793643
0.00342895992016763 0.229357764177899
0.790871439220714 0.450595219230024
0.206098662031889 0.258768421434578
0.00302989874739714 0.290636359335397
0.607558115750821 0.526606897233624
0.389564900897533 0.205985772549907
0.00287698335164469 0.26740733021647
0.767183916514864 0.484476799754712
0.22900505104976 0.215791558134244
0.00381103243537698 0.299731642111043
0.747373611999109 0.414089501893994
0.247931673938941 0.304691436095019
0.00469471406194958 0.281219062010988
0.6738269997549 0.34890602745819
0.322730822956101 0.40153946396183
0.00344217728899853 0.249554508579982
0.802669036742887 0.497941899568419
0.190393613298085 0.189611899144333
0.00693734995902866 0.312446201287248
0.742535921189683 0.454979235618892
0.253717823901403 0.26189901628219
0.00374625490891465 0.28312174809892
0.680707945881914 0.345877849040149
0.316880396820024 0.272935259260534
0.00241165729806097 0.381186891699315
0.739144489917082 0.446372704744159
0.257133768024612 0.300396585681291
0.00372174205830496 0.253230709574549
0.784652734587165 0.440757525270297
0.208730521543961 0.306820050321615
0.00661674386887347 0.25242242440809
0.767220225675201 0.399643563051123
0.229561287189487 0.308002104846376
0.00321848713531213 0.292354332102502
0.764966988039877 0.444819938195865
0.231363629796347 0.253490563416303
0.00366938216377445 0.30168949838783
0.817786211001426 0.461221376053751
0.175206245389013 0.227129542071905
0.0070075436095594 0.311649081874343
0.697498826191337 0.426800623997498
0.299906410422595 0.274850746118637
0.00259476338606731 0.298348629883867
0.790270135505814 0.528993874020633
0.205819702793309 0.208537187968084
0.00391016170087926 0.262468938011282
0.804081614413028 0.433315348485715
0.191161818145688 0.341025942707948
0.00475656744128563 0.225658708806337
0.639900691986224 0.396582988805395
0.358274095146982 0.347395702720124
0.00182521286679137 0.25602130847448
0.764001702493705 0.495194036172069
0.232096854593064 0.281864022508325
0.00390144291322925 0.222941941319607
0.623195495996951 0.456525428012443
0.374788706773182 0.295588976723921
0.00201579722986807 0.247885595263635
0.769309683546029 0.423164925799052
0.226860204470916 0.266540798056899
0.00383011198305479 0.310294276144049
0.689547728255743 0.450198460962278
0.307867886567619 0.330755660689197
0.00258438517663842 0.219045878348526
0.716456216663424 0.44657536884128
0.279300956282775 0.265609690634679
0.00424282705380059 0.287814940524039
0.661010663619871 0.416999116017206
0.336243658775592 0.291468083713832
0.00274567760453787 0.291532800268963
0.815884126511577 0.37990605040245
0.179185282587806 0.409854224865573
0.00493059090061813 0.210239724731977
0.684910274777525 0.459034004731322
0.311519987545961 0.305850135414672
0.00356973767651191 0.235115859854006
0.81878466710539 0.382570171998235
0.175936857160576 0.299488726771269
0.0052784757340349 0.317941101230495
0.819428560717923 0.455162422142494
0.174326164748635 0.263465054556507
0.0062452745334417 0.281372523301
0.853940952947308 0.371439007666521
0.135468319787384 0.291661154922813
0.0105907272653092 0.336899837410667
0.835187676329067 0.480553112564642
0.158669946904134 0.232583869209624
0.00614237676679869 0.286863018225732
0.63768812300517 0.360161757383632
0.359995453735395 0.340636880295066
0.00231642325943499 0.299201362321302
0.700185590668092 0.335824940737818
0.297237866569096 0.423097383282297
0.00257654276280923 0.241077675979882
0.763101283926397 0.4875938808315
0.232334282469839 0.205913257199965
0.0045644336037666 0.306492861968536
0.750626503405821 0.493593101615933
0.245421566811855 0.235730122787181
0.00395192978232297 0.270676775596888
0.791017239783963 0.415428611785611
0.203380690007314 0.333424877668919
0.00560207020872385 0.251146510545469
0.694413305823165 0.398899077285583
0.303786276010069 0.293993474101974
0.00180041816676711 0.307107448612442
0.752857247104773 0.450440771915395
0.244369221188372 0.286662846300459
0.00277353170685537 0.262896381784148
0.856734496740049 0.41048410515513
0.138054728885192 0.228912895231043
0.00521077437475727 0.360602999613828
0.664056585956878 0.369269447622755
0.333906144698902 0.414463412217162
0.0020372693442212 0.216267140160082
0.703977024206343 0.394527725313383
0.29259720003719 0.334092707860283
0.00342577575646764 0.271379566826334
0.744260017643368 0.458041439194967
0.251766152617571 0.301547651149959
0.003973829739061 0.240410909655073
0.770649947691453 0.493841614595804
0.224622547897407 0.233076914401699
0.00472750441113835 0.273081471002497
0.722609405985854 0.447494892722795
0.274464453873355 0.32298439955713
0.00292614014078852 0.229520707720074
0.670354094141844 0.386161855013994
0.326898590773239 0.334149131934914
0.00274731508491756 0.279689013051094
0.668053076748105 0.376726535279227
0.330077678258335 0.375415153912506
0.00186924499356015 0.247858310808265
0.844463358975939 0.394254253424791
0.150849648900169 0.374745934779378
0.00468699212389352 0.23099981179583
0.683991137401952 0.353767122044103
0.312467349086381 0.382717765601412
0.00354151351166494 0.263515112354486
0.637930588954834 0.422618289445053
0.360185328879887 0.284415677881175
0.00188408216528004 0.292966032673773
0.660004815319881 0.37192765914071
0.338076231136501 0.396999598934435
0.00191895354361844 0.231072741924854
0.65665810435614 0.430291809505864
0.341689516516016 0.36928816034165
0.00165237912784514 0.200420030152485
0.684664682320808 0.403407779040479
0.312313726304428 0.327685652442492
0.00302159137476371 0.268906568517029
0.80572788370935 0.425907742368838
0.188954422039427 0.222258269658116
0.00531769425122301 0.351833987973048
0.796475535564405 0.468994235212897
0.199084659611586 0.276834632181985
0.00443980482400864 0.254171132605119
0.825758950937161 0.378134546060896
0.169601542468313 0.345080809740087
0.00463950659452823 0.276784644199016
0.785770533644407 0.416370834076593
0.208912375051595 0.245939479474063
0.00531709130400077 0.337689686449344
0.664945916622099 0.411923587820389
0.332891383009746 0.289808589176025
0.00216270036815621 0.298267823003587
0.803881051058772 0.388936247382447
0.192976981947365 0.244344101573793
0.00314196699386179 0.366719651043758
-999 -999
-999 -999
-999 -999
-999 -999
-999 -999
-999 -999
