325
321
317
308
310
309
290
297
266
257
242
237
227
228
213
203
185
185
170
151
147
129
97
90
77
67
61
62
51
46
39
34
42
40
37
35
33
30
27
22
20
25
26
26
30
33
36
30
30
26
23
22
28
29
22
17
26
40
32
35
21
29
22
29
27
30
27
25
28
39
36
27
27
23
22
24
22
30
37
27
30
26
18
22
14
25
27
21
29
39
30
22
29
23
24
19
26
23
19
20
21
17
12
15
13
10
12
14
11
18
16
14
10
11
17
18
20
22
12
16
15
15
16
14
11
11
17
23
15
23
13
12
15
14
19
18
13
21
13
13
14
10
16
17
10
12
14
13
20
10
9
10
21
25
28
19
19
15
18
18
16
13
19
19
24
17
11
19
16
18
19
9
11
10
12
18
25
14
15
15
13
25
21
18
20
11
13
9
12
9
11
17
13
18
17
18
15
20
17
14
15
13
14
12
12
10
15
12
10
21
10
14
12
16
21
14
11
13
13
14
11
23
9
16
10
15
14
12
14
11
11
12
14
14
16
16
22
25
14
17
23
16
10
18
16
17
19
13
16
12
14
12
16
22
14
15
24
12
16
14
16
16
15
12
18
14
20
7
16
12
23
11
15
14
10
10
13
13
13
13
11
13
8
11
11
11
15
11
18
16
16
22
15
15
17
21
29
30
18
18
19
20
18
18
19
22
12
11
11
12
17
18
11
13
14
9
14
21
19
14
13
13
11
14
17
14
14
11
11
14
9
11
10
16
17
14
13
19
20
18
16
13
18
13
18
17
15
15
15
11
16
18
13
13
13
12
12
13
18
11
14
15
15
15
15
11
11
16
14
11
13
17
12
13
16
8
10
14
17
10
17
12
15
21
19
12
12
14
13
12
9
11
11
14
18
13
15
10
15
18
16
14
14
13
15
10
14
11
11
10
14
9
17
9
16
12
18
27
17
18
19
15
13
12
14
15
13
22
23
16
11
10
13
19
21
17
16
17
13
16
10
19
12
13
16
11
14
11
10
15
22
15
17
16
17
18
13
11
14
10
15
10
15
21
20
14
21
14
21
9
9
10
17
15
13
23
17
21
13
12
8
11
11
14
20
14
18
17
13
14
10
13
17
11
15
24
21
8
13
22
19
11
17
14
11
11
9
12
14
19
20
10
14
13
10
14
18
9
16
15
12
19
16
23
26
11
19
12
14
11
14
9
14
10
12
17
14
16
21
13
15
17
19
12
11
1
2
1
1
1
1
2
1
1
2
1
1
1
1
1
1
2
1
1
2
2
1
1
3
3
1
4
2
1
1
3
2
2
2
2
1
2
1
2
2
1
1
1
1
2
1
1
3
1
1
1
1
1
1
1
1
1
2
1
2
1
1
1
1
1
1
1
1
1
1
2
1
1
1
2
1
1
1
1
1
1
1
1
1
1
2
1
1
2
1
2
1
3
1
1
1
2
1
1
2
1
1
1
1
1
1
1
1
3
1
1
3
1
1
1
1
2
2
1
1
2
1
3
1
1
4
1
3
1
2
4
1
1
1
1
1
1
1
2
1
2
1
4
1
1
1
1
2
1
1
1
1
1
1
1
1
1
1
2
2
1
2
1
1
1
1
1
2
1
1
1
1
1
1
1
1
1
1
1
2
1
1
1
1
1
1
1
1
2
2
1
1
1
2
1
1
1
2
1
3
4
1
3
1
1
2
1
4
2
3
1
1
1
2
1
1
1
3
1
1
2
1
2
3
1
1
1
2
1
1
1
1
9
3
1
2
2
1
1
2
1
1
1
1
2
1
1
2
1
3
1
1
1
1
2
2
1
1
5
2
2
4
1
2
2
1
1
1
2
1
1
1
4
2
1
1
1
2
1
1
1
1
1
1
1
1
1
1
2
1
1
1
1
2
1
2
3
1
1
2
1
2
1
1
1
1
1
1
1
5
1
1
1
1
1
1
1
1
2
1
1
2
1
2
1
3
1
1
1
2
1
1
1
1
2
1
1
1
1
3
1
1
1
3
1
1
2
1
1
1
1
1
1
2
1
1
1
1
1
2
5
2
1
1
1
3
2
1
1
1
1
1
1
1
1
2
1
1
1
1
1
1
1
1
1
1
1
2
1
1
1
1
1
2
1
1
1
3
1
1
1
1
1
1
2
1
1
1
1
1
1
1
1
1
1
1
1
1
2
3
1
1
1
1
1
2
2
1
1
1
3
1
1
1
1
2
1
1
1
1
1
1
1
1
1
1
4
1
1
1
1
2
1
3
1
