0.714180699195107 0.809617712007244
0.0524038817655722 0.181905357582242
0.233415419039321 0.00847693041050989
0.816416377044706 0.865112015976539
0.137876048725744 0.132411668439096
0.0457075742295514 0.00247631558436797
0.684969057713345 0.717633171095743
0.213096345748599 0.279779948736615
0.101934596538061 0.00258688016764456
0.629057627804732 0.727886497572406
0.317633514312744 0.271123320621864
0.053308857882517 0.000990181805728013
0.5852696874743 0.78118092724235
0.282487923656767 0.214891667541084
0.132242388868926 0.0039274052165576
0.62356764371668 0.764378879638604
0.284047736827115 0.23327200068905
0.0923846194562058 0.00234911967234957
0.603451059754933 0.700286273791232
0.330976335293854 0.296271805261621
0.0655726049512149 0.00344192094715513
0.556341390379959 0.741039988416989
0.35151412019551 0.255004170542862
0.0921444894245388 0.00395584104014463
0.537030296752303 0.64278226040101
0.359051798245107 0.354926303249855
0.103917905002587 0.00229143634913144
0.519469562141082 0.703198968221722
0.416580081550473 0.294095472188449
0.0639503563084378 0.0027055595898263
0.715484049417312 0.726095813101857
0.197267039902494 0.270814991869281
0.0872489106801924 0.00308919502885401
0.500624995670841 0.689972599954568
0.440138877143007 0.307490506547824
0.0592361271861646 0.00253689349761004
0.709802127262904 0.71327240600931
0.0909005510605113 0.283011872267093
0.19929732167658 0.00371572172360002
0.564960946885777 0.693374276643865
0.307343294814295 0.304339638979155
0.127695758299933 0.00228608437697805
0.591582793564513 0.82485426222462
0.296055344363957 0.17141189412398
0.112361862071532 0.00373384365140684
0.678055223122222 0.734585718128803
0.186065633677942 0.263093736867569
0.135879143199827 0.00232054500362243
0.547484563568784 0.766037475415373
0.189566782720112 0.228803447759737
0.26294865371111 0.0051590768248887
0.625122446033723 0.628070950388649
0.190401915647712 0.370670621355874
0.184475638318555 0.00125842825548594
0.674254664818188 0.738072703464143
0.168059268267224 0.256656649694423
0.157686066914594 0.00527064684144629
0.579833928990357 0.691298021294962
0.344673345275379 0.304157601179898
0.0754927257342694 0.00454437752514505
0.70250235598476 0.80789386193156
0.182784924727722 0.188836363081226
0.114712719287514 0.00326977498720901
0.689707647486691 0.754127826978761
0.212190058749783 0.242874325460952
0.0981022937635226 0.00299784756029574
0.668985071792918 0.783070952584856
0.286528081510669 0.212463126119512
0.0444868466964136 0.0044659212956412
0.671200912217661 0.788192270966967
0.188833317417812 0.20739886938695
0.13996577036452 0.00440885964606998
0.558473167719072 0.788356429552379
0.352401496981616 0.206468591475239
0.0891253352993118 0.00517497897237383
0.545799599336316 0.74057070844699
0.372173631775126 0.254530754806275
0.0820267688885587 0.00489853674673381
0.557541391881561 0.630647819075323
0.369351120034046 0.365535968630762
0.0731074880843973 0.00381621229391087
0.631239276371172 0.813787316410368
0.140222245830964 0.18243119906277
0.228538477797863 0.0037814845268772
0.554459732825639 0.767556818005117
0.364391793745832 0.229578705968359
0.081148473428528 0.0028644760265194
0.62757035587628 0.778843757161068
0.161680801471204 0.217815723893111
0.210748842652524 0.00334051894582765
0.676904060989625 0.831204756100601
0.211776197979943 0.161614737144736
0.111319741030438 0.00718050675466497
0.529689882581781 0.665255873302804
0.403006429773214 0.332897738824283
0.0673036876450069 0.00184638787291809
0.577397014089987 0.747144929868359
0.367786551686086 0.249639302711277
0.0548164342239202 0.00321576742037199
0.651899919148955 0.788869800798715
0.124402715688196 0.202750904873618
0.223697365162854 0.00837929432766423
0.671475715401033 0.751950518196629
0.136241798510515 0.24163291873132
0.192282486088452 0.00641656307205981
0.640148172375235 0.801574949700213
0.227223446045246 0.196880783830046
0.132628381579523 0.00154426646974327
0.649030511440817 0.725839534373767
0.204752591037092 0.271096936634496
0.146216897522097 0.00306352899174207
0.611471953121949 0.857540700060775
0.289412867036244 0.122822801099308
0.0991151798418106 0.0196364988399087
0.508623952960254 0.707885313890505
0.4322251182602 0.289235657581192
0.0591509287795509 0.00287902852829787
0.679809370054828 0.801586542831292
0.201929241806738 0.195470662591651
0.118261388138438 0.00294279457705208
0.636899767874117 0.822274327181961
0.239121857990289 0.172222685751648
0.123978374135593 0.0055029870663936
0.745936539779439 0.67472450445467
0.166455217028758 0.322669299404453
0.0876082431917969 0.00260619614087368
0.666486087471711 0.858963078991627
0.060857492153292 0.13686529256379
0.272656420374995 0.0041716284445926
0.665372275420356 0.687924140086849
0.226907647360566 0.308228460229679
0.107720077219081 0.00384739968347127
0.608814554906414 0.757010736829317
0.189101934945809 0.24060964253567
0.202083510147775 0.00237962063502192
0.666911735094723 0.655314910919066
0.256080502616601 0.34242141362299
0.0770077622886756 0.00226367545795254
0.580753447977687 0.700550128968724
0.284326866338236 0.296951161160553
0.134919685684084 0.00249870987072255
0.504549986151137 0.668796679068059
0.426898077669146 0.329733268323188
0.0685519361797131 0.00147005260875628
0.677977422618256 0.780992162809614
0.163962651229732 0.21423983893883
0.158059926152009 0.00476799825155771
0.583186821602398 0.715338180922771
0.302484643154843 0.283220626551445
0.114328535242751 0.00144119252578928
0.636259698178892 0.74659883835644
0.204169496017575 0.250274275988133
0.15957080580353 0.00312688565542557
0.616556048243812 0.691087950780124
0.253199133287377 0.306777434817158
0.130244818468808 0.00213461440272619
0.697893695908184 0.696442751208568
0.180475707877801 0.301277933992409
0.121630596214006 0.00227931479901753
0.650014827967536 0.745967248578028
0.213747258188824 0.252387714938219
0.136237913843639 0.00164503648375993
0.534773767435242 0.658880813241492
0.337119349690108 0.338418933336258
0.128106882874642 0.00270025342224261
0.73949847425821 0.856968608266469
0.108182084919648 0.133557085249715
0.152319440822136 0.00947430648382431
0.581369366729734 0.649071875584178
0.371613583633551 0.349676377508812
0.0470170496367219 0.00125174690701203
0.710506527346676 0.750379178830674
0.211676483426053 0.244109305811652
0.0778169892272793 0.00551151535766786
0.620369098442501 0.634348712929018
0.250446109872317 0.363996254995726
0.129184791685174 0.00165503207526622
0.725805436483977 0.806718656723342
0.164105620703475 0.188953887692043
0.110088942812539 0.00432745558461728
0.543305276444402 0.611115796265623
0.382258427668466 0.386216671432511
0.0744362958871218 0.00266753230186458
0.589687120813277 0.602328001031752
0.328591476150907 0.39627890150154
0.0817214030358094 0.00139309746671338
0.536542970910307 0.697812727488823
0.34985645106015 0.298939868789994
0.113600578029548 0.00324740372118182
0.722300434661392 0.671270651338875
0.104305035431831 0.325981298206489
0.173394529906769 0.00274805045463969
0.552644932712535 0.794246663059023
0.202551526240295 0.201093783329675
0.244803541047176 0.0046595536113005
0.748103177475659 0.828184187577062
0.105480492098368 0.166845838088981
0.146416330425964 0.00496997433396093
0.766682087073739 0.721051835129167
0.0451885273756236 0.275917806628783
0.188129385550648 0.00303035824205109
0.584367248454026 0.68701353970255
0.246014324738347 0.311520423661816
0.169618426807632 0.00146603663563812
0.452741566382612 0.596750341080108
0.469558991850568 0.40213964675561
0.0776994417668192 0.00111001216428212
0.631453685077168 0.713485624907538
0.309365660692348 0.280559816589341
0.0591806542304843 0.00595455850312907
0.547465198195204 0.748250259367078
0.317284179948393 0.248843838281583
0.135250621856401 0.00290590235133226
0.614870852826705 0.760088437879637
0.284582846545078 0.236719936438713
0.100546300628218 0.00319162568165188
0.817667315404746 0.722599309232295
0.119786400089991 0.266897399868329
0.0625462845052705 0.0105032908993708
0.654843232459491 0.794659255453428
0.196595388716589 0.196545283834644
0.148561378823932 0.00879546071192192
0.762642219720009 0.810293130550479
0.121288450584395 0.18010264606458
0.116069329695605 0.00960422338495338
0.734312110058578 0.798493375972554
0.110020589496911 0.196960673092316
0.155667300444513 0.00454595093511853
0.554662761039866 0.736219093237017
0.29134441928745 0.261681264050875
0.15399281967268 0.00209964271211547
0.5916365323349 0.649764249357031
0.363105767293349 0.347734037193623
0.0452577003717495 0.00250171344934633
0.692233204698346 0.765776840459886
0.097171269994206 0.2306176628252
0.210595525307445 0.00360549671491902
0.48112057967951 0.792798995744669
0.30242388913083 0.204550999910356
0.216455531189668 0.00265000434497455
0.703103512848895 0.690525633176863
0.218163510344518 0.305499897475831
0.078732976806582 0.00397446934731143
0.743110648634664 0.774410194093718
0.220249749610343 0.222189518721155
0.0366396017549937 0.00340028718511811
0.581851225964902 0.831546870391072
0.235535840225032 0.163002615483133
0.182612933810058 0.00545051412580407
0.715557053168286 0.788505565573114
0.188467273782825 0.206624604235434
0.0959756730488866 0.0048698301914482
0.678229139583343 0.781152373729785
0.216873609159503 0.212986550229922
0.104897251257157 0.0058610760402995
0.614826067241661 0.81974783924767
0.294254632475678 0.176084362523576
0.0909193002826594 0.00416779822876597
0.605378328408851 0.583170623723867
0.26261784193462 0.415518297924172
0.132003829656523 0.00131107835196036
0.564857825373092 0.818771643381491
0.275080066542701 0.177436320455053
0.160062108084212 0.00379203616347002
0.597673987217611 0.849589952277119
0.26382425249708 0.145098174585204
0.138501760285313 0.00531187313767784
0.571373458308545 0.612716265376851
0.361604505668526 0.386110345554438
0.0670220360229309 0.00117338906871185
0.66499637987964 0.796569350210641
0.169382675801619 0.199041242714606
0.165620944318738 0.00438940707474825
0.612598885255072 0.778121924183663
0.278128587055204 0.218919229130524
0.109272527689731 0.00295884668581452
0.752565312129378 0.798561161340849
0.113500584049697 0.196738612012497
0.13393410382093 0.00470022664664688
0.615568951335016 0.774514361685514
0.268523097193115 0.220342839600041
0.115907951471877 0.00514279871444699
0.775885064502152 0.720607102279123
0.11416045010126 0.277005817153594
0.109954485396608 0.00238708056728064
0.574009679437386 0.716390599798524
0.352730447901092 0.281626609680868
0.0732598726615237 0.0019827905206055
0.64792912220334 0.635535019040945
0.271080366460236 0.36280190277976
0.0809905113364356 0.00166307817929177
0.475912027726109 0.748163836696184
0.471763607981168 0.246375099437555
0.0523243642927295 0.00546106386626624
0.577260379406405 0.727306120835676
0.341857241909364 0.270608731552418
0.0808823786842333 0.00208514761191165
0.508136874814868 0.729406211075847
0.288254684099644 0.268972151766442
0.203608441085492 0.00162163715772116
0.615805173937167 0.79692222637086
0.252317542017406 0.196448960845849
0.131877284045425 0.00662881278329796
0.53921815544953 0.699767488022773
0.382343171312768 0.299242835106557
0.0784386732377001 0.000989676870662777
0.561761634555209 0.70450236480168
0.260762104339086 0.292558643044346
0.177476261105701 0.00293899215398009
0.625717993948221 0.775160503931084
0.197438225010776 0.218599239193424
0.176843781041 0.00624025687548477
0.633108576458236 0.713351600538652
0.0964464918538194 0.285397301778756
0.270444931687951 0.00125109768259578
0.617770771828026 0.713142928261566
0.312648529291452 0.283091524603507
0.0695806988805228 0.00376554713492251
0.871359926408852 0.891404093700313
0.0723150459898871 0.104510859888369
0.056325027601258 0.00408504641130617
0.617579056116865 0.793260561721994
0.305150966575582 0.203680646276128
0.0772699773075591 0.00305879200187401
0.619215819942147 0.796968450948003
0.154710054393666 0.196962282358008
0.226074125664187 0.00606926669399881
0.641696681657594 0.855264984853643
0.137640554103261 0.1324916504439
0.220662764239153 0.0122433647024553
0.5402553159847 0.763135797420456
0.354778175191629 0.232918636462254
0.104966508823671 0.00394556611730064
0.718598472489499 0.76205945197706
0.117276239058008 0.232118755997965
0.164125288452498 0.0058217920249773
0.541398099115811 0.681354109043458
0.372840256423802 0.317778540736177
0.0857616444603826 0.000867350220366214
0.725682456120945 0.753458080815535
0.173158151289268 0.243971823269359
0.101159392589787 0.0025700959150979
0.627076617472448 0.757994864596143
0.329407734177963 0.239305958282651
0.0435156483495882 0.00269917712120815
0.668163520727077 0.74225838894611
0.202644669199241 0.255138285320566
0.129191810073681 0.00260332573333276
0.799030817273065 0.767727580304384
0.079614804449301 0.229778282625358
0.121354378277624 0.00249413707026086
0.518983661684029 0.827149621444579
0.378005470184905 0.168123801021259
0.103010868131056 0.00472657753416443
0.544173232717361 0.67398134097058
0.36577485699318 0.323820451995149
0.0900519102894587 0.00219820703427248
0.502424402573007 0.741074843048971
0.454155087639429 0.255219486542933
0.0434205097875535 0.00370567040809741
0.633022306262235 0.65384292461593
0.210684748650017 0.343606380459029
0.156292945087749 0.0025506949250414
0.617418241635363 0.807355499087331
0.15899936846693 0.185191571762671
0.223582389897698 0.00745292914998771
0.723845572005265 0.845907819699701
0.073532986067744 0.142275694430725
0.202621441926988 0.0118164858695679
0.593158414814954 0.820959445054945
0.359472248650748 0.175304977614086
0.0473693365343007 0.0037355773309722
0.762834590301313 0.72518025561692
0.0731722676592319 0.272063678789843
0.163993142039453 0.00275606559323902
0.563921361184264 0.67371302725013
0.369967956928666 0.324290705254921
0.0661106818870688 0.0019962674949501
0.501002258967431 0.746781672955761
0.41761738263553 0.248512280249794
0.0813803583970455 0.00470604679445113
0.61068897326381 0.676522548351589
0.3297671364521 0.320901958382991
0.0595438902840888 0.00257549326541594
0.546527855235857 0.670553888845882
0.402941761968276 0.327692234695882
0.050530382795857 0.00175387645823298
0.645244345578489 0.740411923396764
0.199132404807845 0.257712946792564
0.155623249613666 0.00187512981067009
0.636082463737222 0.667325499893371
0.184309690521293 0.330581452061435
0.179607845741485 0.0020930480451952
0.59517908188663 0.70486755787462
0.306153729786582 0.291547302530192
0.0986671883267848 0.00358513959519188
0.472627852568234 0.749756768353353
0.386841582033426 0.247928982255941
0.140530565398331 0.00231424939070942
0.591835048951773 0.669427654011999
0.356726538197318 0.326783936420259
0.0514384128509067 0.00378840956773839
0.660365259531132 0.772231861684871
0.177116848524022 0.221842923553628
0.162517891944847 0.00592521476149839
0.611442346214891 0.836864910997561
0.282936301014893 0.159086840530221
0.105621352770209 0.00404824847221831
0.485262474226612 0.702323963895497
0.466117601097338 0.296930354685914
0.0486199246760493 0.000745681418584636
0.65461664570612 0.826923869579761
0.0441664883292309 0.166162862244924
0.301216865964647 0.00691326817530728
0.617807530128429 0.779386759138789
0.251203511578416 0.2182890332752
0.13098895829315 0.00232420758601403
0.609200368274938 0.775037726010878
0.197852079956623 0.22320601525962
0.192947551768442 0.00175625872950507
0.482461981814931 0.779923846378265
0.423265229318546 0.21817838333166
0.0942727888665251 0.00189777029007032
0.770402559979147 0.792168343923947
0.122036249002476 0.200565040803787
0.107561191018382 0.00726661527227427
0.550321251861411 0.73106283968574
0.26489982389709 0.266516759013982
0.184778924241491 0.00242040130028162
0.527178899169999 0.773387247607997
0.37098828752572 0.220295527951103
0.101832813304283 0.00631722444090641
0.644735099141915 0.790031622714162
0.190563080472217 0.205392431013982
0.164701820385865 0.00457594627185359
0.613598983318239 0.603380733249624
0.195154201170245 0.395635065438661
0.191246815511513 0.000984201311719014
0.631437448471358 0.766435355745739
0.278236738669083 0.229182793529957
0.0903258128595628 0.00438185072430133
0.502107058710616 0.750975143477891
0.406851442043995 0.245813404480876
0.091041499245382 0.00321145204122841
0.577484317665027 0.675592217200615
0.350386405599302 0.3209057318149
0.0721292767356803 0.00350205098447975
0.6434732095456 0.801069786960739
0.233473550224381 0.19334763995667
0.123053240230011 0.00558257308258579
0.701228320375324 0.735319488979026
0.0396525172342563 0.257516258094643
0.259119162390423 0.00716425292632168
0.56613156691839 0.68525260788826
0.35055903691836 0.312301130593387
0.0833093961632476 0.0024462615183557
0.636421099274365 0.75496184754758
0.321188493435159 0.242123774360798
0.0423904072904818 0.00291437809163036
0.672720193100891 0.795716622954706
0.133917563929591 0.201081870245563
0.193362242969516 0.00320150679973809
0.731736769273076 0.772089838505526
0.124019332203319 0.224018789160282
0.144243898523607 0.00389137233419992
0.62268046128835 0.775516559400258
0.261675153560895 0.222430771249465
0.115644385150753 0.0020526693502863
0.669633262148039 0.815352720431374
0.0811373805091157 0.176380803276983
0.249229357342855 0.00826647629164771
0.618289435984649 0.690729764418888
0.283190051513072 0.308208330763656
0.0985205125022824 0.00106190481746573
0.524174014355948 0.791330825782185
0.345336424592103 0.200814362695181
0.13048956105194 0.00785481152264463
0.606065431590242 0.812116805903762
0.307562102512573 0.183616385772753
0.0863724658971925 0.00426680832348477
0.50300541806765 0.636338394023543
0.444275095503895 0.359429917274635
0.0527194864284558 0.00423168870181526
0.620706004360707 0.760422330491603
0.112419350220341 0.237539708565406
0.266874645418955 0.00203796094299021
0.528395562067064 0.617463669250015
0.360177389299343 0.380144884799297
0.111427048633583 0.00239144595068369
0.591674663391199 0.770633825014225
0.255747781667942 0.224514416593604
0.152577554940853 0.00485175839217302
0.556526291437128 0.681668290781677
0.348778577678804 0.315913519095741
0.0946951308840713 0.00241819012257997
0.58379548430105 0.716099596700341
0.321632483952845 0.280448164134904
0.0945720317461051 0.00345223916474372
0.472189819674361 0.663884197406588
0.46352292944245 0.331694377194121
0.0642872508831858 0.00442142539929276
0.693032745446546 0.813589626653259
0.219531453787721 0.180551895436802
0.0874358007657277 0.00585847790992299
0.552070820154319 0.676264246896393
0.189380132466254 0.32096744168987
0.25854904737942 0.00276831141373355
0.640757646459334 0.828818170026837
0.160028984294258 0.16549603826331
0.199213369246406 0.00568579170986173
0.624838487185502 0.824091436472241
0.28224208148849 0.16995459556284
0.0929194313260043 0.00595396796489938
0.697133123561902 0.856538039347082
0.173826796625478 0.135374527132312
0.129040079812619 0.00808743352061783
0.563624603721347 0.837889999125051
0.313085590921784 0.157929862173568
0.123289805356871 0.00418013870139452
0.547881623173811 0.637576469199252
0.355796468477155 0.360092008245504
0.0963219083490425 0.00233152255525138
0.582278292851584 0.702289523833698
0.25727696197879 0.295314046468425
0.160444745169623 0.00239642969788456
0.684186996059683 0.763470343600861
0.122453279643054 0.233090140174015
0.193359724297262 0.00343951622513597
0.722624276238761 0.750634097748992
0.166993073419317 0.24077873207462
0.110382650341921 0.00858717017639087
0.678654197600209 0.784735101918492
0.0988608820544048 0.203610299604033
0.222484920345394 0.0116545984774726
0.485147781208447 0.701380109512154
0.424947399344909 0.296826268031513
0.0899048194466356 0.00179362245632857
0.726053771053832 0.74598934785842
0.23126956144474 0.249823131891804
0.0426766675014304 0.00418752024978282
0.529830454528233 0.852695359364697
0.129938118870745 0.139781382934296
0.34023142660102 0.00752325770099353
0.664583414926152 0.663339591792046
0.203482978715383 0.334841636884265
0.13193360635847 0.00181877132369315
0.570810348070555 0.700376342963566
0.345600629709672 0.295698384313767
0.0835890222197769 0.00392527272266957
0.620874706409035 0.751448187083439
0.339823677375697 0.244079488453424
0.0393016162152684 0.00447232446313533
0.576811824870034 0.75799632046963
0.271893800322015 0.239618051635405
0.15129437480796 0.0023856278949527
0.663778236518295 0.721644273351109
0.17814390409426 0.274253644834343
0.158077859387448 0.00410208181455586
0.566625353642351 0.666544383633489
0.347916504418646 0.332497583802657
0.0854581419390017 0.000958032563854077
0.706605897731275 0.651058709854357
0.0994034987195304 0.347401864011863
0.193990603549194 0.00153942613377496
0.792421293649577 0.838881023662286
0.0574309178650022 0.158021815015173
0.150147788485426 0.00309716132254122
0.587238020605479 0.679866323662891
0.327821787925071 0.316095244514397
0.0849401914694455 0.00403843182270746
0.53440743066021 0.641779139792274
0.265914555584041 0.355749674589566
0.199678013755745 0.00247118561815242
0.549770400999743 0.660507107585806
0.338219227430161 0.336416629348538
0.112010371570099 0.00307626306565179
0.4693354136543 0.660541070342157
0.448856792987034 0.337572280421359
0.0818077933586635 0.00188664923648801
0.612738820320028 0.683812992693175
0.34470497228962 0.312983206717336
0.0425562073903563 0.00320380058948665
0.724283253516487 0.807626877040809
0.166021017593598 0.188746624433053
0.109695728889918 0.00362649852613178
0.66820807873926 0.791631499919378
0.195883222249168 0.200794396029144
0.135908699011568 0.00757410405146574
0.640186387588034 0.819710409975816
0.093695823418099 0.171573823522476
0.266117788993868 0.0087157665017171
0.590592797923995 0.77635905315352
0.253927128148275 0.220695097199139
0.155480073927736 0.00294584964733905
0.585823072787977 0.667930004525195
0.328003761618656 0.329658841845425
0.0861731655933717 0.00241115362938017
0.58278361085252 0.801152489659159
0.293016948478788 0.193864481282864
0.124199440668691 0.00498302905797428
-999 -999
-999 -999
-999 -999
-999 -999
-999 -999
-999 -999
