131
121
116
105
97
80
83
71
64
50
40
36
38
42
42
45
42
36
41
48
47
43
47
40
41
42
44
40
40
34
30
38
37
40
41
30
39
37
44
41
40
36
29
27
27
28
21
25
28
24
30
35
26
22
34
29
32
31
32
34
31
31
26
24
27
28
32
40
37
43
31
34
29
33
31
28
26
31
28
34
31
29
22
20
32
31
34
31
32
27
29
25
31
25
27
27
26
29
24
26
26
37
34
33
25
32
27
26
31
31
40
31
31
25
28
21
27
36
34
42
38
28
20
27
24
19
25
32
28
33
29
25
30
27
28
30
34
28
24
33
28
25
31
30
28
26
28
24
25
28
30
34
20
19
21
18
22
27
20
21
27
23
25
23
22
31
23
22
25
31
18
22
24
24
21
18
23
19
21
18
15
13
21
13
13
13
12
14
12
25
16
11
13
14
9
12
16
25
14
18
18
15
12
20
11
11
11
12
13
15
16
21
28
16
19
12
11
10
15
12
14
24
25
20
15
19
14
19
18
22
14
15
18
16
11
14
13
14
19
17
19
15
15
11
12
15
21
14
12
13
12
12
13
18
19
13
27
23
25
23
15
10
12
15
19
14
13
13
9
12
14
12
12
19
15
16
13
24
18
22
20
21
21
18
13
11
14
12
20
22
24
16
16
17
21
14
19
13
12
13
13
18
14
15
14
23
18
19
18
13
23
19
15
18
17
15
21
19
16
20
11
17
15
14
21
20
14
19
13
16
25
24
25
28
25
24
22
20
18
13
18
15
16
13
15
14
17
15
22
13
19
14
13
12
14
13
13
12
14
16
30
17
14
21
13
12
14
16
22
16
18
20
11
11
16
17
15
27
29
21
15
14
15
21
20
24
14
12
14
21
15
10
15
10
22
26
15
12
19
17
13
18
16
12
15
13
14
18
12
14
16
14
16
23
19
22
19
18
12
11
10
14
17
19
23
17
28
21
21
17
10
18
13
8
12
11
19
26
23
22
17
13
18
18
16
18
18
15
18
8
9
16
17
20
21
21
16
13
12
13
13
9
14
20
22
22
9
13
17
12
13
17
13
9
16
12
14
11
11
23
23
29
19
18
20
20
22
21
12
15
15
13
18
23
17
29
32
28
25
29
14
20
24
16
18
15
13
20
17
17
22
15
20
13
22
19
16
21
25
18
16
19
25
24
25
18
16
14
12
17
23
22
17
13
16
20
16
16
26
24
16
29
18
25
18
16
10
21
13
20
21
22
16
16
17
13
16
14
13
15
16
20
17
14
14
19
18
18
17
17
15
17
10
10
14
13
21
15
14
15
8
14
16
15
21
14
14
20
18
14
19
29
25
15
18
16
15
13
17
11
20
21
11
13
15
14
11
22
13
20
13
13
18
14
18
13
13
14
10
19
14
16
15
17
15
11
12
19
24
24
16
16
13
13
19
15
13
10
26
23
19
15
16
12
10
11
13
16
15
13
14
12
17
22
17
17
16
21
22
15
12
16
20
14
18
17
12
17
17
26
19
14
18
17
16
15
14
15
21
24
20
23
21
20
22
19
12
17
17
15
13
14
15
14
14
14
13
14
24
14
10
13
16
13
15
25
27
16
20
15
16
18
15
14
15
19
16
20
19
18
13
13
15
19
14
12
17
15
17
12
18
15
15
14
18
23
21
13
11
12
15
18
17
12
16
17
13
14
13
16
15
19
13
16
17
25
14
13
13
19
22
20
8
13
12
18
15
11
14
14
16
19
16
12
12
24
16
17
18
17
15
17
12
14
24
8
12
17
17
14
14
14
16
13
14
15
16
15
12
14
16
18
18
17
16
16
18
15
17
19
22
20
16
13
12
16
21
15
21
16
16
15
22
20
20
17
15
16
16
18
22
13
20
20
14
12
10
21
25
16
11
15
16
14
14
17
14
21
18
21
19
23
20
16
14
10
12
11
17
19
18
18
23
18
22
20
15
14
10
15
22
12
13
16
18
15
14
20
9
15
17
16
18
16
23
20
14
10
15
13
16
20
15
15
22
17
12
12
18
22
17
20
31
14
10
11
12
10
17
12
21
20
17
22
14
14
15
16
10
15
17
16
18
12
13
20
15
17
11
10
16
16
10
14
10
15
16
21
20
17
17
17
12
11
13
25
24
17
17
14
14
12
18
16
12
18
21
11
11
12
17
19
12
11
11
19
11
15
26
24
22
15
16
18
22
23
14
13
12
12
18
14
16
13
11
13
15
15
21
18
11
16
15
20
16
11
13
16
14
12
