0.333990077621447 0.722382104201049
0.330136849402654 0.274408469878727
0.335873072975899 0.00320942592022447
0.338173960048326 0.751563016624781
0.338064879236012 0.24457711003781
0.323761160715662 0.00385987333740818
0.341954671201917 0.660646096228714
0.31938023930729 0.336894367153059
0.338665089490794 0.00245953661822687
0.338887692827034 0.82227612367365
0.335149344281503 0.17211541488533
0.325962962891463 0.00560846144102079
0.330403021742878 0.601244138483311
0.339453473884612 0.396955409157384
0.330143504372509 0.00180045235930482
0.32730115933093 0.681995253107759
0.339990255620266 0.315457025348653
0.332708585048804 0.00254772154358851
0.344305682742597 0.889157327146296
0.322550264227407 0.101270837049764
0.333144053029996 0.00957183580394035
0.33132225197498 0.652524743719868
0.341535273719657 0.345175887576749
0.327142474305364 0.00229936870338356
0.32910819322828 0.84740199975251
0.332990292284628 0.145860727240944
0.337901514487092 0.00673727300654667
0.323588734072321 0.636511579904397
0.330989382172947 0.361281143035478
0.345421883754731 0.00220727706012493
0.335970246495399 0.768988122922833
0.332705573414835 0.226978785893897
0.331324180089766 0.00403309118327019
0.329259348054376 0.777633811130415
0.33392613113223 0.217722115099033
0.336814520813394 0.00464407377055149
0.33134924481091 0.705043722506563
0.324375761398195 0.291949997012297
0.344274993790895 0.00300628048113966
0.332662026935053 0.848595138859305
0.326116899503097 0.144220464135449
0.341221073561851 0.00718439700524596
0.327749794617816 0.732064296350134
0.338707606410871 0.264847155333643
0.333542598971313 0.00308854831622395
0.331168675952252 0.835649937942932
0.326595249041644 0.15829015312124
0.342236075006104 0.00605990893582755
0.340825986037574 0.695943155945222
0.328328202471859 0.301105215771326
0.330845811490568 0.00295162828345229
0.341800108588493 0.646482511856679
0.331601120612722 0.35122437766696
0.326598770798785 0.00229311047636198
0.337185038467181 0.784354552920935
0.329126817186 0.211181130112561
0.333688144346819 0.00446431696650332
0.323531464260036 0.866049923823669
0.33677374432321 0.125920724247577
0.339694791416754 0.00802935192875344
0.336640692086949 0.730821034966038
0.317970630477637 0.265748133554182
0.345388677435413 0.00343083147977943
0.34039718492622 0.763033114104435
0.341950382455764 0.233017357786806
0.317652432618016 0.00394952810875908
0.327394692236922 0.671604382640884
0.34430905647492 0.325851825429606
0.328296251288157 0.00254379192951059
0.329582984346883 0.782470230710522
0.329282175406934 0.212637054722767
0.341134840246183 0.00489271456671142
0.323605248460725 0.677384138938675
0.338150855776253 0.319976727093712
0.338243895763022 0.00263913396761352
0.339273678251863 0.675326805776424
0.330297218204158 0.322161259345355
0.330429103543978 0.00251193487822196
0.33758343284383 0.672968799341025
0.336097978391835 0.324511276282575
0.326318588764336 0.00251992437639929
0.341276490674256 0.663141966374506
0.335437591594892 0.334440423710746
0.323285917730852 0.00241760991474945
0.343989988201467 0.704278953152583
0.344232687343778 0.292725433363772
0.311777324454755 0.00299561348364349
0.33395953213426 0.77089242767563
0.329106159224781 0.224851584078717
0.336934308640959 0.00425598824565411
0.359008288067084 0.769203821513672
0.311997882573794 0.226740892608908
0.328993829359123 0.00405528587741874
0.333559530967098 0.703034573075616
0.328058838893657 0.294262161389336
0.338381630139244 0.00270326553504762
0.334367113275805 0.789818119526782
0.336164571163339 0.205689184848272
0.329468315560857 0.00449269562494687
0.34046877612247 0.787962615227631
0.316911580591015 0.207479753079182
0.342619643286516 0.00455763169318706
0.329249318240978 0.711525883624019
0.3277267195885 0.285463178303784
0.343023962170522 0.00301093807219559
0.329548903291527 0.729214212344859
0.335544266781453 0.267512997237163
0.334906829927019 0.00327279041797839
0.330683425416098 0.795153733042608
0.332660281779014 0.199966736637152
0.336656292804888 0.00487953032023981
0.342693479786622 0.749371039030835
0.32866698664307 0.246932753628298
0.328639533570308 0.00369620734086726
0.341273956166191 0.81187613767471
0.338696068156225 0.183230258859922
0.320029975677584 0.00489360346536738
0.338330678154539 0.769497049204302
0.333042363431798 0.226267451195413
0.328626958413663 0.00423549960028406
0.320665629763026 0.843923699881163
0.336992085837804 0.149791094078877
0.342342284399169 0.00628520603996042
0.335631988593828 0.686482666875263
0.331787716971118 0.310718384166011
0.332580294435054 0.00279894895872586
0.331239557592419 0.791200620430442
0.344002348081892 0.204173850783454
0.324758094325688 0.00462552878610393
0.347633686681348 0.757100893449578
0.333223671988585 0.238805649225275
0.319142641330067 0.00409345732514677
0.350175500163 0.75997188117624
0.333598767638527 0.235915708986047
0.316225732198472 0.00411240983771279
0.332528309718569 0.793199676915865
0.334334638638352 0.201977882880225
0.333137051643079 0.00482244020390983
0.322883697299984 0.776859555540051
0.337566444583989 0.218895027791759
0.339549858116027 0.00424541666819103
0.324167287363106 0.867175285154484
0.337427942626215 0.12522281411022
0.338404770010679 0.00760190073529558
0.332228271318848 0.841867086664794
0.325898835441593 0.151973784200531
0.341872893239559 0.00615912913467603
0.342029408144918 0.761445795166469
0.333071176875769 0.234543936510801
0.324899414979313 0.00401026832273048
0.31815522283665 0.742240176028572
0.323071612316164 0.254080743488396
0.358773164847186 0.00367908048303371
0.339245582887293 0.814518229313831
0.333364629686659 0.180183718031038
0.327389787426047 0.00529805265513071
0.348258612290564 0.756631156211473
0.331821000186616 0.239405322432381
0.319920387522819 0.0039635213561463
0.343306518182085 0.758620623251868
0.33706671930042 0.237487547855765
0.319626762517495 0.00389182889236724
0.331189368441794 0.654403447707018
0.344100809451137 0.343199302983934
0.324709822107069 0.00239724930904932
0.32256901254635 0.857347924916952
0.332590204908702 0.13493154312263
0.344840782544948 0.00772053196041777
0.344518513423711 0.740180197859661
0.328071404881024 0.256123011938128
0.327410081695264 0.00369679020221165
0.326898829067387 0.740567005700578
0.332115688940791 0.2558784711685
0.340985481991822 0.00355452313092215
0.335509934786041 0.829678111254581
0.317445650306156 0.164425478643233
0.347044414907804 0.0058964101021851
0.34653520949664 0.832510185443813
0.320651665187696 0.161784602595484
0.332813125315664 0.00570521196070343
0.348089889881339 0.685897257065372
0.321612686923797 0.311421230208265
0.330297423194863 0.00268151272636424
0.334804294521148 0.802160226828336
0.332192384894827 0.19279202158755
0.333003320584025 0.00504775158411442
0.323127220145161 0.770557142527524
0.328422554608965 0.225290813980493
0.348450225245874 0.00415204349198425
0.339109684235442 0.697580534447927
0.326999651981146 0.299528073506759
0.333890663783413 0.00289139204531464
0.342777710529287 0.770686437847717
0.326501800691895 0.224938098340834
0.330720488778819 0.00437546381144945
0.327993720652575 0.823766200619098
0.325939388283862 0.169968774310651
0.346066891063562 0.00626502507025056
0.34277507576524 0.784809804200154
0.329035355170942 0.210750769193046
0.328189569063817 0.00443942660679894
0.338538984573046 0.747701326534591
0.327008151442307 0.248735980820874
0.334452863984647 0.00356269264453566
0.333972402614343 0.829432665217019
0.336990239177515 0.164627672987163
0.329037358208141 0.00593966179581715
0.339470770138528 0.721590235382166
0.329428738918133 0.275270632215289
0.331100490943338 0.00313913240254587
0.336435655975071 0.684433858680565
0.332554077082944 0.312891729039397
0.331010266941985 0.00267441228003805
0.334544962322556 0.64838509700689
0.336225270125789 0.349418012467961
0.329229767551656 0.00219689052514809
0.324281280662366 0.751201368653266
0.332668691157762 0.245036021272917
0.343050028179871 0.00376261007381757
0.32595197296099 0.725636519350233
0.330862268717862 0.271279352952633
0.343185758321149 0.003084127697135
0.321295765737971 0.702352046506243
0.337048714723443 0.294683589699914
0.341655519538587 0.00296436379384146
0.342983710681243 0.761182665641012
0.330653902455509 0.23485814247168
0.326362386863247 0.003959191887308
0.328333214587578 0.755530896205757
0.335076322028962 0.240507134024973
0.33659046338346 0.00396196976927098
0.335922359234279 0.729883632106149
0.32812790622788 0.266760840720112
0.335949734537841 0.00335552717373929
0.333486771189949 0.75937189081163
0.330879708163015 0.236681409113695
0.335633520647037 0.00394670007467385
0.335847914560498 0.706695555327231
0.330603246278485 0.290520392588801
0.333548839161017 0.00278405208396699
0.343781911641123 0.833986979900253
0.334970955430037 0.159795877541398
0.32124713292884 0.00621714255834846
0.33372221457093 0.813104325444777
0.331564942476841 0.18196119686969
0.334712842952228 0.00493447768553084
0.342998996600155 0.730286147780157
0.341325667750068 0.266269679836019
0.315675335649777 0.00344417238382564
0.32274662942454 0.795344453797731
0.329900064387596 0.200063768880889
0.347353306187864 0.00459177732138061
0.343735898778042 0.746203512791253
0.328794065018546 0.250197407654565
0.327470036203412 0.00359907955418165
0.343660625962305 0.871193729560193
0.337906547475325 0.120785896548526
0.318432826562371 0.00802037389127998
0.334359414754506 0.727170261128485
0.326405597739555 0.269367615286355
0.33923498750594 0.00346212358516027
0.33220096734477 0.720859804409249
0.323899401427503 0.275935494710251
0.343899631227727 0.00320470088050053
0.319461459192167 0.780708352373402
0.338209769022686 0.214896425865977
0.342328771785147 0.00439522176062189
0.331748528375472 0.791068799345485
0.327545697333318 0.204258554670079
0.34070577429121 0.00467264598443579
0.324901837582713 0.701812644687353
0.331785236569625 0.295437511785048
0.343312925847662 0.00274984352759851
0.331039683382121 0.734508161818784
0.338237152013721 0.262137644659886
0.330723164604159 0.00335419352132925
0.338399979352866 0.818695266176116
0.33591467302772 0.175749349589941
0.325685347619414 0.00555538423394303
0.350178862971055 0.791470938742526
0.329021353477705 0.203918174990702
0.320799783551241 0.0046108862667713
0.337796908020066 0.754625161198658
0.316942306102697 0.241263075615959
0.345260785877237 0.00411176318538353
0.328603069490651 0.711595815083116
0.332065718502563 0.285339889624531
0.339331212006785 0.00306429529235247
0.338302771616461 0.780169270268822
0.329512083288489 0.215372438030672
0.332185145095048 0.00445829170050695
0.333220079724649 0.805096580242119
0.33025975172294 0.189967448407865
0.336520168552411 0.00493597135001721
0.340322120918532 0.775658810586525
0.323690764819787 0.220055179911154
0.335987114261681 0.00428600950232134
0.352980608394148 0.744462933527894
0.327230124505682 0.252054729432767
0.31978926710017 0.00348233703933867
0.325959008394442 0.822536640272426
0.337497311957038 0.171579211389837
0.33654367964852 0.00588414833773767
0.342535819352579 0.805979195190107
0.314261116037775 0.189057604019759
0.343203064609645 0.0049632007901354
0.329957477518001 0.796105555132434
0.317829544374501 0.199147925135695
0.352212978107499 0.00474651973187077
0.323207723728155 0.818044567826291
0.333300648219712 0.176301207958812
0.343491628052132 0.00565422421489702
0.327723177127006 0.754444634215695
0.333552322869286 0.241772520855392
0.338724500003707 0.00378284492891223
0.337716195134944 0.678642420983243
0.338123377133612 0.318738529249306
0.324160427731444 0.00261904976744976
0.310642226524075 0.723318058388513
0.325114956568515 0.273397228149498
0.36424281690741 0.0032847134619891
0.33420652909023 0.808759807788062
0.333179600695227 0.186035182153791
0.332613870214544 0.00520501005814647
0.32357468036498 0.784065434329452
0.349446881424465 0.211347451397927
0.326978438210554 0.00458711427262251
0.324546422309476 0.743782093796535
0.332674557658443 0.25264566235941
0.342779020032081 0.00357224384405616
0.339854365491495 0.761695966567393
0.331042146596001 0.234500871670899
0.329103487912504 0.0038031617617079
0.335359187791221 0.804831365055319
0.333460464435366 0.190399340764125
0.331180347773413 0.00476929418055641
0.336079210403129 0.760733561033469
0.340773032397564 0.235169031475837
0.323147757199307 0.00409740749069402
0.337542349129209 0.676635662792591
0.326581608705809 0.320615283383515
0.335876042164983 0.00274905382389322
0.336124717263551 0.796273328345645
0.333739937992388 0.199091761659418
0.33013534474406 0.00463490999493788
0.324010514120399 0.760969161193331
0.325635514239851 0.235223004232678
0.35035397163975 0.00380783457399137
0.337641940634304 0.751001113346642
0.32490212907581 0.245223461262952
0.337455930289886 0.00377542539040651
0.331008890059846 0.746464970811256
0.347094145417652 0.249685704622734
0.321896964522501 0.00384932456600982
0.329765427471345 0.801186003564138
0.326742039952366 0.193818013678404
0.343492532576289 0.0049959827574596
0.335545931418601 0.683113589374516
0.336367536603224 0.314229504315513
0.328086531978175 0.00265690630997042
0.336594887470729 0.727933841929209
0.328717755457272 0.268608706164353
0.334687357071999 0.00345745190643875
0.319951392522662 0.676183357545876
0.33411240421084 0.321131682677484
0.345936203266498 0.0026849597766403
0.324659700779609 0.871223068527044
0.33473035609036 0.120517510034734
0.34060994313003 0.00825942143822354
0.336521416002156 0.693693708112039
0.327905812401479 0.303588988270941
0.335572771596366 0.00271730361702015
0.323856290054455 0.760511697244681
0.331753002224757 0.235610335817198
0.344390707720789 0.00387796693812054
0.325892727692593 0.610904584593125
0.336003844957949 0.387096510390186
0.338103427349457 0.00199890501668943
0.338732453732994 0.701066323808846
0.320072409733975 0.295773252935759
0.341195136533031 0.00316042325539428
0.329545928920848 0.788485038920924
0.343730982620326 0.206813193286651
0.326723088458826 0.0047017677924246
0.333340528807105 0.760484208758359
0.334214732020993 0.235569616289692
0.332444739171902 0.00394617495194701
0.338075598589557 0.798011102991668
0.335390465861987 0.197186351255192
0.326533935548456 0.00480254575314062
0.34460573902593 0.79343793466439
0.325965946609477 0.201902003571868
0.329428314364593 0.0046600617637414
0.321344087994901 0.749849109239409
0.340240909850511 0.246409128332304
0.338415002154588 0.00374176242828676
0.32654369241239 0.718625918254938
0.342510015612791 0.278080125221335
0.33094629197482 0.00329395652372681
0.345475769554163 0.803018412038652
0.334049251993078 0.192081170433689
0.320474978452758 0.00490041752765842
0.337981028683296 0.764374469388185
0.318104593234962 0.231616045544695
0.343914378081742 0.00400948506712123
0.326441074345713 0.776938543216129
0.339081885825112 0.218669011930458
0.334477039829175 0.0043924448534127
0.330020750161322 0.767066412278892
0.336978509333127 0.228783925241591
0.333000740505551 0.00414966247951562
0.340961365226025 0.827114600644542
0.336776207474486 0.167194157883297
0.322262427299489 0.00569124147216142
0.34474127363247 0.788164434459512
0.326285672947038 0.20742035597265
0.328973053420492 0.00441520956783878
0.335825412308465 0.679853259228445
0.330905129174113 0.317430517732031
0.333269458517423 0.0027162230395236
0.332734174511982 0.746635226373143
0.345437945758822 0.249570725533832
0.321827879729196 0.00379404809302535
0.323101662595922 0.735892277349309
0.341908509387242 0.260588864773253
0.334989828016835 0.00351885787743678
0.333912308135346 0.751055785913406
0.344747495712332 0.245195675810868
0.321340196152322 0.00374853827572449
0.33101625217827 0.770270689647778
0.324791139052048 0.225764621338747
0.344192608769682 0.00396468901347535
0.336317640123374 0.676248335853304
0.335454784400212 0.321213058646087
0.328227575476415 0.00253860550060895
0.326803963266126 0.760564762751971
0.346531840599647 0.235477746722705
0.326664196134227 0.00395749052532414
0.336090615895818 0.734151451497285
0.338894695648162 0.262361385805392
0.32501468845602 0.00348716269732302
0.338006294662787 0.806773499522947
0.319595038162978 0.187911097041867
0.342398667174235 0.00531540343518734
0.327232638843365 0.778929836799167
0.336414738923795 0.21646150249544
0.33635262223284 0.00460866070539256
0.322701806687278 0.828324777164483
0.353969374505245 0.165710963740314
0.323328818807477 0.00596425909520369
0.345150770022881 0.807076704639511
0.312151178349934 0.187336231026621
0.342698051627185 0.00558706433386621
0.329410299525769 0.738483441456966
0.328838427477672 0.258080925267596
0.341751272996559 0.003435633275437
0.344580802789542 0.764060853027435
0.325258366931203 0.23198738233407
0.330160830279255 0.00395176463849552
0.332012978852843 0.712985710019494
0.334951017439871 0.283997608963371
0.333036003707287 0.00301668101713583
0.332481659765501 0.723047174375582
0.334605315785414 0.273703359663441
0.332913024449085 0.00324946596097909
0.346971299238888 0.781695489737069
0.329166691468444 0.213972512962123
0.323862009292668 0.00433199730080803
0.329735555504971 0.705495309458824
0.331332746793474 0.291272391487131
0.338931697701555 0.00323229905404595
0.324109893151259 0.702680930068825
0.332984593361554 0.294399966905515
0.342905513487187 0.00291910302565991
0.334470584350828 0.659164284635797
0.329612690392434 0.338295242136084
0.335916725256738 0.00254047322811867
0.336684544855327 0.826456326603718
0.317382851000009 0.167898647761784
0.345932604144664 0.00564502563449847
0.327417104104846 0.832059786273292
0.337056130454113 0.162115405437515
0.33552676544104 0.00582480828919397
0.346798355113567 0.720968737527234
0.321106406234854 0.275812654839825
0.332095238651579 0.00321860763294044
0.319712285918445 0.770226544524385
0.343746711850588 0.22566564208129
0.336541002230968 0.00410781339432465
0.32682009347022 0.733450999664676
0.347729393102383 0.262898777353181
0.325450513427398 0.00365022298214202
0.320145411586518 0.687325546505281
0.334920182065272 0.310035848848197
0.34493440634821 0.00263860464652189
0.329059683228913 0.773062311162108
0.3362256570652 0.222945612834863
0.334714659705886 0.00399207600302901
0.333394563847753 0.735251460209641
0.342535811384926 0.261185150156725
0.32406962476732 0.00356338963363457
0.319547773646543 0.781962937086432
0.347786238998326 0.21360240953329
0.332665987355131 0.0044346533802767
0.331189221176394 0.74055752939127
0.331612765391091 0.25592645396071
0.337198013432514 0.0035160166480206
0.333758905851146 0.815656126861516
0.333296720671979 0.178671792794877
0.332944373476874 0.00567208034360662
0.338663224541916 0.787166753883409
0.326871773522112 0.208175676314944
0.334465001935973 0.00465756980164659
0.333940216341237 0.758392221934621
0.33608753335045 0.237495233907472
0.329972250308314 0.00411254415790636
0.333694301251052 0.72981140109755
0.330196795205501 0.266621353577124
0.336108903543447 0.00356724532532701
0.330701830684116 0.679941917137886
0.337798464915345 0.317345043460984
0.331499704400538 0.00271303940113093
0.338886411175652 0.81851642959534
0.336104623399472 0.175871155433952
0.325008965424875 0.00561241497070862
0.331004094491598 0.686387356591592
0.347612132978484 0.31099330580854
0.321383772529918 0.00261933759986691
0.325081607670516 0.64020804924395
0.333611661530155 0.357480574069618
0.341306730799329 0.00231137668643094
0.328706694546985 0.755823278270931
0.335560014430855 0.240362252589221
0.33573329102216 0.00381446913984874
0.321095749389777 0.723274134549215
0.342125462524088 0.273660180695912
0.336778788086135 0.00306568475487417
0.326242193301746 0.766844105135744
0.339160872525881 0.228930485179737
0.334596934172374 0.0042254096845193
0.331716056230667 0.649517487013151
0.327736741566462 0.348247511674219
0.340547202202871 0.0022350013126289
0.33403663719772 0.660044591859162
0.326280695378053 0.337557704467502
0.339682667424227 0.00239770367333684
0.31936968061233 0.620136915868367
0.341366811394706 0.377796994817221
0.339263507992965 0.00206608931441207
0.333107110385449 0.793860132318553
0.327634614855047 0.201294371800661
0.339258274759503 0.00484549588078568
0.330464489676977 0.717227247793463
0.340332158122218 0.279949023878741
0.329203352200805 0.00282372832779595
0.333986496840204 0.719920545553455
0.326383841840887 0.276868982485529
0.339629661318909 0.00321047196101665
0.323751917223892 0.723058151077714
0.329627568172801 0.273431183777696
0.346620514603306 0.00351066514458989
0.323444418579702 0.702248615495171
0.347122056494127 0.294818460562563
0.329433524926172 0.00293292394226548
0.345663597100255 0.671488875544373
0.321371076270417 0.326146975781595
0.332965326629328 0.0023641486740319
0.320138186514913 0.715671702182132
0.341183990507885 0.281116520429726
0.338677822977201 0.00321177738814312
0.32826222866799 0.788825559859703
0.330085953166765 0.206753696188762
0.341651818165246 0.00442074395153531
0.33588693853721 0.712211859901737
0.350323005638479 0.284757326009741
0.313790055824311 0.00303081408852174
0.345878102740027 0.758504592031085
0.323426996597562 0.237557232396675
0.330694900662412 0.00393817557224128
0.328066637432936 0.733037763040327
0.342577561369708 0.263724030859367
0.329355801197355 0.00323820610030731
0.31600336655479 0.773159086454687
0.338290912245393 0.222580179009079
0.345705721199817 0.00426073453623316
0.336646877144545 0.634301590861857
0.334531493277931 0.363578209513333
0.328821629577524 0.00212019962481174
0.33827091438831 0.781097617694389
0.33156413462081 0.214548284133256
0.33016495099088 0.0043540981723538
0.326671122240359 0.805784133091458
0.323460133506936 0.188927497008196
0.349868744252705 0.00528836990034644
0.316236656768308 0.704239174664922
0.348035368798616 0.292886975270763
0.335727974433075 0.00287385006431482
0.331912132917735 0.656417785567245
0.328648015669955 0.341261223243009
0.339439851412311 0.00232099118974654
-999 -999
-999 -999
-999 -999
-999 -999
-999 -999
-999 -999
