0.57774861323173 0.760597095178935
0.413684993999317 0.235336792738728
0.00856639276895704 0.00406611208232465
0.45193911894368 0.259009829296511
0.432527787821337 0.653182118783674
0.115533093234991 0.0878080519198015
0.641905091331978 0.727281087822452
0.304549688493502 0.243597466430117
0.053545220174515 0.0291214457474389
0.560092828871465 0.329731648406609
0.421916765884626 0.658618634249606
0.0179904052439034 0.0116497173437679
0.478259006521228 0.358226576852195
0.511644778342412 0.608860996331146
0.0100962151363628 0.0329124268166475
0.302716592300726 0.249626383513174
0.652593218479396 0.744206156908954
0.0446901892198858 0.00616745957786833
0.650190392141325 0.568535122389205
0.340328377759931 0.419323057267776
0.0094812300987519 0.0121418203430265
0.422661797290268 0.494955011241241
0.559302415232538 0.492832136065218
0.0180357874771938 0.0122128526935448
0.754946541048866 0.691197745583976
0.213020290444687 0.265211180634927
0.0320331685064542 0.0435910737810864
0.743768885603116 0.721576788521879
0.250892361801901 0.257871600056737
0.00533875259499086 0.0205516114213927
0.401763381804074 0.408945505701358
0.583961709112263 0.583406704468811
0.0142749090836562 0.00764778982983149
0.448273564713799 0.479341503991463
0.520829551335694 0.510546259294472
0.0308968839505042 0.0101122367140689
0.534953587856862 0.521265260053226
0.444703738476638 0.469229007209435
0.0203426736665033 0.00950573273733558
0.669191206626013 0.604092772351506
0.295619886422521 0.373113074553822
0.0351889069514568 0.02279415309469
0.447834464401394 0.439243022323354
0.538435462199476 0.550654593003926
0.0137300733991252 0.0101023846727095
0.558248931701358 0.579842643432228
0.381334726039138 0.384724599644563
0.060416342259515 0.0354327569232213
0.3945133591551 0.43731783727007
0.581777106379048 0.550651101552646
0.0237095344658442 0.0120310611772918
0.448014254923371 0.340017378192668
0.528032281983217 0.632642208216055
0.0239534630933974 0.0273404135912802
0.431891270589006 0.43844986935339
0.56658719295024 0.554839132882437
0.0015215364607448 0.00671099776416436
0.626217490139254 0.587591521096669
0.324809642658288 0.403204312332713
0.0489728672024632 0.00920416657062888
0.323700911699065 0.388732273278754
0.66506046044218 0.563979603872797
0.0112386278587591 0.0472881228484419
0.365040745700633 0.562913972838133
0.609104075088342 0.434217335267233
0.025855179211025 0.00286869189463941
0.603722511990779 0.571604045450715
0.353286896913093 0.417427287811943
0.0429905910961345 0.0109686667373463
0.22409489096006 0.396581873755507
0.729547703992303 0.584233165133355
0.0463574050476373 0.0191849611111468
0.454551284646398 0.544939767326655
0.537124632629115 0.436934573902801
0.00832408272449152 0.0181256587705368
0.337737335669865 0.3186329722623
0.65434318434136 0.671241728209909
0.00791947998877757 0.0101252995277781
0.590704957630294 0.50584843419337
0.395662982045359 0.485306958116606
0.013632060324347 0.00884460769002432
0.451015533487842 0.511777166245665
0.541566987262225 0.479734638788439
0.00741747924994721 0.00848819496590396
0.523050896178628 0.581845988448708
0.475739158036499 0.407883205199159
0.00120994578488312 0.0102708063521357
0.485530462693206 0.42314296160447
0.495067257003751 0.542667112618674
0.0194022803030426 0.0341899257768599
0.369071736614865 0.331655431142565
0.624427377846988 0.584769408219305
0.00650088553813699 0.0835751606381198
0.452666145777869 0.286196483620665
0.506795223974944 0.68453379226685
0.0405386302471946 0.029269724112481
0.557898212742883 0.666653846599172
0.43174700646826 0.320917023196791
0.010354780788859 0.0124291302040238
0.54191249388508 0.534974728973509
0.438497253699894 0.447709759092314
0.019590252415023 0.0173155119341839
0.333391694577844 0.356831639821912
0.651367140891465 0.62534747048447
0.0152411645306949 0.0178208896936237
0.603155810947097 0.616665677921264
0.380982592618301 0.359023834728758
0.0158615964346022 0.0243104873499884
0.657415732106684 0.85240223932109
0.308747690633567 0.13360427929786
0.0338365772597601 0.0139934813810504
0.448453736940284 0.48539963570084
0.513075115821663 0.501854583940769
0.0384711472380522 0.0127457803583971
0.281944777542455 0.552817398990966
0.711709444524142 0.437785834385372
0.00634577793341562 0.00939676662365408
0.363983874904624 0.509895803664833
0.626949379540875 0.471632871425925
0.00906674555448905 0.0184713249092409
0.567417105503064 0.664195277406252
0.428237993387251 0.310038061295358
0.00434490110969945 0.0257666612983818
0.598026572673404 0.611264001030053
0.384851626825144 0.372461498112865
0.0171218005014517 0.0162745008570866
0.498408770695335 0.485294559935539
0.4919835307137 0.49973390822043
0.009607698590961 0.0149715318440416
0.404872428078949 0.526388105543218
0.591385791358616 0.470763806024933
0.00374178056244068 0.00284808843185828
0.591374180669663 0.634593976048634
0.40543640547861 0.337950836552915
0.00318941385173185 0.0274551873984462
0.610001985442565 0.584609324949341
0.363113593806138 0.348485695336024
0.0268844207513051 0.066904979714627
0.524341792459214 0.530637785584915
0.472395063804428 0.46124808344642
0.00326314373634681 0.00811413096866882
0.408756489854831 0.437067894661672
0.57993876696537 0.529994078858007
0.0113047431798019 0.0329380264803232
0.467092355423217 0.250928609588632
0.524831647185296 0.729503132646411
0.00807599739148807 0.0195682577649697
0.424335208418597 0.481432418005117
0.575060663469073 0.479971282829312
0.00060412811232624 0.0385962991655581
0.416151427664312 0.331262358135027
0.508802797378738 0.637486492300002
0.0750457749569533 0.0312511495649836
0.420963879365807 0.551053825876993
0.530643533795924 0.444107216824383
0.0483925868382613 0.00483895729861006
0.59982948722097 0.442253477846562
0.376298700882108 0.497447912527476
0.0238718118969245 0.0602986096259651
0.354917332823467 0.41568285689495
0.639435957749822 0.566122391432487
0.0056467094267071 0.0181947516725548
0.654751870872291 0.578387548314258
0.317472712408778 0.402536618944527
0.0277754167189312 0.0190758327412062
0.555978051475112 0.629927090257863
0.424173187382223 0.332137039434629
0.0198487611426614 0.0379358703075134
0.476923710222745 0.32307136062429
0.521338098582549 0.639332342745778
0.00173819119470652 0.0375962966299169
0.665128523949875 0.636866058435831
0.321469733211586 0.343874185197707
0.0134017428385402 0.0192597563664521
0.571131886987641 0.790353964455938
0.383780470053727 0.185312937348511
0.045087642958644 0.0243330981955516
0.534643070751128 0.48443139290487
0.459950831116491 0.508839085062661
0.00540609813238388 0.00672952203246524
0.575602964237122 0.495931378519567
0.398425881476196 0.470963184157711
0.0259711542866899 0.0331054373227282
0.424228749653917 0.557975282400036
0.559695728379324 0.415156129521295
0.0160755219667638 0.0268685880786718
0.573597990569 0.797721039321539
0.426208394514633 0.198876280235114
0.000193614916365131 0.00340268044334028
0.315645654171142 0.41014401205378
0.674309954642635 0.586993870646496
0.0100443911862171 0.00286211729972024
0.356251040338349 0.517042808923845
0.63587785658244 0.464114252788059
0.00787110307922462 0.0188429382881096
0.448106879861821 0.398949626510006
0.541944347359971 0.575552350767919
0.00994877277820731 0.025498022722072
0.365973848253452 0.375520176348
0.626274120119718 0.602028184570258
0.00775203162682848 0.0224516390817512
0.383972515223472 0.500624286508736
0.595903589355203 0.451475678872344
0.0201238954213267 0.0479000346189202
0.548721228700796 0.543096770879742
0.422037570841684 0.434750506701618
0.0292412004575259 0.022152722418646
0.658123649550062 0.708848786758204
0.335108029666453 0.289970932248558
0.00676832078350038 0.00118028099323867
0.405540641988244 0.287989481957573
0.592237116213138 0.654660959831703
0.00222224179861914 0.0573495582107101
0.524362922073709 0.602912049045998
0.422913114064046 0.394637979065482
0.0527239638622341 0.00244997188851227
0.474151899744982 0.602892899684146
0.525275326720418 0.392722983160206
0.000572773534599958 0.00438411715565135
0.369838938519136 0.38022646711039
0.59059193426771 0.607824376020461
0.0395691272131478 0.0119491568691454
0.44299743282295 0.563643664433699
0.524922573629453 0.348276770763474
0.0320799935475937 0.0880795648028193
0.540793359184233 0.795035086477811
0.441978704472904 0.204269710772223
0.0172279363428696 0.000695202749962375
0.661589764347011 0.544270570804387
0.309549176598553 0.434187910375706
0.028861059054442 0.0215415188199069
0.399102678891819 0.50393063399287
0.598564899917111 0.463048099353861
0.00233242119106203 0.0330212666532514
0.426610716439633 0.396963966981542
0.550632237014879 0.533660698609705
0.0227570465455037 0.0693753344087591
0.409830867294979 0.648719642348166
0.577261580869902 0.344551785072321
0.0129075518351171 0.00672857257952224
0.466618342830982 0.285699396269932
0.505545405002675 0.707244986840354
0.0278362521663534 0.00705561688971081
0.546442097409453 0.461334939086209
0.447036375536527 0.487155408544008
0.0065215270540223 0.0515096523697954
0.747172985397404 0.86761514182546
0.221523821627414 0.0970999394680091
0.0313031929751801 0.0352849187065409
0.388042261267838 0.502763262727158
0.597018522739814 0.453441929359939
0.0149392159923399 0.04379480791291
0.537886407770263 0.607909583262268
0.427110966975358 0.370421925431367
0.0350026252543794 0.0216684913063574
0.449965658622985 0.463507417236599
0.476550684944925 0.521922152127063
0.0734836564320886 0.0145704306363287
0.704793893708259 0.625261064861605
0.289210773772993 0.33486340905072
0.00599533251873882 0.0398755260876662
0.633849997574426 0.594531958062646
0.348650799904622 0.381921635178963
0.0174992025209573 0.0235464067584005
0.578169065040002 0.59408512108428
0.363416253129686 0.381644035589653
0.0584146818303145 0.0242708433260681
0.44675520107173 0.392744428291228
0.539753519479514 0.536718221119997
0.0134912794487571 0.0705373505887706
0.367797628490506 0.471257444247101
0.618707354720526 0.507033522974329
0.0134950167889769 0.0217090327785618
0.471717124437651 0.396060285232238
0.488458319061678 0.600120807991789
0.0398245565006627 0.00381890677597821
0.547924403188691 0.463161265036133
0.446432986466088 0.470730866699554
0.00564261034521912 0.0661078682643183
0.586893877338924 0.592393169883095
0.390433930315207 0.363294723853921
0.0226721923458655 0.0443121062629953
0.49732849962146 0.713120400874462
0.464568219311848 0.227053962412963
0.0381032810666826 0.0598256367125653
0.631860376402514 0.776236645542324
0.330876163906489 0.165967130029174
0.0372634596910054 0.0577962244285069
0.457985169023646 0.520662937589819
0.520271004750672 0.447704387536741
0.0217438262256723 0.0316326748734391
0.569932937461374 0.687986469205652
0.422502464372279 0.302068835097942
0.00756459816634501 0.00994469569640888
0.481228440983823 0.572770661269661
0.491215873058592 0.41561635212738
0.0275556859575979 0.0116129866029464
0.549763301437277 0.682580900772688
0.449725599549818 0.282020028321682
0.000511099012918749 0.0353990709056255
0.533079872832787 0.463163733417824
0.465998550798023 0.533006817592154
0.000921576369182118 0.00382944899002313
0.610670757717071 0.670098162964108
0.347448264750049 0.322550292165742
0.0418809775328741 0.00735154487015771
0.456409136631516 0.347256025888895
0.540572321328398 0.634708915297426
0.00301854204009322 0.0180350588136892
0.408803595389849 0.394546220946102
0.526257167272473 0.6043364216561
0.0649392373376809 0.00111735739780474
0.572056806962239 0.573813276132159
0.409689107887272 0.399837912730214
0.0182540851504794 0.0263488111376408
0.44014422820032 0.667558980536745
0.508362149366878 0.278367958535341
0.0514936224327966 0.0540730609279058
0.347755380918974 0.38703382454321
0.63970732544378 0.575765690062001
0.012537293637262 0.0372004853947779
0.384207920781421 0.409771238629502
0.613187108790669 0.55355587841251
0.00260497042791164 0.0366728829579941
0.487444306995329 0.572017515901037
0.499941857186453 0.426745343040584
0.0126138358182183 0.00123714105837949
0.351704438428607 0.425541523910231
0.634152623527996 0.513229303500834
0.0141429380434013 0.0612291725889355
0.471501910800778 0.341925101534521
0.493546715587628 0.635772068910581
0.0349513736115983 0.0223028295548828
0.51058741256712 0.546770991619569
0.479166222193426 0.395865559698654
0.0102463652394602 0.057363448681772
0.555611188600839 0.348604536882559
0.440913627093091 0.633629729323345
0.00347518430606868 0.0177657337940861
0.454880883029258 0.327960511647262
0.532184543944595 0.66884426024602
0.0129345730261512 0.00319522810672876
0.635641370390932 0.661710573988602
0.327825884843512 0.284569649489633
0.0365327447655658 0.053719776521772
0.608022068702397 0.736388531258285
0.348804284186517 0.239820569070977
0.0431736471110727 0.0237908996707382
0.446260644109695 0.587275034439801
0.500259871559025 0.39668994001687
0.0534794843312767 0.0160350255433337
0.594659641113882 0.663267370893167
0.401160349914885 0.293097790914339
0.00418000897122365 0.0436348381924881
0.411582464613975 0.263371836589747
0.555904531156686 0.714564772992038
0.0325130042293298 0.0220633904182263
0.471474123945824 0.413665401737489
0.445559365139047 0.515513551204322
0.0829665109151356 0.070821047058189
0.562609799628673 0.663663000934148
0.419775457479433 0.331225700205798
0.0176147428918833 0.00511129886006065
0.278733950798247 0.354756437662754
0.644205078095934 0.633651357807025
0.0770609711058175 0.0115922045302199
0.538596063167587 0.489070728760037
0.429144261467168 0.504081472226119
0.0322596753652453 0.00684779901385145
0.439264845591046 0.249215715754642
0.539788045381555 0.740175470007788
0.0209471090273997 0.0106088142375638
0.336026257270505 0.245863131528553
0.645998127975819 0.751324322101557
0.0179756147536683 0.00281254636988509
0.443583347683371 0.679267469443756
0.555054318172906 0.297781091385508
0.0013623341437169 0.022951439170722
0.464722818380877 0.378505576099737
0.526161249511059 0.569379737006955
0.00911593210807008 0.0521146868933017
0.455447036455139 0.556257754489135
0.492808536697528 0.421527852807287
0.0517444268473279 0.0222143927035836
0.504092124456694 0.437265772859559
0.474723108497964 0.488564559883851
0.0211847670453441 0.0741696672565997
0.387565437477196 0.402837935375259
0.61129549875642 0.568297816585742
0.00113906376638271 0.0288642480390076
0.456097415505268 0.482007633995523
0.512696137381506 0.470246135416067
0.031206447113239 0.0477462305883975
0.454505292901428 0.492577860404609
0.513963003734546 0.486357810720562
0.0315317033640266 0.0210643288748286
0.48793179623705 0.301953729844627
0.457807159110018 0.680280234816617
0.0542610446529278 0.0177660353387577
0.313665598048351 0.450649235582413
0.648244986954698 0.546561022177416
0.0380894149969426 0.0027897422401657
0.298747830174939 0.39201536128445
0.686988783464243 0.563450771221214
0.0142633863608174 0.0445338674943299
0.410905655299644 0.526979117089542
0.58204079129331 0.46585956997075
0.00705355340703958 0.00716131293969392
0.363010251106894 0.169227092890638
0.622298331699653 0.822048465851705
0.014691417193454 0.00872444125766498
0.485365723063129 0.664190039786769
0.495222439104509 0.33096975403072
0.0194118378323579 0.00484020618251436
0.34316620852613 0.370210589965551
0.633597195995787 0.593347948777636
0.0232365954780796 0.0364414612568214
0.446913481755152 0.394467136047069
0.55152421796134 0.58831424829549
0.00156230028351005 0.0172186156574378
0.438465796069449 0.441463514492848
0.552342173696599 0.500856155927128
0.00919203023396539 0.0576803295800226
0.433795129456898 0.307662372629069
0.554924148275407 0.691829703144705
0.0112807222676903 0.000507924226224438
0.616176727331776 0.552080802642028
0.354534392617206 0.416594063333566
0.0292888800510246 0.0313251340243967
0.598849888244317 0.522848357193919
0.383651602885094 0.474498461561215
0.0174985088706028 0.00265318124486862
0.548167080873087 0.42278925081966
0.435614750307576 0.550597835018421
0.0162181688193416 0.026612914161929
0.441352100979036 0.385123116423552
0.53165724645508 0.583180339782185
0.0269906525658889 0.0316965437942676
0.47713082299801 0.388899809649519
0.48270758529145 0.605789493450174
0.0401615917105352 0.00531069690031549
0.607456108654004 0.572486902424215
0.384608362177853 0.421681926334734
0.00793552916814282 0.00583117124104622
0.372980267173487 0.435838257667926
0.613622132622069 0.552386211648582
0.0133976002044596 0.0117755306834867
0.437329092679059 0.639403180595025
0.543914700885633 0.359899139609808
0.0187562064353166 0.00069767979516865
0.463622475997697 0.408415254235552
0.503535938252395 0.534100007019898
0.0328415857499078 0.0574847387445557
0.734368394244447 0.438063073715904
0.256086265269884 0.549336957541983
0.0095453404856645 0.0125999687421146
0.46191545055314 0.155218684024302
0.485098651632312 0.840046694133889
0.0529858978145461 0.00473462184180838
0.581588122387258 0.550545479570758
0.406226584528458 0.412637665660362
0.0121852930842758 0.0368168547688869
0.570026727610253 0.684620283278896
0.362697781718844 0.298064499443883
0.0672754906709036 0.017315217277213
0.460339819612269 0.583293315160514
0.49700590071922 0.404117908086113
0.0426542796685139 0.0125887767533754
0.526308249119849 0.521714791470629
0.453687654201774 0.473677360874073
0.0200040966783707 0.00460784765530541
0.537060093181022 0.491894676297305
0.445961336276701 0.486816226421709
0.016978570542276 0.0212890972809877
0.411149277877878 0.346477603162063
0.54209006101945 0.628812559177614
0.0467606611026817 0.024709837660334
0.61893139435516 0.448402329741326
0.360747171655102 0.534939119546707
0.020321433989746 0.0166585507119769
0.553618455506962 0.583667679419363
0.428838223583759 0.409075852050949
0.0175433209092835 0.00725646852969166
0.589971699948929 0.80579859867195
0.386107882877468 0.178979617622739
0.0239204171736075 0.0152217837053074
0.574628174302674 0.490803424061368
0.383373594983424 0.496543970986736
0.0419982307139124 0.0126526049519018
0.609897082803186 0.425499671907
0.315842105149693 0.546801352287206
0.0742608120471146 0.0276989758058051
0.562635861133502 0.566388579291185
0.415646513393204 0.368550333329419
0.0217176254732938 0.0650610873793929
0.583140555767272 0.593799814664972
0.385321316617536 0.393380018285291
0.0315381276151898 0.0128201670497512
0.361354203969959 0.526235698455667
0.606843619081175 0.470910214733938
0.0318021769488796 0.00285408681038451
0.466730655607687 0.397406583002403
0.475109234070279 0.601487427750313
0.0581601103220326 0.00110598924729843
0.587854029215979 0.821993617973784
0.395731796260844 0.155591176629684
0.0164141745231651 0.0224152053965301
0.596857740079943 0.650526752546611
0.396944512659336 0.346389646699472
0.00619774726071221 0.00308360075392485
0.533663527751966 0.472423563459889
0.429037248415626 0.520190890016356
0.0372992238324121 0.00738554652373852
0.618143885073309 0.445365594726107
0.380828800939071 0.532431065589224
0.00102731398763159 0.0222033396846687
0.370348232585967 0.263046822198256
0.613754597428283 0.707625599103836
0.0158971699857577 0.0293275786978988
0.484492711645945 0.538217131647458
0.513945916404055 0.412973351709049
0.00156137194999361 0.0488095166434916
0.286442900493258 0.480270532360179
0.67893161228886 0.477030449758544
0.0346254872178768 0.0426990178812829
0.558963347573795 0.675028527888802
0.401426847501114 0.250498719771429
0.0396098049250924 0.074472752339759
0.687870214248681 0.632623475265731
0.311433100433332 0.348472446446858
0.00069668531798849 0.0189040782874255
0.351104202636799 0.421399236789817
0.634537135116077 0.575703220342052
0.0143586622471391 0.002897542868131
0.43234973663255 0.303959179635308
0.535612997609523 0.680267546770963
0.0320372657579151 0.0157732735937252
0.425334558124234 0.309825764346378
0.545445677837294 0.680267173712473
0.0292197640384646 0.00990706194116143
0.411538101122971 0.200221460306411
0.580354000240179 0.77716654316805
0.00810789863684304 0.0226119965255403
0.601126867957081 0.675733314516278
0.390348516355823 0.304635588430152
0.00852461568708575 0.0196310970535621
0.648831999696089 0.860196665374472
0.338277391747536 0.128118852419913
0.0128906085563696 0.0116844822056225
0.551831310557318 0.498599520966991
0.364566740703108 0.499028263761094
0.0836019487395638 0.00237221527190918
0.484444224831634 0.570468405164903
0.494710669466424 0.403693523584974
0.02084510570195 0.0258380712501149
0.50674699038387 0.783374178331201
0.48941379002082 0.184331974068246
0.00383921959531041 0.0322938476005499
0.35024454378754 0.585987747292049
0.649640699746542 0.406243220194716
0.00011475646592876 0.00776903251323296
0.571548710194858 0.555176217949265
0.397883002261244 0.442457014264505
0.0305682875439072 0.00236676778623896
0.264866258179154 0.469228639085769
0.697963274851709 0.509933601066446
0.0371704669691342 0.020837759847799
0.598716996014904 0.71890995165894
0.395478232875126 0.256637843395793
0.00580477110995314 0.0244522049452591
0.520074526020092 0.590896087116104
0.468723745409292 0.399081595562506
0.0112017285706265 0.0100223173213985
0.6237123895624 0.607094839216119
0.33542206286753 0.362247029835544
0.0408655475700738 0.0306581309483428
0.496416586636525 0.362281384165803
0.4466600979585 0.621628752234142
0.0569233154049804 0.0160898636000457
0.453640436022586 0.230175265078913
0.532246459547553 0.754238433090336
0.0141131044298498 0.0155863018307466
0.453501948103209 0.462759031132221
0.519132056214701 0.531634392661432
0.0273659956820858 0.00560657620634696
0.51930367342656 0.420939570871946
0.466910337272846 0.504200456786905
0.0137859893006086 0.0748599723411587
0.429403171617898 0.427941494911916
0.516830606127641 0.57058012800765
0.0537662222544642 0.00147837708042622
0.460694726121115 0.551866101064677
0.520967399420398 0.429103497411022
0.0183378744584899 0.0190304015242901
0.375195635822588 0.518100133735419
0.579802694764469 0.449992672711631
0.0450016694129339 0.0319071935529396
0.554855662243528 0.461226560937746
0.426245278346151 0.521788538395014
0.0188990594103179 0.016984900667243
-999 -999
-999 -999
-999 -999
-999 -999
-999 -999
-999 -999
