324
309
288
275
264
247
221
203
189
160
156
129
105
86
67
38
20
23
15
16
10
13
9
13
11
12
14
8
10
10
9
6
7
9
11
8
9
9
7
6
7
5
5
6
5
6
10
5
4
4
2
4
2
2
2
2
3
2
3
2
2
2
2
2
2
2
2
3
2
2
2
2
2
2
4
2
3
2
2
3
3
2
2
2
3
2
4
2
2
3
3
2
2
2
2
2
2
2
3
2
2
2
2
2
2
2
3
2
2
2
2
2
2
5
2
2
3
2
2
3
2
2
2
2
2
2
2
3
2
2
2
2
2
2
2
2
2
2
2
3
2
2
2
2
2
2
2
2
2
4
2
2
2
2
2
2
2
2
2
2
2
2
2
2
2
2
2
2
2
2
2
2
2
2
2
2
2
2
2
2
2
2
2
2
2
2
2
2
2
2
2
2
2
2
2
2
2
2
2
2
2
3
2
2
2
2
2
2
2
2
2
2
2
2
3
2
2
3
2
3
2
3
2
3
2
2
2
2
2
3
2
2
3
2
3
3
3
2
2
2
3
2
2
4
2
2
2
3
2
2
2
3
2
2
2
3
2
4
2
2
2
2
2
2
2
2
2
2
2
2
2
2
2
2
2
2
2
2
2
2
2
2
2
2
2
2
2
2
2
2
2
2
2
2
2
2
2
2
2
2
2
2
2
3
2
2
2
2
2
2
2
2
2
2
4
2
2
2
2
2
2
2
2
2
2
2
2
2
2
2
2
2
2
2
2
2
2
2
2
2
2
2
2
2
2
2
2
2
2
3
2
2
2
3
2
2
3
2
3
4
2
2
3
2
2
2
2
2
2
3
2
2
2
2
2
2
3
2
3
2
2
3
2
2
2
2
3
3
2
2
2
2
3
2
2
2
2
2
2
2
2
2
4
5
4
2
3
2
2
2
2
2
2
2
2
2
2
2
2
2
2
2
2
2
2
2
2
2
2
2
2
2
2
2
2
5
2
2
2
2
2
2
2
2
2
2
2
2
3
4
2
3
3
2
3
2
3
3
3
2
2
2
2
3
2
2
2
2
2
2
2
2
2
2
2
2
3
2
2
2
2
2
2
2
2
2
2
2
2
2
3
2
2
2
2
2
2
2
2
2
2
2
2
2
2
2
2
2
4
4
2
3
2
3
2
3
2
2
2
4
3
2
2
2
2
3
3
2
2
2
2
2
3
3
2
2
2
2
2
4
3
2
2
2
2
2
2
3
2
2
2
2
2
2
2
2
2
2
2
4
2
2
3
2
2
2
2
2
2
2
2
2
2
3
2
2
3
2
3
2
3
2
2
2
2
2
2
2
2
2
3
2
2
2
2
2
2
2
2
2
2
2
2
2
2
2
2
2
3
2
2
2
2
2
2
2
2
3
2
2
2
2
2
2
3
2
2
3
2
2
2
2
2
2
2
2
2
2
2
2
2
2
2
2
2
2
3
2
2
3
2
3
2
2
2
2
3
2
3
2
2
2
2
2
2
2
3
2
2
2
2
3
2
2
2
2
2
2
2
2
2
2
2
2
2
2
2
2
3
2
2
2
2
3
2
2
2
2
2
2
2
2
2
2
2
2
2
2
2
2
2
2
2
2
2
2
2
2
2
2
2
3
4
2
3
2
2
2
2
2
2
2
2
2
2
2
2
2
2
2
2
2
2
2
2
2
2
2
2
2
2
2
2
2
2
2
2
2
2
2
2
2
2
2
2
2
2
3
3
2
2
2
2
2
2
2
2
2
2
2
2
2
2
2
3
2
2
2
3
2
2
2
2
2
2
2
2
2
2
2
2
2
2
2
2
2
2
2
2
2
3
2
2
2
2
2
2
2
3
2
3
3
2
2
2
2
2
2
2
3
2
2
2
2
2
3
2
2
2
2
2
2
2
2
2
3
2
2
2
2
2
2
2
2
2
2
2
3
3
2
3
2
2
2
2
2
2
2
2
2
2
2
2
2
2
2
2
2
2
3
2
2
2
2
2
2
2
2
2
2
2
2
2
2
2
2
2
2
2
2
2
2
2
2
2
3
2
2
2
2
2
3
2
2
2
2
2
2
2
2
3
2
2
2
2
2
3
2
2
2
2
2
2
2
2
2
2
2
2
2
2
2
2
2
2
2
3
2
2
2
2
2
2
2
2
2
2
2
2
2
2
2
2
2
2
2
2
2
2
2
2
2
2
3
2
2
2
2
2
2
2
2
2
2
2
2
2
2
2
2
2
2
2
2
2
2
2
2
3
2
