0.337818560182272 0.722195716980935
0.327858364003241 0.2744902574405
0.334323075814487 0.00331402557856543
0.335591851070984 0.752498136722654
0.33055922576091 0.244001917084508
0.333848923168105 0.00349994619283729
0.323862037875901 0.66275831713446
0.33393484824757 0.334702016342938
0.342203113876529 0.00253966652260226
0.336906302606145 0.821560818229643
0.337504634218305 0.172360111850845
0.32558906317555 0.00607906991951265
0.315493445462371 0.601551990955064
0.34246521478902 0.396621748518645
0.342041339748608 0.00182626052629174
0.333833875274741 0.681660882594549
0.334349763389005 0.315596673097323
0.331816361336254 0.00274244430812808
0.33428616078952 0.889985341920672
0.327200415020634 0.100575403206595
0.338513424189847 0.00943925487273315
0.32447944946364 0.65236403473684
0.341621059983315 0.345197238203377
0.333899490553046 0.00243872705978441
0.341023174961938 0.847463466030747
0.329006609370935 0.145905305870122
0.329970215667127 0.00663122809913101
0.327101498031855 0.63719650748044
0.338025458917836 0.360667101960445
0.33487304305031 0.00213639055911557
0.335490684182014 0.769235969272973
0.348355535757697 0.226365143025355
0.316153780060289 0.00439888770167113
0.339975654679503 0.777323423545447
0.330569425811411 0.218429385555436
0.329454919509086 0.00424719089911771
0.345395074170809 0.705873329865934
0.329246425170122 0.291205312931127
0.325358500659069 0.00292135720293765
0.32746322931823 0.849361435661158
0.35031839206952 0.14444773298913
0.32221837861225 0.00619083134971143
0.333008753010709 0.730922208439724
0.335416192293872 0.265570609995406
0.331575054695418 0.00350718156487001
0.324328041718596 0.835160364687112
0.329173616240431 0.158683229593032
0.346498342040973 0.00615640571985569
0.326358898716537 0.69695555023687
0.34307385045743 0.300388406579184
0.330567250826033 0.00265604318394772
0.31928408037673 0.646659293607178
0.340052429017294 0.35114529956152
0.340663490605976 0.00219540683130184
0.338581251578961 0.784510970004548
0.330448280836843 0.21106462890796
0.330970467584196 0.0044244010874912
0.337029982420156 0.866663113558004
0.328677436989262 0.125675868480075
0.334292580590581 0.00766101796192032
0.350173094216019 0.731285564353366
0.33558233707219 0.265189484046757
0.314244568711791 0.00352495159987632
0.344929863007841 0.762886264937876
0.339503201580865 0.233029306552922
0.315566935411295 0.00408442850920244
0.350526131085665 0.671654715913695
0.318566924632305 0.325928942417936
0.330906944282031 0.00241634166836963
0.341434713129673 0.782689484517336
0.327357114714225 0.212826176057699
0.331208172156102 0.00448433942496481
0.323141423525824 0.677113781672126
0.337120624023513 0.320279256823652
0.339737952450663 0.00260696150422161
0.337496493026807 0.676370549731206
0.327088038623558 0.320890108937522
0.335415468349635 0.00273934133127182
0.315348504039773 0.674230929000582
0.340622885479247 0.323091330133362
0.344028610480979 0.00267774086605667
0.332702195140587 0.661980111440225
0.33451630680667 0.335620471933859
0.332781498052743 0.00239941662591466
0.335496585311827 0.704335355268117
0.331505394133405 0.29254431636277
0.332998020554768 0.00312032836911226
0.33813547183503 0.770229933204151
0.338819632439206 0.225648607421285
0.323044895725764 0.00412145937456354
0.323646942114019 0.768676361936624
0.333754749595486 0.227182799146288
0.342598308290494 0.00414083891708725
0.335215475821409 0.702993515517222
0.324720290709208 0.293986759240826
0.340064233469382 0.00301972524195124
0.325758561231222 0.789925448433206
0.349372671459431 0.205434793204338
0.324868767309347 0.00463975836245646
0.326350713562503 0.787104474714504
0.321102698815573 0.208323777737159
0.352546587621925 0.0045717475483368
0.321002254480059 0.710517884439016
0.339797101096338 0.286394962820428
0.339200644423603 0.00308715274055708
0.338085809872378 0.728960594031502
0.32719842370302 0.267535086074309
0.334715766424601 0.0035043198941887
0.336555862504348 0.794311314659786
0.330806837105247 0.200634699423414
0.332637300390406 0.00505398591680112
0.335424209698915 0.747970277785702
0.337286660425139 0.248277002884732
0.327289129875947 0.00375271932956617
0.340229412943482 0.812350470323023
0.316816006028622 0.182503085349592
0.342954581027897 0.0051464443273853
0.33398742737281 0.768332011702366
0.340004568743293 0.227361331253176
0.326008003883897 0.00430665704445835
0.342297368705251 0.843844463238792
0.33341281109143 0.149382695535004
0.324289820203319 0.00677284122620374
0.333358944111091 0.685971131023271
0.334185584596589 0.311511079025138
0.33245547129232 0.002517789951592
0.325540845398056 0.790906253182024
0.330487185144975 0.204463532267692
0.343971969456969 0.00463021455028379
0.336907176604686 0.756924889951331
0.32907481748316 0.239322408955959
0.334018005912154 0.00375270109271009
0.328630677381542 0.761058512664152
0.337941310548357 0.235121706220284
0.333428012070101 0.00381978111556495
0.335831669892889 0.79305913439812
0.336416267593223 0.202159903607538
0.327752062513887 0.00478096199434239
0.319200819452053 0.776999874185707
0.33868192453573 0.218981685456273
0.342117256012217 0.00401844035801918
0.334821618493128 0.86586011161884
0.332340542992027 0.126024234369431
0.332837838514845 0.00811565401172914
0.332828053762313 0.841128781964364
0.330856193620626 0.15221930186813
0.336315752617061 0.00665191616750665
0.316853681372242 0.762257231465351
0.338363931185915 0.233715819422927
0.344782387441843 0.00402694911172118
0.341439635981601 0.741978127978734
0.336126861243275 0.254352811875003
0.322433502775125 0.00366906014626313
0.335952482272165 0.815646252540176
0.335538304550073 0.179121104962425
0.328509213177762 0.00523264249739942
0.338065951954292 0.756747446068605
0.326565882109397 0.23939296855901
0.335368165936311 0.00385958537238462
0.342001620934038 0.759467783256279
0.334433752365894 0.236633078257128
0.323564626700067 0.00389913848659428
0.332484821868605 0.655337906671464
0.329332326259201 0.342294445174272
0.338182851872195 0.00236764815426424
0.332389505725537 0.858521218656463
0.333240971695032 0.134308321770336
0.33436952257943 0.00717045957319976
0.326367276166954 0.740273047079411
0.337795754973061 0.256168089674078
0.335836968859985 0.00355886324650968
0.335233289336721 0.74041037267391
0.341958597737527 0.256113572656153
0.322808112925753 0.00347605466993672
0.315454331155623 0.828635590284532
0.340602550271046 0.164840984754698
0.343943118573331 0.00652342496077028
0.331054037364607 0.832182142766304
0.327093625043017 0.16180039657916
0.341852337592377 0.00601746065453612
0.333956049025451 0.68682483612372
0.323802114313786 0.310464183536929
0.342241836660763 0.00271098033935099
0.344885459124295 0.802078054205237
0.341487020349411 0.192760826605589
0.313627520526294 0.00516111918917397
0.342018399436452 0.770463017274056
0.338407161042464 0.2252661218997
0.319574439521084 0.00427086082624502
0.335187292616566 0.696717618672508
0.328021751077949 0.300379059730805
0.336790956305485 0.00290332159668699
0.34734701880163 0.76975087455698
0.3266844850888 0.226078817883742
0.32596849610957 0.00417030755927678
0.332744040527984 0.824933450966736
0.338574657721992 0.169419284533134
0.328681301750023 0.00564726450012863
0.325455096250826 0.785015055360614
0.346576355195676 0.210617586634633
0.327968548553497 0.00436735800475211
0.325436792139639 0.746799512665935
0.337921764111073 0.249495785814615
0.336641443749289 0.00370470151944973
0.335456748209835 0.830279011386413
0.32585164561923 0.163828836303007
0.338691606170935 0.00589215231057964
0.330354436622257 0.721120096114918
0.338318493594254 0.275579435678656
0.331327069783489 0.00330046820642692
0.341369907596288 0.686399232138431
0.336303111135844 0.31088834009182
0.322326981267868 0.00271242776974984
0.325360840206237 0.64661149579236
0.340506402454624 0.350912349366538
0.334132757339139 0.002476154841101
0.338975982514139 0.752004214342192
0.328392574266584 0.244313345419776
0.332631443219278 0.00368244023803262
0.336671546343939 0.724586758427336
0.326531430198466 0.271874484284083
0.336797023457594 0.00353875728858021
0.328170562333473 0.70350786354512
0.356402448316128 0.293487819374882
0.315426989350399 0.00300431707999923
0.325770899719224 0.760481335662175
0.338119836658135 0.235702907816125
0.336109263622641 0.0038157565217005
0.337627213713383 0.755300493420056
0.324973935226246 0.240388145225707
0.33739885106037 0.00431136135423773
0.327614346701015 0.731268471742792
0.33558817953691 0.265561237252308
0.336797473762074 0.00317029100489972
0.319930079208643 0.759494806958131
0.348664284541331 0.236498429270338
0.331405636250026 0.0040067637715312
0.332564072043453 0.706100449169407
0.327026177300348 0.290980405989762
0.340409750656198 0.00291914484083138
0.337363247114957 0.83513316156859
0.340957076055914 0.159088018319349
0.321679676829129 0.0057788201120611
0.32691841619712 0.812299027954474
0.342913847012423 0.18250700407089
0.330167736790458 0.00519396797463653
0.318642691399002 0.730516910868557
0.336481193090092 0.266126619547246
0.344876115510906 0.00335646958419809
0.338295680008657 0.794503316988193
0.332968348128151 0.200522078654329
0.328735971863192 0.00497460435747723
0.3424791998683 0.74625820922047
0.345405583811324 0.250053635475184
0.312115216320376 0.00368815530434432
0.331180183113916 0.871162649467545
0.33505094867072 0.12114935463877
0.333768868215364 0.00768799589368386
0.347593551652113 0.727723510063906
0.329945867442771 0.268958041078887
0.322460580905116 0.00331844885720681
0.334146210155049 0.720682520513819
0.328105170269797 0.276098795313416
0.337748619575154 0.00321868417276493
0.330029871449688 0.780855376994974
0.328050329707779 0.214804161423078
0.341919798842534 0.00434046158194859
0.340935795563188 0.791315678058707
0.317208851446176 0.204248026426248
0.341855352990635 0.004436295515045
0.320940976576038 0.70242541989193
0.343024022841915 0.294593353174038
0.336035000582047 0.00298122693403317
0.323983265564451 0.735879240770155
0.338879377899098 0.260748311989837
0.337137356536451 0.00337244724000847
0.332218059456309 0.818783859738283
0.334074199123441 0.1758420123892
0.333707741420251 0.00537412787251598
0.331858678153835 0.790865136532663
0.31917985971275 0.204365010923427
0.348961462133415 0.00476985254390979
0.342089086872523 0.754928415787594
0.322748489839492 0.241044859199667
0.335162423287985 0.00402672501273905
0.341172777815244 0.71141195676362
0.343429089096958 0.285647735984945
0.315398133087797 0.00294030725143477
0.32260937281021 0.779812770875798
0.33689440669525 0.215899375855538
0.34049622049454 0.00428785326866426
0.334669333717904 0.804879279973748
0.342969323201636 0.190343094896509
0.32236134308046 0.00477762512974267
0.33587315196813 0.775155228702687
0.326130077531349 0.22087200095579
0.337996770500521 0.003972770341522
0.325849184951236 0.743147065535442
0.339480045025282 0.253106533910979
0.334670770023483 0.0037464005535784
0.331150743987655 0.822231430670425
0.345298408286252 0.17227341516847
0.323550847726092 0.00549515416110391
0.343422365199129 0.805072841521342
0.333417172564989 0.189611324307734
0.323160462235882 0.0053158341709243
0.331458818654494 0.796581799881873
0.325076012020424 0.198754613722821
0.343465169325082 0.00466358639530651
0.331065032179929 0.817282255269634
0.323715331158666 0.177469515131984
0.345219636661406 0.00524822959838209
0.324167043571988 0.754953139521817
0.346008870243944 0.241389840639482
0.329824086184068 0.00365701983870182
0.32487181514762 0.677675285192935
0.339459848596868 0.319659099242214
0.335668336255513 0.00266561556485072
0.332938189911208 0.723392277606646
0.320098638393756 0.273359399402937
0.346963171695037 0.00324832299041787
0.337220986356621 0.810306929977186
0.331707806050086 0.184491689828195
0.331071207593294 0.0052013801946185
0.325553031741652 0.784397683168582
0.328902704809783 0.211009510334524
0.345544263448565 0.00459280649689385
0.325589589398133 0.74345425632106
0.342003462524366 0.252697318994235
0.3324069480775 0.00384842468470565
0.33442961716673 0.76081834346768
0.338857228777446 0.235250237305987
0.326713154055825 0.00393141922633392
0.336768889531999 0.80410153588476
0.330005359950891 0.191110249576746
0.33322575051711 0.0047882145384935
0.345090035419573 0.760503041013394
0.329130777699987 0.235946995348612
0.325779186880441 0.00354996363799363
0.331895239072833 0.677125509108004
0.329696229405831 0.320286346963586
0.338408531521335 0.00258814392840991
0.326616630249814 0.795943814894963
0.344223307806997 0.199310593315474
0.329160061943189 0.00474559178956272
0.327509864636102 0.761069024572945
0.335663753743248 0.235147351654564
0.33682638162065 0.00378362377249089
0.341654525254173 0.751048375209421
0.326554880275665 0.245185813358155
0.331790594470162 0.00376581143242456
0.32614639321694 0.746808170862172
0.332363144538189 0.249571814425841
0.341490462244871 0.00362001471198608
0.343426303709597 0.800937875038367
0.335577034880118 0.193879896432576
0.320996661410284 0.00518222852905885
0.346256843268964 0.684224403095858
0.337215567718598 0.313246118382328
0.316527589012439 0.00252947852181453
0.332536180013235 0.727738429388627
0.333415304672754 0.269125036196498
0.334048515314012 0.00313653441487412
0.314908650632866 0.676491854353429
0.341811500651984 0.320909612374556
0.343279848715151 0.002598533272014
0.340516047100624 0.870147248747021
0.334446652528691 0.121386344736864
0.325037300370686 0.00846640651611457
0.3259373976836 0.69316932428632
0.34884816119004 0.304019548375682
0.32521444112636 0.00281112733799828
0.324629478049376 0.759059877592167
0.330186119676122 0.237024461202105
0.345184402274502 0.00391566120572723
0.347214720654001 0.612067561334619
0.328836741273429 0.385789688090228
0.323948538072571 0.00214275057515209
0.329393600645947 0.700905322429495
0.333267487096946 0.296113799277968
0.337338912257108 0.00298087829253815
0.32999058517652 0.78720732836156
0.341375635608911 0.20837427231955
0.32863377921457 0.00441839931888986
0.342284011383474 0.760618425994248
0.330529726720466 0.235405050628126
0.32718626189606 0.0039765233776258
0.349813752677113 0.796907440046055
0.321094133942566 0.198114838114414
0.329092113380322 0.00497772183953078
0.342864962502168 0.793774284893041
0.334382219846508 0.201603709800347
0.322752817651324 0.00462200530661282
0.328529894544856 0.749675482050764
0.326499976814073 0.246460782695376
0.344970128641072 0.00386373525385927
0.338367354824947 0.719144675597741
0.343584008712368 0.277788263682034
0.318048636462685 0.00306706072022445
0.328846781879946 0.804284483675133
0.328204476567731 0.190616434981164
0.342948741552323 0.00509908134370349
0.323351861601478 0.764103315308837
0.340895629460013 0.231971632678731
0.33575250893851 0.00392505201243158
0.338442680208016 0.777198630976882
0.331241046808625 0.218368202598404
0.330316272983359 0.00443316642471488
0.333278564767346 0.767475685843981
0.343448106897393 0.228498793354117
0.32327332833526 0.00402552080190261
0.346561388657665 0.826928523128492
0.328839600281854 0.166867922065239
0.32459901106048 0.00620355480626976
0.334940465369431 0.78713853094154
0.326532717088588 0.2083527108046
0.338526817541981 0.00450875825385986
0.336967314564668 0.679986519680688
0.324211411295081 0.31734794955536
0.338821274140251 0.00266553076395203
0.342798711278351 0.748575104142136
0.320557861469965 0.247650957202271
0.336643427251684 0.0037739386555919
0.337396030819344 0.737037359217978
0.330105060808664 0.259685141516327
0.332498908371992 0.00327749926569429
0.337165758197065 0.750418594396865
0.335529262009406 0.24599286182069
0.327304979793529 0.00358854378244515
0.329717131430348 0.769571694634643
0.335021983877923 0.226143570891713
0.33526088469173 0.0042847344736432
0.338410951480604 0.676227141192025
0.328759810824218 0.321011154899669
0.332829237695178 0.00276170390830643
0.332103172141281 0.760341901408757
0.326596653222119 0.235560332754429
0.3413001746366 0.00409776583681499
0.333875167221485 0.73480625967775
0.334475054714753 0.26175893805371
0.331649778063761 0.0034348022685402
0.345494449447649 0.807273807883261
0.326158703844732 0.187525925235083
0.32834684670762 0.00520026688165578
0.33833234643914 0.779420979784925
0.330998570289227 0.215936863932028
0.330669083271634 0.00464215628304691
0.339806389925498 0.829005800692135
0.33074491465194 0.165043722456593
0.329448695422563 0.00595047685127144
0.340711273679795 0.807345807970896
0.330068877569344 0.187434488075311
0.329219848750862 0.00521970395379254
0.323875431453071 0.737855625876551
0.344252984729965 0.258701628366055
0.331871583816964 0.00344274575739336
0.32631165417298 0.76414572184287
0.329549069982764 0.231864333460412
0.344139275844256 0.00398994469671765
0.323350409146215 0.712964003956395
0.331835948504918 0.283829951345073
0.344813642348866 0.00320604469853276
0.335144437417039 0.722534718177902
0.332085737306737 0.274217366752032
0.332769825276224 0.00324791507006542
0.316834041645104 0.780596621264435
0.35223380076896 0.21485012853237
0.330932157585936 0.004553250203195
0.334375639279045 0.706096194477164
0.327273593072433 0.290949003031438
0.338350767648523 0.00295480249139967
0.332941292119454 0.702975262420427
0.341245905214881 0.294054365919158
0.325812802665665 0.00297037166041528
0.328283033629661 0.658872832805692
0.33545159807221 0.3388873234848
0.336265368298129 0.00223984370950784
0.321486678078552 0.825370100699647
0.330504547566342 0.168320890704225
0.348008774355106 0.00630900859612884
0.320213755541046 0.832447062267179
0.324769273504229 0.161268792683523
0.355016970954725 0.00628414504929877
0.340469159372945 0.720948878154892
0.327298118220466 0.275788543930687
0.332232722406589 0.00326257791442079
0.328882794400202 0.771316416774857
0.329682147657527 0.224670826867682
0.341435057942271 0.00401275635745992
0.323570782770658 0.733908668434005
0.332567244477184 0.26272709292706
0.343861972752158 0.00336423863893467
0.321999910084362 0.687333310416451
0.341560889736254 0.310055279578964
0.336439200179385 0.00261141000458516
0.327256059760514 0.772056150849832
0.333868139520055 0.223867503120682
0.338875800719431 0.00407634602948663
0.335750626046047 0.736275133202656
0.341481396962041 0.260337234422342
0.322767976991913 0.003387632375002
0.332470279402195 0.782260113063168
0.331766045852375 0.213492642274607
0.335763674745431 0.00424724466222459
0.327375014433536 0.740273452330078
0.329383822075066 0.25623023545067
0.343241163491398 0.0034963122192521
0.328198161796309 0.817717669481974
0.336828315543073 0.176747916277796
0.334973522660618 0.00553441424023147
0.338741440893808 0.787650807861172
0.331737624043682 0.207669460158414
0.32952093506251 0.0046797319804129
0.338288204018851 0.758795241155955
0.334461408219185 0.237334505906817
0.327250387761965 0.00387025293722778
0.342170972040194 0.729761865504195
0.33730237911183 0.266761240878782
0.320526648847977 0.00347689361702252
0.330626173270136 0.679523484090273
0.335542186833699 0.317759683855468
0.333831639896166 0.0027168320542588
0.319389248191372 0.819077259201443
0.351682400606193 0.175393649853224
0.328928351202435 0.00552909094533345
0.33959443661685 0.685339031073973
0.337076477957152 0.311886522836879
0.323329085425998 0.0027744460891479
0.335807878818667 0.641146636059645
0.339685578252946 0.356687539088748
0.324506542928387 0.00216582485160677
0.327441618171054 0.757077970453727
0.329740063554915 0.239074885379048
0.342818318274032 0.00384714416722468
0.341287706098174 0.722843331724821
0.3140812292764 0.273944547557524
0.344631064625426 0.00321212071765442
0.33101559629742 0.767298821190394
0.329359032784245 0.228576174111271
0.339625370918335 0.00412500469833557
0.325538143512325 0.647926697646963
0.348191234148278 0.349712768016439
0.326270622339397 0.00236053433659635
0.326104500126843 0.661084255975506
0.346919434317989 0.336488192214026
0.326976065555168 0.00242755181046795
0.340815394586024 0.618606123390383
0.326930263396634 0.379349329709518
0.332254342017342 0.00204454690009859
0.333943189959853 0.793933087303219
0.344384896180528 0.201480728873706
0.32167191385962 0.00458618382307616
0.322950510975477 0.716570938131386
0.349835252973167 0.28034410647204
0.327214236051355 0.00308495539657429
0.342580628312824 0.719732301702187
0.329587588835195 0.277199781950225
0.32783178285198 0.00306791634758764
0.333689708639097 0.7240052432345
0.328689262795063 0.27278725848892
0.33762102856584 0.00320749827657993
0.323142827315676 0.701460202875902
0.352373761243384 0.295566454641147
0.324483411440939 0.00297334248295088
0.329104471874097 0.671485015511497
0.330002617701949 0.326027359858619
0.340892910423954 0.00248762462988446
0.333649871882535 0.715624689826702
0.321900454595513 0.281245550867091
0.344449673521952 0.00312975930620785
0.328202229185115 0.788103218320826
0.336394243660507 0.207172904876022
0.335403527154378 0.00472387680315047
0.328934252678288 0.711388067783341
0.33729867231663 0.285558374288657
0.333767075005082 0.00305355792800428
0.344489134670674 0.759033675541209
0.331867170601379 0.237266936829726
0.323643694727947 0.00369938762906545
0.332320971242772 0.734376597819992
0.32791407271 0.262424183038016
0.339764956047228 0.00319921914199242
0.3334912811295 0.774653857214526
0.332158675350509 0.221075508666456
0.334350043519989 0.00427063411901866
0.343898865498036 0.633780356748375
0.341125593170074 0.364030645076089
0.31497554133189 0.00218899817553655
0.343175391264967 0.782296794775771
0.312298076686795 0.213225472760976
0.344526532048237 0.00447773246325351
0.345274568600729 0.805238404242512
0.324953610244936 0.189453638899795
0.329771821154335 0.00530795685769294
0.322057587379048 0.70441277961154
0.336650174441704 0.29252775930159
0.341292238179248 0.00305946108686934
0.322052495381439 0.656054056314617
0.321071751716067 0.341529288304301
0.356875752902494 0.00241665538108263
-999 -999
-999 -999
-999 -999
-999 -999
-999 -999
-999 -999
