0.737305325173387 0.46305259960296
0.243257293180072 0.436900860376076
0.0194373816465404 0.100046540020964
0.23540193427191 0.491001690556118
0.662795806112044 0.463876673890338
0.101802259616065 0.0451216355535501
0.757941157244874 0.66995126499688
0.230660452636662 0.289763146542669
0.0113983901184801 0.0402855884604493
0.298620578804757 0.516032177570306
0.680680244417432 0.430816571183771
0.0206991767778093 0.0531512512459281
0.333475206285269 0.554881784486834
0.653205873635732 0.438388204603881
0.0133189200789944 0.00673001090929669
0.310256898527884 0.32690652109307
0.661608823032339 0.639104715021915
0.0281342784397719 0.0339887638850091
0.525867856183994 0.635588301715355
0.433812566106399 0.354703662413101
0.0403195777096065 0.00970803587155159
0.499366575468528 0.42770601871877
0.497079811797221 0.553167345922718
0.00355361273425147 0.0191266353585021
0.759063067066893 0.717671324402255
0.20953337326952 0.232479462630162
0.0314035596636042 0.0498492129675746
0.733050791933086 0.719842264085502
0.261297871266101 0.275205617378
0.00565133680080708 0.00495211853650792
0.478733726303626 0.392221061861654
0.518969395828478 0.555750313193755
0.00229687786790706 0.0520286249445923
0.491116679745402 0.408632586064068
0.491631065927535 0.557888814924057
0.0172522543270724 0.0334785990118834
0.579720729899707 0.559542883569195
0.403419918323773 0.421914775729248
0.0168593517765126 0.0185423407015538
0.613431089222403 0.602927939282907
0.385031158776011 0.336599669926165
0.00153775200157511 0.0604723907909131
0.483786173824224 0.510617490300827
0.481844571360298 0.485587702690263
0.0343692548154834 0.00379480700892435
0.610058110736194 0.611494186965229
0.345899690422755 0.379100594335205
0.0440421988410446 0.00940521869956014
0.488054739952303 0.371897086204622
0.500271004489648 0.606630818699399
0.0116742555580565 0.0214720950959746
0.33001120562458 0.453365339202565
0.669834608009681 0.542883762179766
0.000154186365736288 0.0037508986176736
0.470449723095403 0.422501424372472
0.48710988414318 0.56425505086658
0.0424403927614139 0.0132435247609361
0.584829494020267 0.661837478934103
0.408476391999653 0.312734871662263
0.00669411398007382 0.0254276494036305
0.342383988599806 0.332678294501767
0.594450017865487 0.660533521931536
0.0631659935347031 0.00678818356670075
0.563907720663735 0.387692780609637
0.434788447939299 0.541009800028024
0.00130383139696666 0.0712974193623258
0.562788689439742 0.590814072757483
0.399962480420697 0.381000027269431
0.0372488301395642 0.0281858999730932
0.369453236538641 0.301116492292861
0.628137160572973 0.647799471919941
0.00240960288839392 0.0510840357871978
0.574192632293031 0.498935879247426
0.42331120936547 0.48128874547028
0.00249615834149907 0.0197753752822969
0.324815737345551 0.36143561237591
0.664630823074917 0.619840477050718
0.0105534395795175 0.0187239105733745
0.527555237469033 0.526421246557503
0.412842365539364 0.395670948191197
0.0596023969915939 0.0779078052512999
0.504394321491972 0.462275167599501
0.40994363158075 0.508758034439272
0.0856620469272772 0.0289667979612164
0.593565932700813 0.557464303719424
0.399783331233908 0.438268075201035
0.00665073606527822 0.00426762107955535
0.430911301113817 0.503863999127308
0.563108295081974 0.487336274212968
0.00598040380421566 0.00879972665971445
0.311440903844506 0.366234835517711
0.655732223736148 0.611014736960104
0.0328268724193429 0.0227504275221727
0.297161180433682 0.486601909375524
0.609327493419085 0.450550924545362
0.0935113261472224 0.0628471660791146
0.653289939380628 0.581303194853562
0.337614289543373 0.414414613321407
0.00909577107599465 0.00428219182503042
0.561326590202384 0.54961434220172
0.435922723254047 0.419046888558631
0.00275068654357494 0.031338769239647
0.327190703606846 0.363977037771461
0.656998933890929 0.631458560587635
0.0158103625022137 0.00456440164091362
0.593162096426286 0.615923844857487
0.379046575429092 0.329954938920511
0.0277913281446157 0.0541212162220097
0.859056991866097 0.680687093701478
0.139188343790796 0.313918449048423
0.00175466434309325 0.00539445725010247
0.459732978378879 0.501320804773496
0.46777146541679 0.484891834601224
0.072495556204331 0.013787360625292
0.488447525638931 0.28097349747481
0.500688220017996 0.695880054075143
0.0108642543430684 0.0231464484500365
0.496596702255075 0.365733554715836
0.488085543233354 0.626113474380136
0.0153177545115744 0.00815297090402133
0.611827062719201 0.570594803545647
0.38771145140169 0.402531068485569
0.00046148587911715 0.0268741279687806
0.624519503788691 0.591182584383219
0.359109865171977 0.403935760841516
0.0163706310393316 0.0048816547752577
0.469327245313536 0.430050339649541
0.503592740931541 0.52229542617977
0.0270800137549185 0.0476542341706789
0.502819111624757 0.3800328195681
0.480950215477623 0.61135031334986
0.0162306728976209 0.00861686708205119
0.562191996119465 0.493138495317287
0.364509357956215 0.448915623437809
0.0732986459243163 0.0579458812449024
0.6207877718398 0.579857770285783
0.344839096916102 0.413628872702419
0.034373131244089 0.00651335701180764
0.544814666029323 0.546035168549124
0.451779241379821 0.438594631448835
0.00340609259085916 0.015370200002037
0.427616188087922 0.421517486492592
0.544292872326365 0.532383642342604
0.0280909395857163 0.0460988711648127
0.289659576169981 0.45171170753713
0.673973490835352 0.54231285377237
0.0363669329946637 0.00597543869050458
0.493238834740281 0.464748324637883
0.492418979817685 0.494713172772549
0.014342185442036 0.0405385025895618
0.300421166077235 0.441659055574215
0.689504489785814 0.496505448401653
0.0100743441369405 0.0618354960241283
0.574859754163993 0.489387418169103
0.407696013301273 0.504545280313209
0.0174442325347287 0.0060673015176839
0.434395874093371 0.590079975670846
0.481450952334176 0.336858245683723
0.0841531735724405 0.0730617786454298
0.399258073754232 0.373641300829314
0.599056849020653 0.617600471555204
0.00168507722512421 0.00875822761548563
0.604497837873797 0.62816167912382
0.38284620715757 0.363071037196164
0.0126559549686232 0.00876728368001852
0.620548533597798 0.530762545078844
0.355289705841094 0.460521753011603
0.0241617605611057 0.00871570190956206
0.358130085386924 0.462239329058155
0.618600969262558 0.50273189911184
0.0232689453505251 0.0350287718299927
0.64284830167759 0.675891892399578
0.329202758638473 0.258598498795065
0.0279489396839378 0.0655096088053711
0.780978541279978 0.626473381697967
0.190300079078585 0.345154549021268
0.0287213796414347 0.0283720692807518
0.509828031190221 0.52679483709943
0.467105051145385 0.465373326376095
0.0230669176643999 0.00783183652447561
0.568738314669518 0.579032207003195
0.428686693690489 0.416335149496035
0.00257499164000329 0.00463264350076421
0.60240933075205 0.450914943931972
0.373106650710211 0.525869318676086
0.024484018537738 0.023215737391947
0.751118287167867 0.609360884551976
0.183328690093627 0.371335260179838
0.0655530227384936 0.0193038552681788
0.363739176635453 0.3868242359988
0.63038745649914 0.612466456981224
0.00587336686539695 0.000709307019984691
0.515676778577191 0.319015954827222
0.415531293820611 0.638653162654226
0.068791927602186 0.0423308825185566
0.419236594191453 0.502194524195528
0.56555965014344 0.485584038155806
0.0152037556650994 0.0122214376486761
0.360012142945147 0.341378819575999
0.625066868943065 0.603361897034731
0.0149209881117981 0.0552592833892755
0.537750374049511 0.467738094988405
0.45930632598487 0.481085883998007
0.00294329996560386 0.0511760210135883
0.58099264611377 0.586760689205775
0.41485867463814 0.382017838098476
0.00414867924809667 0.0312214726957609
0.729102670299552 0.619310850563519
0.265705185419051 0.335304510238359
0.00519214428137895 0.0453846391981288
0.293699592939591 0.408109429485438
0.698257098231121 0.548096615989421
0.0080433088292952 0.0437939545251471
0.570171132777489 0.559908130750971
0.427432986533518 0.400060198473021
0.00239588068899499 0.0400316707759982
0.643773426651069 0.450791268771748
0.34605050992264 0.530067438583675
0.0101760634262889 0.0191412926445778
0.269964054384808 0.38592504132419
0.723887111081818 0.582611548160004
0.00614883453336763 0.0314634105157976
0.553637284978704 0.439264013659698
0.3381422047216 0.560203775069794
0.108220510299706 0.000532211270512561
0.756608446376172 0.471940155848453
0.242294115162672 0.46697000697128
0.00109743846115185 0.061089837180276
0.559295305056635 0.63036019425725
0.431969759909995 0.350507642863647
0.0087349350333754 0.0191321628791141
0.515242333363077 0.396515992006192
0.484701249212487 0.54205366769746
5.64174244383135e-05 0.0614303402963471
0.448868568818279 0.474217134193224
0.506577634453772 0.51369124159676
0.0445537967279669 0.0120916242100151
0.641097036291175 0.432798043059842
0.345016873168503 0.55209669947068
0.0138860905403153 0.0151052574694792
0.300158255264451 0.405404605951127
0.695345261461017 0.571745251743831
0.00449648327452055 0.0228501423050463
0.480193740622422 0.50979160892786
0.486962627385197 0.43233875485633
0.0328436319923817 0.057869636215805
0.895463845214855 0.756935670035052
0.0989110480902869 0.210205256215582
0.00562510669486952 0.0328590737493633
0.524612223065918 0.344701263647809
0.460588213471924 0.581808591880869
0.0147995634621457 0.0734901444713287
0.616521068064343 0.480986910742576
0.375292255146197 0.496678499998993
0.0081866767894645 0.0223345892584256
0.532952583152578 0.460105298273442
0.43956425299706 0.514657975423535
0.0274831638503544 0.0252367263030197
0.587948693093782 0.702880478054518
0.362433679700251 0.289948411782234
0.049617627205957 0.00717111016324581
0.641814917006446 0.645899173142525
0.353608368975787 0.344947500912724
0.00457671401777449 0.00915332594476206
0.601560641743444 0.614188549832207
0.378925891515697 0.313349110454687
0.0195134667408626 0.0724623397130893
0.346436947632924 0.44613709484463
0.627757788538023 0.508398327258493
0.0258052638290426 0.0454645778968751
0.484665243657959 0.351460259377254
0.494679691623769 0.639298278204763
0.0206550647182734 0.00924146241798489
0.431103132650947 0.494966199301871
0.559024435806082 0.488982463672191
0.0098724315429568 0.0160513370259293
0.507012722509597 0.494745100668922
0.465815398729095 0.432853041679509
0.0271718787613114 0.0724018576515651
0.608621338601222 0.510869875010441
0.371127513491216 0.467999916975275
0.0202511479075613 0.0211302080142786
0.722031009909139 0.52212371880195
0.245671723549728 0.456043867599984
0.0322972665411296 0.0218324135980671
0.734055236005589 0.640257383893016
0.179918388460448 0.352898056902864
0.0860263755339603 0.00684455920411389
0.586493806314778 0.450244956582485
0.404481504332176 0.513384292169577
0.0090246893530459 0.0363707512479251
0.772697797748482 0.611018148361384
0.208834898637863 0.372373459367077
0.0184673036136634 0.016608392271534
0.581337513328424 0.421356512276946
0.38825547344788 0.525344339818603
0.0304070132237015 0.0532991479044545
0.631880103256734 0.616135356492176
0.324253551695167 0.377290411828477
0.0438663450480829 0.00657423167936155
0.445927364469257 0.491391045676992
0.535632799314446 0.501135018582047
0.0184398362162885 0.00747393574096033
0.639702107697346 0.578319633198292
0.353132304117518 0.412815251956881
0.00716558818514443 0.00886511484483707
0.310497953712706 0.474982689587989
0.62950459739217 0.52426923561586
0.0599974488951128 0.000748074796155056
0.363993133766313 0.403083380086737
0.623838518441971 0.594672452998324
0.0121683477917162 0.00224416691495239
0.590008878207413 0.626790053817458
0.363410900864645 0.360419479935879
0.0465802209279432 0.0127904662466545
0.675838636549428 0.43302503416455
0.27302235910927 0.532125787667764
0.0511390043413016 0.0348491781676898
0.445342570155901 0.374768165243058
0.469098346392017 0.567543633077732
0.0855590834520812 0.057688201679205
0.449717599924721 0.330275477288782
0.521175961894926 0.631140359746215
0.0291064381803564 0.0385841629649943
0.528787993212856 0.444140701206963
0.462302825547112 0.514727916939928
0.00890918124003968 0.041131381853116
0.406880257398865 0.374773548428233
0.5563387976344 0.613765764058996
0.0367809449667246 0.011460687512771
0.382913654381581 0.491547432649742
0.585352613897885 0.454537922297602
0.0317337317205461 0.0539146450526548
0.545765895052666 0.51124337153766
0.428473301892057 0.475965001585205
0.025760803055287 0.0127916268771363
0.343516154222094 0.489649681478553
0.626622750143721 0.486118271903029
0.0298610956341937 0.0242320466184129
0.349217237143762 0.419220451823439
0.61168778047103 0.569696902917953
0.0390949823851976 0.0110826452585986
0.700477351084374 0.639387833670344
0.25861668723912 0.357039321350386
0.0409059616764978 0.00357284497927213
0.751554737061949 0.586879175195012
0.246030001126447 0.369306350385324
0.00241526181161582 0.0438144744196614
0.56405495146646 0.488653755375011
0.390003675040225 0.504923617514478
0.0459413734933178 0.00642262711051159
0.684366625735254 0.621455688447554
0.298077048161135 0.368614920297237
0.0175563261036161 0.00992939125521029
0.298572300989663 0.412093120638797
0.676338897419369 0.561843727038036
0.0250888015909728 0.0260631523231645
0.424710077229402 0.500696816915422
0.550489987166539 0.47415898783701
0.0247999356040733 0.0251441952475795
0.685331815209959 0.52699016826473
0.310355070572122 0.440399216107092
0.00431311421791571 0.0326106156281804
0.343464793142623 0.307355447848749
0.639751980712603 0.689959205455963
0.0167832261447907 0.00268534669529296
0.480273361605274 0.472578375337396
0.483499356615822 0.42558480024449
0.0362272817789019 0.101836824418111
0.250878189197501 0.405423184880783
0.748480337592591 0.565054512804907
0.000641473209898339 0.0295223023143147
0.259342119321161 0.364053799867204
0.71253459091934 0.590746999430394
0.0281232897595 0.045199200702402
0.690176114145518 0.438645620872008
0.28528463720491 0.526757621738838
0.0245392486495671 0.0345967573891601
0.346153036736437 0.537848509292089
0.614400518760303 0.434418628532227
0.0394464445032705 0.0277328621756836
0.49168602974153 0.462772232192565
0.413505650317365 0.518114621609756
0.094808319941099 0.0191131461976718
0.488338242753528 0.463358627966427
0.49789287900201 0.529657294951963
0.0137688782444551 0.00698407708160877
0.445620669612253 0.376722200798913
0.553192053336988 0.619188724701545
0.00118727705076372 0.00408907449953131
0.466934628538483 0.439184267914682
0.517314717106572 0.500050433532821
0.0157506543549357 0.060765298552496
0.506575879812256 0.477226172694314
0.479199343771825 0.516107039329768
0.0142247764159241 0.00666678797592393
0.305652540732615 0.501890208256914
0.68930589371929 0.492917616928156
0.00504156554808552 0.00519217481491651
0.386402139352127 0.303505639733659
0.611613525917206 0.68369723716609
0.00198433473068131 0.0127971231002473
0.364777259152808 0.355240146543452
0.586198711664107 0.635285184432759
0.04902402918309 0.00947466902377836
0.524524192592807 0.51959101493588
0.470162034801889 0.463074050448919
0.00531377260530529 0.0173349346152131
0.216935678461862 0.340799436785719
0.780229015594851 0.641151815870046
0.00283530594327511 0.018048747344233
0.684465474676141 0.463690679691259
0.298705543585891 0.511313726863661
0.0168289817379641 0.0249955934450699
0.358901283408221 0.294954367388775
0.61355244492107 0.615888535966007
0.0275462716707118 0.0891570966452286
0.443977523797964 0.468513197782561
0.545187208794691 0.524884850494175
0.0108352674073433 0.00660195172325554
0.453990027487422 0.384944853662774
0.522516413844529 0.602184613050216
0.0234935586680447 0.0128705332870005
0.297607213049447 0.453339584785847
0.694967369033511 0.503428486796167
0.00742541791704393 0.0432319284179914
0.488254912511294 0.592553117951467
0.427534361744826 0.40211968647543
0.084210725743892 0.00532719557311011
0.503488046165159 0.564113586463751
0.495831652537504 0.405499873912896
0.000680301297343765 0.0303865396233543
0.465992830793975 0.488588531462579
0.492164602546435 0.468066539372031
0.0418425666595991 0.043344929165396
0.374662238135424 0.412674461356745
0.605936820317478 0.546734955756449
0.0194009415471007 0.0405905828868002
0.294838574834186 0.488952290293183
0.695816646284169 0.494909230556231
0.00934477888165759 0.0161384791505946
0.576227227243689 0.57028411890354
0.39289335222594 0.406169955043748
0.030879420530373 0.0235459260527182
0.399815757627442 0.327736419296401
0.555816192757858 0.629861447070142
0.044368049614689 0.0424021336334486
0.658544859364608 0.45406712498779
0.315608452100469 0.53806687654287
0.0258466885349268 0.00786599846933961
0.449948598971787 0.505551163483123
0.515814542018181 0.492389388692136
0.034236859010023 0.00205944782472554
0.450502720814028 0.644659477724886
0.523516406854001 0.313536609393025
0.0259808723319775 0.0418039128820802
0.196879740598777 0.511505687787135
0.78334787281385 0.471640397702042
0.0197723865873702 0.0168539145108273
0.521705013760933 0.596282010576488
0.460798823226581 0.385458827412003
0.0174961630124942 0.0182591620115046
0.701913007899138 0.593212660481295
0.285110989304343 0.345635856973238
0.0129760027965127 0.0611514825454779
0.596430222264416 0.446226562730243
0.398681218238231 0.525104928384508
0.00488855949735312 0.0286685088852503
0.450009143577388 0.478369254398611
0.522889786644494 0.498221170777317
0.0271010697781264 0.0234095748240684
0.448841157021382 0.564865878550048
0.532412190430948 0.405955222343003
0.0187466525476556 0.0291788991069524
0.389727871997331 0.39364025244538
0.565952073720309 0.583242224592087
0.0443200542823692 0.0231175229625226
0.478736929273344 0.649896481483427
0.477001851947027 0.346281207552345
0.0442612187796131 0.00382231096424134
0.588819972562192 0.563182848586549
0.387164324248341 0.407965615565621
0.0240157031894629 0.0288515358478305
0.747501195132155 0.647827547729989
0.190934678535229 0.327854201209019
0.0615641263326054 0.0243182510610065
0.514515754520406 0.533709493115753
0.481580516052971 0.451042324662977
0.00390372942662143 0.0152481822212689
0.451995856491801 0.635162953843518
0.546927636246905 0.319958007246349
0.00107650726129693 0.044879038910142
0.654243075108807 0.499263162426189
0.342173011004371 0.497096644296921
0.00358391388683039 0.00364019327687793
0.612709578667091 0.559215319216374
0.370317847290669 0.43926974019388
0.0169725740422263 0.00151494058974781
0.497215275191597 0.381305865716531
0.498912512377743 0.584148827397716
0.00387221243064805 0.0345453068857456
0.387014837958413 0.476336338985901
0.604108065704849 0.447972828549841
0.00887709633674299 0.075690832464259
0.804812541997833 0.633470889334646
0.15894555951461 0.343370890925624
0.0362418984875568 0.0231582197397438
0.682723587472662 0.555747687456988
0.302328363453631 0.440986458422349
0.0149480490736961 0.00326585412064565
0.485031973612521 0.510461516632635
0.511017186625381 0.45273008245645
0.00395083976210517 0.036808400910913
0.337105138009384 0.630789803445904
0.643215862849502 0.366677840403782
0.0196789991411083 0.00253235615032303
0.303937488824209 0.42041185459734
0.681136668493483 0.551430644426107
0.014925842682306 0.0281575009765372
0.536959111487189 0.458161212328951
0.443182968277199 0.503810347578944
0.0198579202356143 0.0380284400921048
0.515292777965971 0.302612455659612
0.48354046979614 0.635624462427142
0.00116675223787833 0.0617630819132433
0.728942947074747 0.527539095212048
0.241722454467665 0.421631916651223
0.0293345984575924 0.0508289881367212
0.599016675214329 0.685246284174351
0.388194987157266 0.305425201999208
0.0127883376284093 0.00932851382645269
0.428306858060771 0.315191739820795
0.568735855995502 0.567493585325959
0.00295728594372058 0.117314674853251
0.274254485743121 0.366851748493333
0.713246362814361 0.59166354448172
0.0124991514425143 0.0414847070249384
0.297150731133824 0.413095614853997
0.702078451090071 0.575216731975164
0.000770817776117316 0.0116876531708369
0.191686761411651 0.412576453186926
0.772541235108362 0.569958443792515
0.0357720034799883 0.01746510302057
0.697118195983986 0.616234459770325
0.247727393244851 0.327606498687351
0.0551544107711714 0.0561590415423303
0.868096055302846 0.6022312135659
0.110016412196662 0.367862536236147
0.021887532500497 0.0299062501979615
0.470507908706054 0.53766756888876
0.490647132983326 0.403258909408355
0.0388449583106221 0.0590735217028874
0.602851576485364 0.489605934903919
0.381051416320612 0.484918231163591
0.0160970071940159 0.0254758339324897
0.738502131707199 0.480420536262652
0.24336789137008 0.502093873753666
0.0181299769227135 0.0174855899836856
0.549055875114675 0.401430283448457
0.39395345693422 0.597645712069721
0.0569906679511068 0.000924004481826309
0.595121099669553 0.556260155890624
0.386102055896098 0.387640030536863
0.0187768444343402 0.0560998135725293
0.420974119502169 0.256161604777785
0.559701422829615 0.648449794998727
0.019324457668223 0.0953886002234871
0.695561945874705 0.620936214837047
0.244375141656624 0.361455472323054
0.0600629124686828 0.0176083128399082
0.558262674351458 0.516672621851512
0.396096386959011 0.479969765613173
0.0456409386895272 0.00335761253532092
0.625159342792744 0.535644814036301
0.373161113321431 0.441897803621885
0.00167954388582814 0.0224573823418106
0.429816247497967 0.51835763129422
0.54846686290246 0.45610395933217
0.0217168895995654 0.0255384093736144
0.213717619226534 0.446504433686202
0.758589371423873 0.540661303912317
0.0276930093495903 0.0128342624014765
0.519045582552285 0.470318177893943
0.480333601083415 0.523521892363778
0.000620816364294505 0.00615992974227482
0.451261034428606 0.577352515163922
0.531032332909259 0.377285374968973
0.0177066326621484 0.0453621098670953
0.444928762517159 0.457323413702961
0.546844299064917 0.495229619004423
0.00822693841792104 0.0474469672926178
0.547398820782336 0.418825868896135
0.441953998141814 0.573986641883396
0.0106471810758517 0.00718748922046184
0.544850806154256 0.421476328991729
0.443211789515923 0.541690079150342
0.0119374043298349 0.0368335918579267
0.439297796132772 0.58247687734358
0.553322678357104 0.403905461430078
0.00737952551013313 0.0136176612263532
-999 -999
-999 -999
-999 -999
-999 -999
-999 -999
-999 -999
