187
172
162
160
158
149
132
120
110
84
73
71
54
50
41
26
28
24
32
29
31
20
18
12
12
17
21
17
18
20
16
12
13
14
15
14
14
13
13
13
8
7
15
11
9
11
9
8
10
9
8
11
8
8
12
7
8
11
8
15
8
15
12
11
10
12
9
7
8
7
10
4
8
4
7
5
6
4
4
7
4
4
4
4
4
5
4
4
4
4
4
4
6
4
4
4
5
6
7
7
9
7
7
6
4
5
5
4
4
6
8
5
6
5
8
5
4
4
5
5
4
6
4
5
4
5
4
7
6
5
5
5
7
5
5
5
4
4
5
4
4
4
4
4
4
5
5
5
4
4
4
4
4
5
4
4
4
4
4
4
4
4
4
4
4
4
4
4
4
5
4
4
5
5
4
4
6
8
7
4
4
4
5
5
4
5
4
4
5
4
5
4
4
4
5
6
6
8
7
6
5
6
4
6
5
7
6
5
5
4
6
5
4
6
5
5
6
4
4
4
4
4
4
5
4
6
4
5
4
5
4
4
4
4
6
5
4
5
4
6
4
5
5
4
6
4
4
5
5
4
4
5
5
5
4
4
6
6
5
4
6
4
4
5
4
5
4
4
4
4
4
5
5
4
4
4
5
4
2
2
2
2
2
2
2
2
2
2
2
3
2
2
2
2
2
2
2
2
2
2
2
2
2
2
2
2
2
2
2
2
2
2
2
2
2
2
2
2
2
2
2
2
3
2
2
2
2
2
2
2
2
2
2
2
2
2
2
2
2
2
2
3
2
3
2
2
2
2
2
2
2
2
2
2
2
2
3
2
2
2
2
2
2
2
2
2
2
2
2
2
3
2
2
2
2
2
2
2
2
2
2
2
2
2
2
2
2
2
2
2
2
2
2
2
3
2
2
2
2
3
2
2
2
2
2
3
2
2
2
2
2
2
2
2
2
2
2
2
2
2
2
2
2
2
2
2
2
2
2
2
2
2
2
2
2
3
2
2
2
2
2
2
2
2
2
2
2
2
3
2
2
2
2
3
2
2
2
2
2
2
2
2
3
3
2
2
2
2
2
2
2
2
2
3
2
2
2
2
2
2
2
2
2
2
2
2
2
2
2
2
2
2
2
2
2
2
2
2
2
2
2
2
2
2
2
2
2
2
2
2
2
2
2
3
2
2
2
2
2
2
2
2
2
2
2
2
2
2
2
2
3
2
2
2
2
2
2
2
2
2
2
2
2
2
2
2
2
2
2
2
3
2
2
2
2
2
2
2
2
2
2
2
3
2
2
2
2
2
2
2
2
2
2
2
2
2
2
2
3
2
2
2
2
2
2
2
2
2
2
2
2
2
2
4
2
2
3
2
3
2
2
2
2
2
2
2
4
2
2
2
2
2
2
2
2
2
2
3
2
2
2
3
2
2
3
2
2
2
2
2
2
2
2
2
2
2
2
2
2
2
2
2
2
2
2
2
2
2
2
2
2
2
2
2
2
2
2
2
2
2
2
2
2
2
2
2
2
2
2
2
2
2
2
2
2
2
3
2
2
2
2
2
2
3
2
3
2
2
2
2
2
2
2
2
2
2
2
2
2
2
2
2
2
2
2
2
2
2
2
2
2
2
2
2
2
2
3
2
2
2
2
3
2
2
2
2
2
2
2
3
2
2
2
2
2
2
2
2
2
2
2
2
3
2
2
2
2
2
2
2
3
2
2
2
3
2
2
2
2
2
3
2
2
2
2
2
3
2
2
3
2
3
2
2
3
2
2
2
3
2
2
2
2
2
2
2
2
2
2
2
2
2
2
2
2
2
2
2
2
2
2
2
2
2
2
2
2
2
2
2
2
2
3
2
2
2
2
2
2
2
2
2
2
2
2
2
2
2
2
2
3
2
4
2
2
2
2
2
2
2
2
2
2
2
2
2
2
2
2
2
2
2
2
2
2
2
2
2
2
2
2
2
2
2
2
2
2
2
3
2
2
2
2
3
2
2
2
2
3
2
2
2
2
2
2
2
2
2
2
2
2
2
2
2
2
2
2
2
2
3
2
2
2
2
2
2
2
2
2
2
2
2
2
2
2
2
2
2
2
2
2
2
2
2
2
2
3
2
2
2
2
2
2
2
2
2
2
2
2
2
2
2
2
2
2
2
2
2
2
2
2
2
2
2
3
2
2
3
2
2
3
2
2
2
2
2
2
2
2
2
2
2
2
2
2
2
2
2
2
2
2
2
2
2
2
2
2
3
2
3
3
2
2
2
2
2
2
2
2
2
