0.34036945731583 0.813594164983175
0.328583699671067 0.180699572968047
0.331046843013103 0.00570626204877723
0.337006376801042 0.857937984527366
0.333189628641115 0.134655893232947
0.329803994557843 0.00740612223968751
0.330368729686893 0.721867226948244
0.327250954935653 0.274920370254916
0.342380315377454 0.00321240279683995
0.325875219960331 0.72641200135179
0.32713468812267 0.270237257687073
0.346990091916999 0.00335074096113861
0.314223904197413 0.78162231987446
0.343449990566943 0.213881570910857
0.342326105235644 0.00449610921468336
0.342701301864886 0.759862784027701
0.334396980758101 0.236253615990523
0.322901717377012 0.00388359998177589
0.344655177015278 0.702293708471038
0.33643578993012 0.29476267681009
0.318909033054603 0.00294361471887137
0.332836244954707 0.73806729271714
0.332063143608213 0.25833312862902
0.335100611437081 0.00359957865384016
0.32545382864627 0.647939153733612
0.339670708341263 0.34973839733723
0.334875463012467 0.00232244892915706
0.33318209242856 0.710571508347598
0.332163449196067 0.2863091133342
0.334654458375373 0.00311937831820167
0.339237392491269 0.717164001097552
0.336967176602687 0.27962236385291
0.323795430906044 0.00321363504953761
0.334269346360369 0.69003696789842
0.324078498550559 0.307189761437406
0.341652155089072 0.00277327066417385
0.330257130432693 0.720875050299884
0.334057621372899 0.275987581636768
0.335685248194409 0.00313736806334847
0.33228703262398 0.698101394114801
0.328348801216015 0.298949513664012
0.339364166160005 0.0029490922211878
0.328726680233396 0.815201728413195
0.338102555142357 0.179231758858464
0.333170764624246 0.00556651272834144
0.336685023907844 0.730624987235269
0.333586325936168 0.265969962915056
0.329728650155988 0.00340504984967475
0.33459238702919 0.76251769714571
0.332310337653437 0.233542985440872
0.333097275317374 0.00393931741341691
0.343770283659388 0.628586556531072
0.326610121938179 0.369357602725129
0.329619594402433 0.00205584074379933
0.324872010402084 0.737665071078554
0.338957837224217 0.258954392598422
0.336170152373699 0.00338053632302479
0.340472310885805 0.687869061086234
0.327770123518108 0.309349387111048
0.331757565596086 0.00278155180271855
0.345396426303827 0.792575762256239
0.323587655817736 0.202740365813269
0.331015917878437 0.0046838719304925
0.336680366584091 0.756909248952097
0.329149332624923 0.238941574147506
0.334170300790986 0.00414917690039781
0.337259185868522 0.77993115890627
0.341486757650103 0.215610227675503
0.321254056481375 0.00445861341822708
0.351562480382745 0.78877270404916
0.32976284331974 0.206703862964708
0.318674676297516 0.00452343298613243
0.320858562315949 0.785208847414394
0.336277663717018 0.210466627639217
0.342863773967033 0.00432452494638834
0.328216198793085 0.743994271393428
0.347727971062708 0.252268656924736
0.324055830144208 0.00373707168183527
0.337504306290414 0.632377584753573
0.328372948826388 0.365607956613839
0.334122744883198 0.00201445863258778
0.326437947978386 0.802854120690118
0.336063969722991 0.192211039796577
0.337498082298623 0.00493483951330454
0.329266188269104 0.775585377819473
0.330633483878098 0.219941238782143
0.340100327852798 0.00447338339838348
0.331143452466866 0.781879570806717
0.336330162030826 0.213698958003352
0.332526385502309 0.00442147118993007
0.339854513265113 0.833064257922656
0.323042877495346 0.16077660120301
0.33710260923954 0.00615914087433328
0.32986354558391 0.672561818268465
0.32925042223319 0.324782334981637
0.3408860321829 0.00265584674989814
0.335139083398673 0.751694483255697
0.327866490352271 0.245004080539989
0.336994426249055 0.00330143620431399
0.344334888686977 0.795385890460186
0.333747736194009 0.199632746236638
0.321917375119014 0.00498136330317684
0.338487399448838 0.751565752094575
0.335806819371928 0.244600498336523
0.325705781179234 0.0038337495689016
0.332406169824231 0.805096968354564
0.316628865179257 0.189805897195507
0.350964964996511 0.00509713444993023
0.328491425286284 0.730528517497762
0.334962506607694 0.266166763998087
0.336546068106022 0.00330471850415002
0.338547809126985 0.8636996771979
0.331105096473057 0.128604660374449
0.330347094399958 0.00769566242765145
0.33078853839923 0.706097038169088
0.321554066040287 0.290775909091041
0.347657395560482 0.00312705273987098
0.344232403940362 0.807340075178794
0.328388632556736 0.187749250154883
0.327378963502902 0.00491067466632346
0.333952882833644 0.826327454497792
0.339785821328526 0.168085038843719
0.326261295837831 0.00558750665848931
0.344888670430732 0.672929295461102
0.329389936901935 0.324412240267566
0.325721392667334 0.00265846427133218
0.338168911991386 0.864564106073726
0.346756648340907 0.128125974928939
0.315074439667707 0.00730991899733497
0.331272284275827 0.681726380358103
0.333030791623302 0.315537897911822
0.335696924100872 0.00273572173007504
0.350436710774206 0.763468684183229
0.330584034604102 0.232542313373063
0.318979254621693 0.00398900244370795
0.325461067261496 0.65592508006938
0.332157776312807 0.34163500893312
0.342381156425697 0.00243991099749992
0.318721397573508 0.709638827580215
0.336070423507531 0.287133866379967
0.345208178918961 0.00322730603981921
0.322159414866486 0.666157499191076
0.336452415947337 0.331300950914211
0.341388169186177 0.00254154989471247
0.344783827246513 0.788474816459015
0.332638336328462 0.206970840060545
0.322577836425025 0.0045543434804404
0.338448577433821 0.709610595733649
0.333962078753278 0.287390470191936
0.327589343812901 0.00299893407441513
0.330764628494645 0.744485590669565
0.336945411838154 0.25173236613324
0.3322899596672 0.00378204319719521
0.319571585763281 0.690129387350395
0.338069754832958 0.307023849075635
0.34235865940376 0.0028467635739707
0.332362734370504 0.699723880721268
0.340769349122916 0.297513844778108
0.326867916506581 0.0027622745006245
0.332894080682439 0.743584352311228
0.326280384226941 0.252760467306197
0.340825535090619 0.00365518038257507
0.322334390137338 0.657635481020851
0.347682443329768 0.34007313392805
0.329983166532895 0.00229138505109913
0.322799819574762 0.862011028355514
0.342163973371836 0.130685973828279
0.335036207053402 0.00730299781620615
0.340008491031778 0.650696168772161
0.340692683540072 0.347006009475849
0.319298825428149 0.00229782175199052
0.330336528541879 0.750357311124829
0.339037800075629 0.245781208137014
0.330625671382493 0.00386148073815726
0.329116169908269 0.637598226776123
0.335030287622628 0.360226921559779
0.335853542469103 0.00217485166409728
0.335702892896941 0.806605031129772
0.327133494017031 0.188164144940575
0.337163613086029 0.00523082392965323
0.33218486124356 0.612219082829035
0.328960067264314 0.38581348560504
0.338855071492126 0.00196743156592484
0.334655308751099 0.606419980129148
0.334008569636818 0.391554617404162
0.331336121612084 0.00202540246669116
0.33464047086307 0.682198089714715
0.314207054487891 0.315278476624056
0.351152474649039 0.00252343366122924
0.319503129930153 0.673495364034764
0.329549958237074 0.323952375882797
0.350946911832774 0.00255226008243889
0.326744606869419 0.78882316598812
0.341599132888377 0.206538192721909
0.331656260242204 0.00463864128997085
0.339345107776775 0.829543470382574
0.326276866297805 0.164407225315503
0.334378025925419 0.00604930430192369
0.339444298356972 0.731135689222326
0.336934825497442 0.26551963027152
0.323620876145587 0.00334468050615417
0.335939544380043 0.690731076357905
0.331436861721784 0.306476655730478
0.332623593898172 0.00279226791161734
0.326036549554169 0.5815693792802
0.336805585582562 0.416721650320637
0.337157864863269 0.00170897039916191
0.322068193647224 0.720402351249738
0.328679087608512 0.276323260135366
0.349252718744265 0.00327438861489687
0.339851725131788 0.742480673366914
0.334799056380667 0.254012662179614
0.325349218487545 0.00350666445347137
0.319603591238836 0.755766016995577
0.338308772518615 0.240625532024771
0.342087636242549 0.00360845097965238
0.326233245939533 0.738835534816898
0.323859512334242 0.257543098952557
0.349907241726226 0.00362136623054583
0.334258496063326 0.795639916295752
0.34468029928032 0.199663082106733
0.321061204656353 0.00469700159751558
0.336306190136791 0.813699786611387
0.333283545684166 0.180789241160899
0.330410264179043 0.00551097222771425
0.330981311491932 0.800637812860251
0.343806621720664 0.194237072683859
0.325212066787403 0.00512511445589022
0.339148498700556 0.728755684683892
0.319153345530784 0.267749783812848
0.341698155768659 0.00349453150326046
0.31754260821733 0.646470034492468
0.338007177614564 0.351224727445662
0.344450214168106 0.00230523806187058
0.324166607274274 0.760147508467537
0.340549314875258 0.235901941411041
0.335284077850468 0.0039505501214214
0.318179716456625 0.787741968026731
0.345855684999449 0.207648934976888
0.335964598543926 0.00460909699638163
0.335641593963931 0.701056906406423
0.332002453547942 0.295934956966179
0.332355952488128 0.00300813662739685
0.326713565455352 0.779979478517043
0.340701998488565 0.215685028696449
0.332584436056083 0.00433549278650764
0.348693356808511 0.837838620857421
0.312556926997982 0.155919398851506
0.338749716193506 0.0062419802910731
0.337520310422655 0.783459819273615
0.324350303660674 0.21194021328035
0.338129385916671 0.00459996744603471
0.32735125069868 0.786517362759288
0.352417976824342 0.209110551090346
0.320230772476979 0.00437208615036658
0.321784796039628 0.816187605494909
0.347235275384454 0.178479332357335
0.330979928575917 0.00533306214775616
0.335619926357221 0.589501563251753
0.316846061488339 0.408711181600322
0.34753401215444 0.00178725514792505
0.337667889319925 0.811523174337006
0.331110943420902 0.183229721133288
0.331221167259172 0.00524710452970762
0.342229081451172 0.843378822304767
0.333410609144768 0.149929886832373
0.32436030940406 0.00669129086286139
0.340306990919721 0.615357983973617
0.342526261967737 0.382611179322939
0.317166747112541 0.0020308367034444
0.334313350894367 0.788925452424482
0.330076685567971 0.206540341845226
0.335609963537661 0.00453420573029154
0.321124620438961 0.772214201842527
0.330317162141448 0.223630616710762
0.34855821741959 0.00415518144671162
0.332670460537589 0.813015524185704
0.336104224939325 0.181626376901732
0.331225314523086 0.00535809891256387
0.340096574749477 0.771420157221522
0.337606338877459 0.224410339117661
0.322297086373065 0.00416950366081648
0.335317327097792 0.723497675590742
0.326470027406341 0.273341558350484
0.338212645495867 0.00316076605877308
0.336364397690879 0.720283085707135
0.332358902897216 0.276515960637698
0.331276699411905 0.00320095365516723
0.321029259197086 0.636793954526926
0.347350766127944 0.361061468628659
0.33161997467497 0.00214457684441485
0.333245219769659 0.743215473620502
0.330936225608171 0.252891893675873
0.33581855462217 0.0038926327036244
0.327666514350171 0.736367170337101
0.331325251869083 0.260463891018353
0.341008233780746 0.00316893864454687
0.331326900399011 0.728681524821776
0.329683588629226 0.267996474398743
0.338989510971763 0.003322000779482
0.332507923249367 0.798843290029132
0.354056310428863 0.196289494104844
0.31343576632177 0.00486721586602395
0.32659624025591 0.692988359943354
0.326695838475734 0.304178100620519
0.346707921268356 0.00283353943612642
0.351247367722092 0.719549765899368
0.328141472972414 0.277266686734757
0.320611159305493 0.00318354736587607
0.347042796159609 0.779555621978009
0.325734885384699 0.215815484270875
0.327222318455692 0.00462889375111626
0.310184429123006 0.720557390526418
0.342179935703079 0.276220610524619
0.347635635173916 0.00322199894896197
0.330013449962009 0.704758994577646
0.330049187443107 0.292298362840412
0.339937362594884 0.00294264258194043
0.338595524743092 0.888955974880979
0.330274001838201 0.102082932427403
0.331130473418707 0.00896109269161958
0.345344124670883 0.783852492532286
0.331840244252702 0.211587093365255
0.322815631076415 0.0045604141024587
0.334709636414817 0.791827996654641
0.325912609123817 0.203372718907649
0.339377754461365 0.00479928443770942
0.332247792181813 0.860445542528238
0.33984957413736 0.132143998667155
0.327902633680828 0.00741045880460799
0.340612021674317 0.760909917668881
0.337337569620711 0.23518796101687
0.322050408704971 0.00390212131424895
0.337483527560293 0.756210046372093
0.338896798440532 0.239964859466981
0.323619673999174 0.00382509416092618
0.338716436539509 0.686575789835155
0.327759838783606 0.310812050689554
0.333523724676886 0.00261215947529041
0.31257877935082 0.754680206661479
0.342460863968605 0.241713209434715
0.344960356680575 0.00360658390380499
0.332523655231212 0.761313933272651
0.334032810200883 0.234684153595353
0.333443534567904 0.00400191313199613
0.336830445352915 0.742475232590179
0.324098181496384 0.253818632235161
0.339071373150701 0.00370613517465931
0.339436284147102 0.763455021186532
0.327131692683168 0.232611546729732
0.33343202316973 0.00393343208373511
0.34640782758431 0.824386020169872
0.331088754636126 0.169902548115823
0.322503417779564 0.00571143171430466
0.331916424498992 0.667963460133165
0.336393116581997 0.329629765418054
0.331690458919012 0.00240677444878222
0.319839902652271 0.734153768401917
0.342198127000692 0.262509804648701
0.337961970347038 0.00333642694938253
0.330062657534561 0.657262930645956
0.311322080233526 0.340423269722877
0.358615262231913 0.00231379963116818
0.328419317761705 0.809399834336805
0.327342801695011 0.185528141860745
0.344237880543284 0.00507202380244903
0.334988636165268 0.857326934940289
0.330236984343797 0.135318476682954
0.334774379490935 0.00735458837675857
0.338931749983726 0.812758947694301
0.340738060575615 0.181754191624417
0.320330189440659 0.0054868606812825
0.334026667691848 0.730598753175059
0.321748151756742 0.265927602874855
0.34422518055141 0.00347364395008618
0.32497870485693 0.668245124415519
0.340590673067434 0.329230031515567
0.334430622075636 0.00252484406891354
0.340387533465106 0.747501549831088
0.331755219870777 0.248732887927457
0.327857246664118 0.0037655622414542
0.330192158280763 0.678080045375883
0.333143328852549 0.319336318604065
0.336664512866688 0.00258363602005209
0.329358082451641 0.67586434772751
0.317162127219648 0.321442141392852
0.353479790328712 0.00269351087963811
0.335652019649139 0.730442589964786
0.33374881658724 0.266076840883764
0.33059916376362 0.00348056915144937
0.32114013403608 0.670988763726638
0.34255729162091 0.326368649160211
0.336302574343011 0.00264258711315226
0.332780742429013 0.702596178548094
0.32125715255326 0.294380501675622
0.345962105017727 0.0030233197762835
0.340444093747145 0.750653487802629
0.322891885794235 0.245612966483593
0.33666402045862 0.00373354571377897
0.338738738315295 0.666639975996684
0.330146971307065 0.330850364675287
0.331114290377641 0.00250965932802882
0.329281137391316 0.780375117740969
0.332032972149046 0.215437503045301
0.338685890459639 0.00418737921373005
0.337402241488287 0.829921095724705
0.339345421942097 0.163971225165989
0.323252336569616 0.00610767910930614
0.330865227602189 0.695884553255519
0.332854928805072 0.301228206340699
0.33627984359274 0.00288724040378153
0.32043087760539 0.829172685652273
0.337194757412488 0.164596706306087
0.342374364982122 0.00623060804164009
0.332872703107968 0.782516732840409
0.338900064956214 0.213317222110899
0.328227231935818 0.00416604504869212
0.328441377121845 0.773334782465594
0.333927627169026 0.222505129210643
0.337630995709129 0.00416008832376287
0.333550201265984 0.77107157373806
0.322257354386895 0.224784161907325
0.344192444347122 0.00414426435461548
0.335071635144857 0.796017873112821
0.33741267458868 0.19912366384746
0.327515690266463 0.00485846303971979
0.344624398347572 0.741037481121531
0.332835991823577 0.255494260513087
0.322539609828851 0.00346825836538355
0.333712098424328 0.771953323203709
0.344412694810378 0.223948192810896
0.321875206765294 0.00409848398539459
0.314008475201896 0.792800892540946
0.334885887560704 0.202719967640333
0.3511056372374 0.00447913981872159
0.325133905064556 0.605173004472461
0.338180444484586 0.392911110588759
0.336685650450858 0.0019158849387788
0.335175284700162 0.772189808412851
0.334791046230833 0.223680030337319
0.330033669069005 0.00413016124983014
0.326677496730719 0.745065769655273
0.342811127236642 0.251165048907734
0.330511376032639 0.00376918143699361
0.329662511990857 0.674064504760922
0.335680567510607 0.323294258557147
0.334656920498536 0.00264123668193129
0.322769931926447 0.800633365506488
0.339606113065115 0.19466748560022
0.337623955008438 0.00469914889329126
0.334148317085267 0.741105343665477
0.336662015558357 0.255211534790662
0.329189667356376 0.00368312154386105
0.346861613146424 0.68035911318679
0.328186394788679 0.316878353832068
0.324951992064897 0.00276253298114197
0.338449409367954 0.741026957241425
0.334864969029602 0.255391453991441
0.326685621602445 0.00358158876713447
0.319624552672158 0.79491446449235
0.344135719686558 0.200298616821988
0.336239727641284 0.00478691868566219
0.335599695043783 0.768487875853004
0.331309461480596 0.227428388742001
0.333090843475621 0.00408373540499456
0.331341327035558 0.769779233949964
0.343305946951857 0.226070025624079
0.325352726012585 0.0041507404259571
0.328429071268484 0.819840081143346
0.325104826847793 0.174485178757042
0.346466101883723 0.00567474009961223
0.336195207426613 0.69544831886921
0.317970562216179 0.301603497707903
0.345834230357208 0.0029481834228869
0.33283281188257 0.791816820980928
0.335330040802157 0.203502463587881
0.331837147315273 0.00468071543119074
0.327076049907532 0.806096036340206
0.342572291253732 0.189053961128742
0.330351658838736 0.0048500025310526
0.339193153989511 0.643169041062623
0.344614331679672 0.354498956123758
0.316192514330817 0.00233200281361975
0.327269900661313 0.765954222486032
0.339309925051662 0.229954472535848
0.333420174287026 0.00409130497811835
0.327497705255828 0.626309839183293
0.336898341239303 0.371488370586739
0.335603953504867 0.00220179022996835
0.337283403568597 0.773731318115523
0.329478229264863 0.222118017682761
0.333238367166539 0.00415066420171547
0.329073455757482 0.687232697492581
0.330420784013084 0.309916993991588
0.340505760229433 0.00285030851583157
0.33280777032113 0.717496798940094
0.319356169424584 0.279195127989941
0.347836060254286 0.00330807306996496
0.334118446044259 0.660703219832643
0.331653718392629 0.336734332500138
0.334227835563112 0.00256244766721805
0.333744347305391 0.814021818602546
0.323328882996806 0.180507272398072
0.342926769697803 0.00547090899938178
0.327437511065908 0.684898392847486
0.337758910904347 0.312358090105319
0.334803578029746 0.00274351704719576
0.338436660879554 0.816405464444277
0.333371877920659 0.178305906904328
0.328191461199786 0.00528862865139385
0.335074719918591 0.818945049964847
0.333440663602422 0.175554243271449
0.331484616478987 0.00550070676370385
0.320724132740991 0.855201040926133
0.345468051661537 0.137353774650587
0.333807815597472 0.00744518442328239
0.338340712348815 0.831721053808938
0.332681667302143 0.161962613923213
0.328977620349043 0.0063163322678494
0.346632939033453 0.639333258031098
0.325091531585774 0.358468685424542
0.328275529380774 0.0021980565443603
0.341157582098321 0.699449806049046
0.332158803684391 0.297720108451254
0.326683614217288 0.0028300854996995
0.319238565528438 0.759848251880528
0.342052339437136 0.236172970301244
0.338709095034426 0.00397877781822745
0.329633211192566 0.754756796197806
0.335271771799327 0.241334166382616
0.335095017008106 0.00390903741957923
0.335821136192762 0.794234153347933
0.32018610939183 0.200942128360993
0.343992754415408 0.00482371829107524
0.341469268745018 0.692068874079589
0.332166090270697 0.305016625025037
0.326364640984285 0.00291450089537468
0.336259789597572 0.751850657202622
0.337365399970322 0.244388799227277
0.326374810432106 0.00376054357010171
0.337631215838657 0.855341953960624
0.338406547958523 0.137700955451277
0.323962236202819 0.00695709058809872
0.321392185444458 0.663915886762406
0.340834967808701 0.333624918679543
0.337772846746841 0.00245919455805103
0.32606334431276 0.703539725105799
0.319629653144534 0.293675122331568
0.354307002542706 0.0027851525626339
0.336735033820126 0.744975797985505
0.324285676321787 0.251458711397901
0.338979289858087 0.0035654906165937
0.320923955586116 0.768154688033664
0.341564275227878 0.227863668617396
0.337511769186007 0.00398164334894034
0.335974959884307 0.72655552494474
0.333200146926131 0.26996635601514
0.330824893189562 0.00347811904011951
0.333519768865723 0.664179925302598
0.33902304570794 0.333397823826019
0.327457185426337 0.00242225087138295
0.326368215048346 0.664435161710777
0.333158285523842 0.333104332033933
0.340473499427812 0.00246050625528932
0.32816828217353 0.842012843438493
0.3343297155342 0.151419830408132
0.33750200229227 0.00656732615337423
0.324222924702582 0.682958296621971
0.335683046449497 0.314288472529726
0.340094028847921 0.00275323084830255
0.34266032114164 0.643203727048923
0.329468851832792 0.354640094052209
0.327870827025567 0.00215617889886685
0.351226203570729 0.658568479100626
0.316759862543528 0.339087960731866
0.332013933885743 0.00234356016750773
0.321611370381375 0.659564955717624
0.354963226331964 0.338127363370878
0.323425403286661 0.00230768091149837
0.332503032407161 0.688636764143287
0.340551847794815 0.30848971766402
0.326945119798024 0.00287351819269215
0.32593581087904 0.806596806071667
0.342914787069754 0.188050830544547
0.331149402051207 0.00535236338378654
0.324680238597227 0.792956176256195
0.335624875615886 0.202554270872548
0.339694885786888 0.00448955287125693
0.344252109156117 0.824989156547564
0.318677183997838 0.169538144647904
0.337070706846046 0.00547269880453046
0.341990040640936 0.784917668570427
0.334372348965846 0.210752962969822
0.323637610393217 0.00432936845975026
0.323733632995956 0.668842990879742
0.335419464943534 0.328564082361346
0.34084690206051 0.0025929267589119
0.340026170947123 0.798932859586581
0.326502589394533 0.196110140200393
0.333471239658345 0.00495700021302653
-999 -999
-999 -999
-999 -999
-999 -999
-999 -999
-999 -999
