319
321
327
325
317
311
303
293
280
275
264
252
246
220
197
183
169
170
161
138
137
127
109
98
69
65
50
38
33
25
29
32
29
27
28
34
33
31
37
46
40
44
32
31
34
34
32
33
34
22
21
24
22
28
26
25
40
40
22
23
17
11
24
10
7
5
6
10
1
1
1
1
3
1
1
4
3
5
1
3
4
1
1
1
2
1
1
2
1
1
1
1
1
1
1
2
2
1
1
1
1
1
1
1
1
1
2
2
2
1
1
1
1
2
2
1
1
3
2
1
1
1
1
1
2
1
1
1
3
1
1
1
2
2
1
1
1
1
1
3
1
3
1
1
2
1
1
1
1
2
1
1
1
1
4
2
3
1
1
2
3
3
1
1
1
1
1
1
3
1
2
1
1
1
1
1
1
1
2
1
1
1
1
1
1
3
4
1
1
1
2
2
1
1
3
1
1
1
2
3
3
1
3
1
1
2
1
1
1
2
2
1
2
3
2
1
1
1
1
2
1
1
1
2
1
1
2
1
1
1
1
1
1
1
1
3
1
5
2
1
1
1
1
1
1
2
1
1
1
1
2
1
2
1
1
1
1
1
1
2
1
1
2
2
1
1
1
1
2
1
1
2
3
1
1
1
1
2
3
1
1
1
2
1
1
1
1
1
1
2
1
1
1
1
1
3
1
1
2
3
1
3
2
1
1
1
1
2
1
1
4
1
1
1
1
1
2
1
1
1
1
1
1
1
1
1
1
2
1
3
1
1
2
1
1
1
1
1
1
2
1
1
1
1
1
2
3
1
1
1
2
1
1
2
1
4
3
2
2
1
1
1
1
1
1
1
1
1
1
2
2
2
1
1
1
1
1
1
1
1
1
1
1
4
2
3
1
1
1
1
1
1
1
1
1
1
1
1
1
1
1
1
1
1
1
1
2
1
1
3
1
1
1
1
3
1
1
1
1
1
1
1
1
1
1
1
1
1
2
1
1
1
1
1
1
1
1
1
1
1
1
1
1
2
1
2
1
1
1
1
1
1
2
1
2
2
1
1
2
1
2
3
1
1
2
1
1
2
2
2
1
1
2
1
3
4
2
1
1
1
1
3
2
2
2
4
1
3
1
1
3
1
2
1
1
1
1
5
2
2
2
1
1
1
1
2
2
1
3
2
2
1
2
1
1
3
2
1
1
2
1
1
3
6
1
1
1
2
1
1
1
1
1
1
3
2
1
1
2
1
1
2
1
1
2
1
3
1
1
4
1
1
1
2
1
1
1
1
1
1
1
1
2
1
1
1
1
2
2
1
1
1
1
2
1
1
5
1
4
1
1
1
1
1
1
1
1
3
1
1
1
1
1
2
2
1
1
1
2
2
1
1
1
2
7
1
1
1
2
1
1
4
3
7
1
1
1
3
1
1
2
1
1
1
1
2
1
1
1
2
1
1
1
1
1
2
3
1
2
3
1
1
3
2
1
2
1
1
2
1
1
1
1
1
1
1
1
1
2
1
3
3
1
1
3
1
2
1
1
1
1
1
1
3
1
2
1
1
1
3
2
1
1
2
1
2
1
1
1
1
1
1
1
1
1
1
1
1
1
2
3
1
1
1
1
1
1
4
1
2
1
1
8
2
1
1
2
1
1
1
3
2
1
4
1
1
1
2
1
1
4
1
2
1
1
2
1
4
1
4
2
3
2
1
1
1
1
2
1
3
1
3
1
1
1
1
1
1
1
1
1
2
1
1
2
1
1
2
1
2
1
1
1
4
1
1
1
2
1
1
2
3
3
1
1
2
2
4
1
1
1
1
1
1
1
2
1
1
1
4
1
1
1
1
1
2
1
1
2
2
1
1
1
1
1
2
1
1
2
1
2
3
1
1
1
2
1
1
1
3
1
2
1
1
3
1
1
1
1
1
1
1
2
1
1
1
1
1
1
2
1
1
1
1
1
2
1
1
2
1
1
2
1
1
1
5
1
1
1
1
1
1
2
2
2
1
2
1
1
1
2
1
3
2
1
1
1
1
1
2
2
1
1
4
1
1
1
1
1
1
4
1
1
1
2
1
1
1
1
1
1
1
5
1
2
1
1
1
2
2
2
1
1
1
1
2
1
1
4
2
2
1
3
1
1
1
1
2
1
1
1
1
2
5
1
1
7
1
1
1
1
1
1
1
2
1
5
1
1
1
1
2
1
2
1
1
1
1
1
1
2
1
1
1
1
2
1
1
3
1
1
2
1
1
1
3
1
1
1
1
1
1
2
2
1
4
1
1
3
2
