0.72739443979151 0.561484242989256
0.249418507378302 0.411918395096449
0.0231870528301895 0.0265973619142902
0.261839729559229 0.416110026283093
0.664824836625953 0.529766261634849
0.0733354338148031 0.0541237120820546
0.754318696218168 0.692906327881929
0.22407911734597 0.30478683219747
0.0216021864358641 0.00230683992059943
0.310160021306075 0.553075146133668
0.686782233121614 0.386833486228091
0.00305774557231348 0.0600913676382357
0.355452822538192 0.503922937299492
0.57743910211985 0.48544749070885
0.0671080753419651 0.0106295719916584
0.270959218496606 0.322961830306012
0.706609989629149 0.669398871919384
0.0224307918742529 0.00763929777461286
0.596782969531899 0.601008143525076
0.37416528049253 0.376582285018514
0.0290517499755606 0.0224095714564072
0.440160252082802 0.403433777691043
0.539184792926449 0.574789035769174
0.0206549549907516 0.0217771865397852
0.697991834345813 0.782195035212683
0.207423053208685 0.206289291662159
0.0945851124455063 0.011515673125146
0.719217693894267 0.713371689628909
0.226514899920375 0.279601043524764
0.0542674061853654 0.00702726684632447
0.429286252857976 0.418128564466537
0.558311728462858 0.577653721474279
0.0124020186791594 0.00421771405919902
0.507160087404528 0.449701668221674
0.466295517126828 0.514995322095384
0.0265443954686465 0.035303009682952
0.505182922597399 0.609532040919588
0.489182289321306 0.314309905176828
0.00563478808129057 0.0761580539035848
0.542788331188791 0.627439392276289
0.435910200625168 0.339256573765375
0.0213014681860331 0.0333040339583415
0.488872159261461 0.500192152373984
0.493990385531746 0.481951331037181
0.0171374552067901 0.0178565165888322
0.58911792463421 0.58286117994453
0.372988524288776 0.375104359370648
0.0378935510770077 0.0420344606848274
0.435161097256692 0.392635779441605
0.560547443045326 0.569366357988728
0.00429145969798176 0.0379978625696635
0.363567508321291 0.461908281947998
0.624949569635828 0.529934491428479
0.0114829220428796 0.00815722662352659
0.45225212139987 0.474780358070533
0.522870295789687 0.487794998094003
0.0248775828104435 0.0374246438354611
0.623835603819304 0.62711999372884
0.372809451435386 0.355128193724566
0.00335494474532227 0.0177518125466105
0.366096571175711 0.338276417635031
0.608330130314467 0.653971140559792
0.0255732985098347 0.00775244180517999
0.542393914223736 0.383814698974954
0.456961953783543 0.601823880816384
0.000644131992734 0.014361420208654
0.526565692074187 0.608027661719863
0.419702502414489 0.386519520375695
0.0537318055113307 0.00545281790443615
0.420043093749031 0.272991354645853
0.556693033480558 0.680510815496683
0.0232638727703965 0.0464978298574692
0.584641663477457 0.449372214442273
0.383503210661611 0.549802283998873
0.0318551258609244 0.000825501558857531
0.318555238493161 0.359267260307339
0.678051280525207 0.58133326635738
0.00339348098164468 0.0593994733352763
0.573092080349442 0.596116148363309
0.417744461965149 0.354336750131722
0.00916345768541314 0.0495471015049695
0.468998329329129 0.485773806673266
0.493144055644507 0.507485157661048
0.0378576150263568 0.00674103566568573
0.568134214838384 0.554386054554698
0.406686665833468 0.434058425054351
0.0251791193281473 0.0115555203909502
0.451741710623233 0.464082880779202
0.534953892363847 0.515575471826665
0.0133043970129159 0.020341647394126
0.364804112962754 0.363666291752092
0.599560158867135 0.616973134473258
0.0356357281701073 0.0193605737746393
0.328722323946636 0.477621087537539
0.620323024416055 0.494290654789323
0.0509546516373022 0.0280882576731469
0.671952593611092 0.555551395210147
0.326405779793106 0.443794857867617
0.00164162659579075 0.000653746922236745
0.549339433109237 0.58258594216339
0.426433193652769 0.396407018657367
0.0242273732380071 0.0210070391792514
0.345925734744377 0.3160766772098
0.645870965599445 0.621180341286603
0.00820329965617544 0.0627429815036039
0.558552798795976 0.59812159881183
0.410572811277764 0.372441074212413
0.0308743899262511 0.0294373269757519
0.789231723393652 0.712180511841502
0.174120018124957 0.2812474348367
0.0366482584813773 0.00657205332180081
0.506135831134529 0.454968791230995
0.449583082589642 0.538962425830675
0.0442810862758276 0.00606878293833022
0.500598552375138 0.280154010540313
0.484871392249165 0.719132743216341
0.0145300553756956 0.000713246243352108
0.533799065214111 0.378573506685085
0.455637809645741 0.611310974322802
0.0105631251401439 0.0101155189921256
0.656642616704123 0.588296876984938
0.342442984469503 0.393547973079025
0.00091439882637024 0.0181551499360425
0.631426829277828 0.573184352658586
0.36048878493519 0.379026561041978
0.00808438578697479 0.0477890862994358
0.515563854844956 0.423938807420596
0.478482100178217 0.520266804724198
0.00595404497682308 0.0557943878552152
0.578584612756016 0.349877429132025
0.401450908068135 0.644940963578154
0.0199644791758388 0.00518160728982685
0.586630744737761 0.505652742575645
0.355349131857791 0.475656335420017
0.0580201234044536 0.0186909220043335
0.574707205669195 0.564799712840906
0.382510802206791 0.391492261494041
0.0427819921240198 0.0437080256650592
0.547817663183822 0.569082990653511
0.435355004769069 0.415638919132806
0.0168273320471002 0.0152780902136752
0.441840566466396 0.387144048957718
0.553936176554942 0.599028480129615
0.00422325697866434 0.0138274709126764
0.299428645079872 0.462006751889723
0.677842423417811 0.535504990434149
0.0227289315023246 0.00248825767612698
0.506417338562091 0.417392983242506
0.428719941396728 0.504125041502219
0.0648627200411646 0.078481975255281
0.326234068967983 0.433849031696882
0.666573999738874 0.557144111253816
0.00719193129314366 0.00900685704930472
0.474677074472656 0.452247040459265
0.457278628084567 0.537193410166712
0.0680442974427677 0.0105595493740233
0.383729066729979 0.624404249898988
0.532094727665668 0.368360343195755
0.0841762056043493 0.00723540690524877
0.404784304086268 0.336272951275681
0.593260836022365 0.628274397107756
0.00195485989135302 0.0354526516165708
0.608017416306155 0.607063376830111
0.387633051825497 0.357995200193443
0.00434953186834853 0.0349414229764591
0.6497528407798 0.515914447587548
0.335194402035629 0.426250674374029
0.015052757184561 0.0578348780384202
0.32390168369418 0.424980079439059
0.657756781041203 0.54322046084161
0.0183415352646091 0.0317994597193367
0.614841280247344 0.684412383181492
0.329666513072885 0.31284040456776
0.0554922066797654 0.00274721225074942
0.76095792679363 0.649795201481355
0.232269924666298 0.327627378327157
0.00677214854007633 0.022577420191492
0.497612977455888 0.478509201762691
0.501433073279471 0.46195751044642
0.000953949264647987 0.0595332877908911
0.505160685957719 0.586751532392168
0.468830263857982 0.393743711555241
0.0260090501843021 0.0195047560525871
0.543173648031599 0.426693272477771
0.443202650520371 0.568473022208494
0.0136237014480282 0.00483370531373116
0.800397123026005 0.583097563298039
0.168255899928895 0.415522780910959
0.0313469770450903 0.0013796557910106
0.373937450619451 0.337509733599005
0.624138684678598 0.635277369493551
0.00192386470195455 0.0272128969074605
0.549691095525252 0.38019396176403
0.434630657666384 0.612302836664912
0.0156782468083616 0.0075032015710675
0.431661344113593 0.483982105750901
0.560606171696694 0.512365223333685
0.00773248418970712 0.00365267091541321
0.385265769713574 0.328514184526286
0.598197118922255 0.648117690043946
0.016537111364178 0.023368125429753
0.544756444473252 0.438289905639181
0.430930320937513 0.558986750630011
0.024313234589236 0.00272334373081343
0.531591505029325 0.558247397700992
0.385330018443119 0.39538320092597
0.0830784765275596 0.0463694013730465
0.690553571649803 0.639321447456493
0.258548919247431 0.354881393963063
0.0508975091027608 0.00579715858045658
0.286196569030303 0.404421648228033
0.660705289174372 0.589626911565871
0.0530981417953166 0.00595144020609251
0.604955856668423 0.531669963183236
0.38486456797637 0.436490430201993
0.0101795753552063 0.031839606614767
0.639304009707868 0.467672358441401
0.342335814160771 0.498660263515279
0.0183601761313708 0.0336673780433178
0.28514668092884 0.367397811558192
0.705636835128633 0.62478158634552
0.00921648394253971 0.00782060209629788
0.542994457661861 0.459590411154295
0.397521945836466 0.510481670425857
0.059483596501669 0.029927918419857
0.69756402716224 0.561464900996571
0.251156296079321 0.429218210734238
0.0512796767584378 0.00931688826917659
0.513271591654814 0.616308390563358
0.440546261303207 0.37156380537687
0.0461821470419819 0.0121278040597647
0.502680392348719 0.43534598950259
0.497273281664249 0.525632070460628
4.63259870429403e-05 0.0390219400367899
0.402256409416116 0.479051926406347
0.570319922434463 0.504351568223792
0.0274236681494209 0.0165965053698618
0.684484893531061 0.466318421133964
0.31515639282423 0.530994984564231
0.000358713644720726 0.00268659430180796
0.351801046767379 0.417987762769469
0.643004113342557 0.575255348990482
0.00519483989005338 0.00675688824004521
0.454671718095179 0.502043252542155
0.502637400400388 0.426331375749198
0.0426908815044407 0.071625371708635
0.872460617583225 0.805082120815803
0.118278362983374 0.190596619681988
0.0092610194333884 0.00432125950221319
0.515783979454174 0.379526737837632
0.45330403509342 0.594442235356552
0.0309119854524081 0.0260310268058225
0.633746949146041 0.512196606249364
0.347019959310335 0.469922938600406
0.0192330915436133 0.0178804551502197
0.495111304344959 0.452381430882306
0.48080791555894 0.487188035361025
0.0240807800961079 0.0604305337566817
0.582491997849105 0.704220958477955
0.360848152137857 0.256472663556368
0.056659850013034 0.0393063779656701
0.637686429485028 0.547017905636207
0.345030328025815 0.405748366743444
0.0172832424891584 0.0472337276203589
0.595491108789519 0.60325510401758
0.39707095917256 0.366983069852888
0.00743793203792336 0.0297618261295407
0.442367469441556 0.448671954738605
0.554381124222813 0.535111525672964
0.00325140633562376 0.0162165195884166
0.506182818927087 0.310489962374732
0.435485642949589 0.687606665979314
0.0583315381233185 0.00190337164596
0.403171173901798 0.492021456265051
0.582970853917456 0.50261675888801
0.0138579721807462 0.00536178484692981
0.504544926496518 0.518444673151858
0.422103527797277 0.452487073328769
0.0733515457062093 0.0290682535193803
0.626375285931371 0.501135303757739
0.360516825085729 0.486368333100534
0.013107888982913 0.012496363141714
0.702540454133617 0.513845858555573
0.271069118703992 0.479227766486588
0.0263904271623923 0.00692637495782954
0.788743181255051 0.626325206108944
0.151359680393628 0.359872923654482
0.0598971383513126 0.013801870236586
0.534579412757225 0.4435802179964
0.411284251810138 0.518523151382925
0.0541363354326377 0.0378966306206651
0.722805336653285 0.552197066877073
0.260084641300672 0.443707933864625
0.0171100220460372 0.0040949992583005
0.591562243685302 0.487031489553776
0.392697554394199 0.512961269694056
0.0157402019205078 7.24075217216347e-06
0.622406598852589 0.585589738181117
0.333869795537914 0.402691898272871
0.0437236056094972 0.0117183635460005
0.410424889283683 0.553598731231945
0.545895764621475 0.441702113370712
0.043679346094848 0.00469915539733579
0.630665300939256 0.615750389493031
0.358715414318341 0.358578284721293
0.0106192847423953 0.0256713257856745
0.311747994706815 0.4713277652779
0.572907351483533 0.524370862997968
0.115344653809662 0.00430137172413758
0.364848521251665 0.396991201757379
0.602089310057238 0.562130114877095
0.0330621686910959 0.0408786833655207
0.600348369588691 0.58811775330817
0.375395933122826 0.324723186089303
0.0242556972884837 0.0871590606025104
0.647785912885863 0.439538956544023
0.337622218640656 0.5238905365506
0.0145918684734916 0.0365705069053737
0.431758957852026 0.300961183522694
0.550265911447808 0.651554148601008
0.0179751307001704 0.0474846678763014
0.475382626915897 0.341145885716691
0.521230511882847 0.637975430773896
0.00338686120126366 0.0208786835094127
0.588483042932357 0.500121858930759
0.410947566048487 0.47376152593182
0.000569391019153723 0.0261166151374148
0.399151475985319 0.37542163426735
0.541606435612724 0.619020686557022
0.0592420884019523 0.00555767917562111
0.325598813997096 0.500867491979651
0.595407231880029 0.49527135129387
0.0789939541228648 0.00386115672646892
0.519442864521636 0.499217780530711
0.443404409096863 0.488281495064158
0.0371527263814964 0.012500724405135
0.35198666937932 0.478672417896195
0.621178009132336 0.4578743813564
0.0268353214883503 0.063453200747404
0.358962419686174 0.411397992265165
0.607758088553568 0.570679229920245
0.0332794917602567 0.0179227778145861
0.681372257808675 0.683821559008266
0.253525963015798 0.311146074121361
0.0651017791755214 0.00503236687036146
0.73231147936183 0.568740539325104
0.238914032511424 0.369859896083408
0.0287744881267454 0.0613995645914921
0.615251159080901 0.423979015028449
0.382303891734428 0.490096943062967
0.0024449491846798 0.0859240419085774
0.638633302610586 0.624462468741785
0.35432336890958 0.36127473185485
0.00704332847982053 0.0142627994033687
0.308657355345703 0.360953010694287
0.687733011508655 0.613945998575101
0.00360963314563767 0.0251009907306259
0.434487160175686 0.44684967783951
0.564206815221682 0.520868614512026
0.00130602460262919 0.0322817076484627
0.621753768109315 0.531373725777047
0.354186811442408 0.434754838189423
0.0240594204482913 0.0338714360335144
0.330906243113786 0.29607186128095
0.638077324080597 0.691064676534437
0.0310164328056217 0.0128634621846194
0.383590713174782 0.481607296115557
0.527530340342196 0.504795128924801
0.0888789464830262 0.0135975749596346
0.245380293999041 0.441303703208953
0.702077899152363 0.556384396373305
0.0525418068485946 0.00231190041774032
0.209958028451098 0.33735907638612
0.734636693234964 0.647151032046747
0.0554052783139294 0.0154898915671294
0.708470609603397 0.49010621398293
0.283800611853301 0.497911692810874
0.00772877854332155 0.0119820932061945
0.339694805385214 0.471935057946103
0.650211895193434 0.50885432244382
0.0100932994213457 0.0192106196100745
0.399697855683961 0.514791187550826
0.525027212854713 0.48207245381487
0.0752749314613155 0.00313635863430046
0.46576280096006 0.487017821257823
0.511023917763961 0.50424381317363
0.0232132812759897 0.0087383655685454
0.433467570002713 0.362258056939462
0.565507326428827 0.621736287276392
0.00102510356846265 0.0160056557841534
0.491508567273115 0.467988862630951
0.476596259301683 0.512461220509575
0.0318951734252088 0.0195499168594716
0.482005805936807 0.453563534057366
0.489855145010552 0.507104929812668
0.0281390490526438 0.039331536129974
0.306938886573903 0.464549720306991
0.651563581258528 0.491114170987141
0.0414975321675747 0.0443361087058746
0.349394431615586 0.311398365669269
0.631746935619443 0.670379181132768
0.0188586327649832 0.0182224531979762
0.331393044970432 0.353240849011398
0.661585272518774 0.643567652410752
0.00702168251080894 0.00319149857785322
0.508126909389244 0.446415533741588
0.491143838115529 0.505951556092274
0.000729252495243849 0.0476329101661264
0.223386304633256 0.388459971979993
0.762166901211688 0.580320896555021
0.0144467941550493 0.0312191314649785
0.665400309409609 0.457852904071426
0.325521135421155 0.532553456958209
0.00907855516924296 0.00959363897037768
0.326372291988372 0.325425923538946
0.642403651221073 0.657458843489177
0.0312240567905455 0.0171152329718664
0.430325147585015 0.409191617496958
0.552152231576489 0.57502894792174
0.0175226208384874 0.0157794345812969
0.409008151424359 0.381197258854395
0.577807641875214 0.6181676834596
0.0131842067004198 0.00063505768601274
0.32666684048627 0.437505389009135
0.653502664575388 0.522694813566418
0.0198304949383469 0.0397997974244495
0.548461588814292 0.603853515329949
0.417464491082529 0.382886699433674
0.0340739201031716 0.0132597852363715
0.536071680202907 0.579018438977297
0.421390340420869 0.409477420799528
0.042537979376221 0.011504140223184
0.385716356072828 0.491231762550893
0.596791928829191 0.420453787078776
0.0174917150979765 0.0883144503703286
0.380827258756616 0.433761585151899
0.564545166333813 0.532186620062208
0.054627574909567 0.0340517947858877
0.340277375236722 0.496195250558633
0.634731344353679 0.496490555395834
0.0249912804095978 0.00731419404553145
0.594804239515217 0.602164233517215
0.378855844336309 0.392593455843154
0.0263399161484681 0.00524231063963054
0.417789254299997 0.386891280981898
0.514269458060102 0.603634353072789
0.0679412876398848 0.00947436594531156
0.644470623468861 0.38563920644433
0.325651345447817 0.596840225592031
0.0298780310833313 0.0175205679636342
0.384430548144114 0.440281061933186
0.557616234916513 0.553509376087573
0.0579532169393603 0.00620956197924114
0.441488675689316 0.642765173278748
0.556509191022927 0.337709590890825
0.00200213328775684 0.0195252358304213
0.151773339901954 0.452228519430202
0.82503843520806 0.468747698780609
0.0231882248899732 0.0790237817891909
0.529812805159807 0.554521706370354
0.467750667400362 0.412742159603361
0.00243652743983218 0.0327361340262701
0.647904070488596 0.625179659719944
0.330548647982312 0.340739025723653
0.0215472815290986 0.03408131455641
0.548535783481669 0.47275100769879
0.414869385597517 0.48773715701556
0.0365948309208043 0.0395118352856443
0.43728674164754 0.501973070748082
0.544035166472908 0.455368381317628
0.0186780918795466 0.0426585479342838
0.464222651127779 0.575498797023844
0.51341338087006 0.403468861352228
0.0223639680021736 0.0210323416239161
0.353548600826267 0.376666563545091
0.591844358271259 0.573373239679243
0.0546070409024744 0.0499601967756696
0.47982825673176 0.66296593358345
0.516252684980717 0.327214875061038
0.0039190582875244 0.00981919135550836
0.54085199620761 0.600612209878974
0.449558795836951 0.385337885515378
0.00958920795543179 0.0140499046056542
0.73615196805209 0.608250798996605
0.21029696034061 0.344237867313153
0.0535510716072944 0.0475113336902518
0.480915578074022 0.514617974655546
0.509730628225896 0.451606974897119
0.00935379370007456 0.0337750504473365
0.477057339952973 0.615698241577264
0.504948139996426 0.346358935277978
0.0179945200506145 0.0379428231447472
0.615018194345637 0.522115214835407
0.37778199670239 0.457864003295682
0.00719980895196308 0.0200207818689204
0.609837543886041 0.638918809152304
0.36322401329132 0.357836943825987
0.0269384428226509 0.00324424702170165
0.52027377813452 0.408118418886721
0.454373099967674 0.565430956525855
0.0253531218978093 0.0264506245874245
0.41803083483249 0.47379919069959
0.53619094918639 0.449770324246738
0.0457782159811271 0.0764304850536849
0.821919809280233 0.659558227420345
0.140761700405943 0.31921877196089
0.0373184903138188 0.0212230006187769
0.67734821082952 0.637786318416716
0.296125999230666 0.327258799658638
0.0265257899398144 0.0349548819246382
0.435116998750646 0.569914338777138
0.533424009737433 0.394197276970811
0.0314589915119142 0.0358883842520578
0.338517855997659 0.573717877443373
0.587805956287464 0.395841478240987
0.0736761877148809 0.0304406443156229
0.279782276335603 0.452665771345489
0.709058948346676 0.521343604973478
0.0111587753177265 0.0259906236810453
0.58267527795289 0.443830289202729
0.380575043572628 0.548173041819837
0.0367496784744761 0.00799666897742553
0.478932908827404 0.328131697687327
0.482522630319451 0.662653213732814
0.0385444608531386 0.00921508857986299
0.719430653628241 0.590848677216612
0.258678510915012 0.407461102597363
0.0218908354567573 0.00169022018603539
0.59619585790706 0.666755256049552
0.394457204412276 0.332646256556158
0.00934693768065747 0.000598487394299688
0.402700703780585 0.304492353855233
0.575264930932913 0.668272500752096
0.0220343652865103 0.0272351453926686
0.321152334339047 0.385845078271586
0.654810399455173 0.561830635262079
0.0240372662057904 0.0523242864663445
0.318852569035556 0.370281561218922
0.663585435273759 0.595071970551655
0.0175619956906927 0.0346464682294262
0.197544099509673 0.46394327833059
0.776591917049849 0.506489679929057
0.0258639834404814 0.0295670417403574
0.665174305297951 0.584271069653483
0.297270060696377 0.400351687028507
0.0375556340056839 0.0153772433180062
0.852854922328027 0.628914394756165
0.127639301497496 0.318154934716938
0.0195057761744696 0.0529306705269096
0.444699072963865 0.617788337039312
0.522738593779576 0.368679718866113
0.0325623332565772 0.0135319440945795
0.599988917091779 0.474183361206769
0.367675359640904 0.472506810930781
0.0323357232673027 0.0533098278624498
0.777446421365426 0.441493011822521
0.186835246968116 0.548334801042816
0.0357183316664545 0.0101721871346558
0.596568751949061 0.370115970590348
0.350486325532663 0.617938618677514
0.0529449225182859 0.0119454107321271
0.520317832239637 0.557252172062188
0.445946013595289 0.396567285880241
0.0337361541650825 0.0461805420575801
0.423092275599004 0.281447549636086
0.53538352286249 0.686997497849625
0.0415242015385077 0.0315549525142902
0.762163145187174 0.562869649175424
0.217378882264486 0.427736687013747
0.0204579725483373 0.00939366381083029
0.550807371687714 0.559884945310229
0.432394741438258 0.42698412847748
0.0167978868740253 0.0131309262122893
0.612130628615602 0.600314991045192
0.342691849001483 0.398809516520431
0.0451775223829222 0.00087549243438226
0.384300850848244 0.559337643428705
0.593736688588364 0.433235155358205
0.0219624605633952 0.00742720121308776
0.204779328882978 0.404336280947634
0.787576420155384 0.545269751361218
0.00764425096163486 0.0503939676911429
0.459615132189734 0.511286015159653
0.509750711383903 0.429893120820566
0.0306341564263652 0.0588208640197867
0.453362684022125 0.555467720054022
0.518842678703891 0.423037548835509
0.0277946372739777 0.0214947311104742
0.411515041773576 0.417513655551641
0.5712029885306 0.525198954759316
0.0172819696958281 0.0572873896890532
0.511306224240514 0.414375050831417
0.431829101609655 0.584335208031068
0.056864674149826 0.00128974113750936
0.522906517224385 0.388101735442092
0.44488818655543 0.574897170234821
0.0322052962201875 0.0370010943230765
0.483629084823629 0.596283205116822
0.512701294009429 0.378638635570378
0.00366962116695767 0.0250781593128114
-999 -999
-999 -999
-999 -999
-999 -999
-999 -999
-999 -999
