491 491 2
491 492 2
491 493 2
491 494 2
491 495 2
491 496 2
491 497 2
491 498 2
491 499 2
491 500 2
491 501 2
491 502 2
491 503 2
491 504 2
491 505 2
491 506 2
491 507 2
491 508 2
491 509 2
491 510 2
492 491 2
492 492 2
492 493 2
492 494 2
492 495 2
492 496 2
492 497 2
492 498 2
492 499 2
492 500 2
492 501 2
492 502 2
492 503 2
492 504 2
492 505 2
492 506 2
492 507 2
492 508 2
492 509 2
492 510 2
493 491 2
493 492 2
493 493 2
493 494 2
493 495 2
493 496 2
493 497 2
493 498 2
493 499 2
493 500 2
493 501 2
493 502 2
493 503 2
493 504 2
493 505 2
493 506 2
493 507 2
493 508 2
493 509 2
493 510 2
494 491 2
494 492 2
494 493 2
494 494 2
494 495 2
494 496 2
494 497 2
494 498 2
494 499 2
494 500 2
494 501 2
494 502 2
494 503 2
494 504 2
494 505 2
494 506 2
494 507 2
494 508 2
494 509 2
494 510 2
495 491 2
495 492 2
495 493 2
495 494 2
495 495 2
495 496 2
495 497 2
495 498 2
495 499 2
495 500 2
495 501 2
495 502 2
495 503 2
495 504 2
495 505 2
495 506 2
495 507 2
495 508 2
495 509 2
495 510 2
496 491 2
496 492 2
496 493 2
496 494 2
496 495 2
496 496 2
496 497 2
496 498 2
496 499 2
496 500 2
496 501 2
496 502 2
496 503 2
496 504 2
496 505 2
496 506 2
496 507 2
496 508 2
496 509 2
496 510 2
497 491 2
497 492 2
497 493 2
497 494 2
497 495 2
497 496 2
497 497 2
497 498 2
497 499 2
497 500 2
497 501 2
497 502 2
497 503 2
497 504 2
497 505 2
497 506 2
497 507 2
497 508 2
497 509 2
497 510 2
498 491 2
498 492 2
498 493 2
498 494 2
498 495 2
498 496 2
498 497 2
498 498 2
498 499 2
498 500 2
498 501 2
498 502 2
498 503 2
498 504 2
498 505 2
498 506 2
498 507 2
498 508 2
498 509 2
498 510 2
499 491 2
499 492 2
499 493 2
499 494 2
499 495 2
499 496 2
499 497 2
499 498 2
499 499 2
499 500 2
499 501 2
499 502 2
499 503 2
499 504 2
499 505 2
499 506 2
499 507 2
499 508 2
499 509 2
499 510 2
500 491 2
500 492 2
500 493 2
500 494 2
500 495 2
500 496 2
500 497 2
500 498 2
500 499 2
500 500 2
500 501 2
500 502 2
500 503 2
500 504 2
500 505 2
500 506 2
500 507 2
500 508 2
500 509 2
500 510 2
501 491 1
501 492 1
501 493 1
501 494 1
501 495 1
501 496 1
501 497 1
501 498 1
501 499 1
501 500 1
501 501 1
501 502 1
501 503 1
501 504 1
501 505 1
501 506 1
501 507 1
501 508 1
501 509 1
501 510 1
502 491 1
502 492 1
502 493 1
502 494 1
502 495 1
502 496 1
502 497 1
502 498 1
502 499 1
502 500 1
502 501 1
502 502 1
502 503 1
502 504 1
502 505 1
502 506 1
502 507 1
502 508 1
502 509 1
502 510 1
503 491 1
503 492 1
503 493 1
503 494 1
503 495 1
503 496 1
503 497 1
503 498 1
503 499 1
503 500 1
503 501 1
503 502 1
503 503 1
503 504 1
503 505 1
503 506 1
503 507 1
503 508 1
503 509 1
503 510 1
504 491 1
504 492 1
504 493 1
504 494 1
504 495 1
504 496 1
504 497 1
504 498 1
504 499 1
504 500 1
504 501 1
504 502 1
504 503 1
504 504 1
504 505 1
504 506 1
504 507 1
504 508 1
504 509 1
504 510 1
505 491 1
505 492 1
505 493 1
505 494 1
505 495 1
505 496 1
505 497 1
505 498 1
505 499 1
505 500 1
505 501 1
505 502 1
505 503 1
505 504 1
505 505 1
505 506 1
505 507 1
505 508 1
505 509 1
505 510 1
506 491 1
506 492 1
506 493 1
506 494 1
506 495 1
506 496 1
506 497 1
506 498 1
506 499 1
506 500 1
506 501 1
506 502 1
506 503 1
506 504 1
506 505 1
506 506 1
506 507 1
506 508 1
506 509 1
506 510 1
507 491 1
507 492 1
507 493 1
507 494 1
507 495 1
507 496 1
507 497 1
507 498 1
507 499 1
507 500 1
507 501 1
507 502 1
507 503 1
507 504 1
507 505 1
507 506 1
507 507 1
507 508 1
507 509 1
507 510 1
508 491 1
508 492 1
508 493 1
508 494 1
508 495 1
508 496 1
508 497 1
508 498 1
508 499 1
508 500 1
508 501 1
508 502 1
508 503 1
508 504 1
508 505 1
508 506 1
508 507 1
508 508 1
508 509 1
508 510 1
509 491 1
509 492 1
509 493 1
509 494 1
509 495 1
509 496 1
509 497 1
509 498 1
509 499 1
509 500 1
509 501 1
509 502 1
509 503 1
509 504 1
509 505 1
509 506 1
509 507 1
509 508 1
509 509 1
509 510 1
510 491 1
510 492 1
510 493 1
510 494 1
510 495 1
510 496 1
510 497 1
510 498 1
510 499 1
510 500 1
510 501 1
510 502 1
510 503 1
510 504 1
510 505 1
510 506 1
510 507 1
510 508 1
510 509 1
510 510 1
