244
237
217
210
206
202
178
177
161
145
138
122
102
89
79
61
40
26
31
20
18
13
17
14
13
15
20
25
12
10
9
7
9
10
7
6
7
6
6
7
9
9
6
8
8
7
13
8
9
9
8
8
7
9
10
12
8
7
6
6
14
11
11
10
10
9
7
7
8
9
11
13
8
5
4
7
4
8
7
7
5
7
5
4
5
6
4
5
5
5
6
5
5
5
5
8
7
4
4
5
4
4
5
7
5
5
4
5
6
4
5
5
6
4
5
4
4
4
5
4
7
4
4
5
4
4
5
4
4
5
5
5
4
4
5
4
4
5
4
4
4
6
7
4
4
6
4
5
4
6
5
4
5
4
4
5
4
4
4
6
5
4
5
5
4
5
5
6
8
5
5
5
4
6
4
4
4
5
4
5
4
5
4
4
4
4
5
6
4
5
4
4
4
4
4
8
4
4
5
5
4
4
4
4
7
5
4
4
6
6
6
5
4
4
4
4
3
2
2
2
2
2
2
2
2
3
2
2
2
2
2
2
2
2
4
2
3
2
2
2
2
2
2
2
2
3
3
3
2
3
2
3
2
2
2
2
3
2
2
2
2
2
2
2
2
2
2
3
3
2
2
2
2
3
4
2
2
2
4
2
2
2
3
2
2
2
2
2
2
3
3
2
2
2
2
2
2
3
3
2
2
2
2
2
3
2
2
2
2
2
2
2
2
2
2
2
2
2
2
3
2
2
2
2
2
2
2
2
2
3
2
2
2
2
2
2
2
2
2
3
2
2
2
2
2
2
2
2
2
2
2
2
2
2
3
3
2
2
2
2
2
2
2
2
2
2
3
2
2
2
2
2
2
2
2
2
2
2
2
3
2
2
2
2
2
3
2
2
2
2
3
2
2
3
2
2
2
2
2
2
2
2
3
2
2
2
2
2
2
2
2
2
3
2
2
2
3
2
2
2
2
2
2
2
2
2
2
2
2
3
2
2
2
2
2
2
2
2
2
2
2
3
2
2
3
2
2
2
2
2
2
2
3
2
2
2
2
6
3
2
2
2
2
2
2
2
2
2
2
2
2
2
2
3
2
3
2
3
3
2
2
2
4
2
2
2
2
2
2
2
2
2
2
2
3
2
2
2
2
2
2
2
2
2
2
2
2
3
2
2
2
2
2
2
2
2
2
2
2
2
2
2
2
2
2
2
2
2
2
3
2
2
2
2
2
3
2
2
2
2
2
2
2
2
3
2
3
2
2
4
3
3
2
3
2
2
2
2
2
2
2
2
2
2
2
2
2
2
2
2
3
2
2
2
2
4
2
2
2
4
2
2
2
2
2
2
2
3
2
2
2
2
2
3
2
2
2
2
2
2
2
2
3
2
3
2
2
2
2
2
2
2
2
2
3
2
3
2
2
2
2
2
3
2
2
2
2
2
2
2
2
2
2
2
2
2
2
2
2
2
2
3
2
2
2
2
2
2
2
2
2
2
2
3
2
2
2
2
2
2
2
2
2
2
2
2
2
2
2
2
2
2
2
2
2
2
2
2
2
2
2
2
2
2
2
2
2
3
2
2
2
2
2
2
2
2
2
2
2
2
3
2
3
2
2
2
2
2
2
2
2
2
2
2
2
2
2
2
2
2
2
2
2
2
2
2
2
2
2
2
2
2
2
2
2
2
3
2
2
2
2
2
2
2
2
2
2
2
3
2
2
2
2
2
2
2
2
2
2
2
2
2
2
2
2
2
3
2
2
2
2
2
2
2
2
2
2
2
2
2
2
2
2
2
2
2
2
2
2
2
2
2
2
3
2
2
2
2
2
4
2
2
2
2
2
5
2
2
2
2
2
2
2
2
3
2
2
2
2
2
2
2
3
2
2
2
4
2
3
2
2
2
2
2
2
2
2
2
2
2
2
2
2
2
2
2
2
2
2
2
2
2
2
2
2
2
2
2
2
2
2
2
2
2
2
2
2
2
2
2
2
2
2
2
2
2
2
2
2
2
2
2
2
2
2
2
2
2
2
2
2
2
2
2
2
2
2
2
2
2
2
2
2
2
2
2
2
2
2
2
2
2
2
2
2
2
2
2
2
2
2
4
2
2
2
3
2
2
2
2
2
2
2
2
2
2
2
2
2
2
2
2
2
2
2
2
2
2
2
2
2
2
2
2
2
2
2
2
2
2
2
2
2
2
2
2
2
2
2
2
2
2
2
2
2
2
2
2
2
2
2
2
2
3
3
2
3
2
2
2
3
2
2
2
2
2
3
2
2
2
