0.319454829189939 0.81404104640068
0.333838404913473 0.180836288949377
0.346706765896588 0.00512266464994415
0.341615182234535 0.856702110956194
0.33271593709077 0.13638298026403
0.325668880674695 0.00691490877977627
0.319769924106778 0.723473727374081
0.356051944780194 0.273511606871921
0.324178131113028 0.00301466575399802
0.33341679501314 0.724830846720812
0.343089648418761 0.271722179899167
0.323493556568098 0.00344697338002186
0.329920343024142 0.782679803848159
0.328035902411909 0.212733352288837
0.342043754563949 0.00458684386300293
0.326723400118685 0.760861086533589
0.345303010445259 0.235330118272761
0.327973589436057 0.00380879519365021
0.325191946365409 0.702737766759617
0.33255985039488 0.294376447465927
0.342248203239712 0.002885785774456
0.329913933358137 0.736661513904593
0.331048322731867 0.259895488787599
0.339037743909997 0.00344299730780764
0.32886943278049 0.647042708573389
0.324163618055356 0.350784216408084
0.346966949164154 0.00217307501852586
0.330488075675445 0.710491035359162
0.34238108702879 0.286337202153844
0.327130837295765 0.00317176248699414
0.347834543206908 0.716527240056695
0.310903009945227 0.280302518820511
0.341262446847866 0.00317024112279266
0.327340017435842 0.6898754267031
0.350755413120057 0.307477699681825
0.321904569444101 0.00264687361507579
0.346439749757534 0.720911993869525
0.332009220957882 0.275897391159526
0.321551029284584 0.00319061497094776
0.333758797527742 0.697710476973971
0.340978802982996 0.299462661541242
0.325262399489262 0.00282686148478643
0.340030753250536 0.815747680033717
0.33153977452032 0.178796676919009
0.328429472229145 0.00545564304727532
0.327009319617314 0.730228646509776
0.349116018839175 0.266396782733236
0.323874661543511 0.00337457075698825
0.322340825904872 0.763298745832971
0.34537539578089 0.232898631963657
0.332283778314239 0.00380262220337318
0.340008822764178 0.62631992693371
0.343429507008916 0.37159661607024
0.316561670226906 0.00208345699604954
0.342806143020179 0.738854112560319
0.333037380199619 0.257643677711149
0.324156476780201 0.00350220972853239
0.331833787948191 0.689022184673913
0.329955358218281 0.30813035113049
0.338210853833528 0.00284746419559714
0.337496629792997 0.792421914700247
0.321091921843891 0.203041296813933
0.341411448363112 0.00453678848581947
0.333798295322368 0.756687911364376
0.333113403217858 0.239416062202457
0.333088301459774 0.00389602643316475
0.329484446916327 0.779341677621247
0.341684012730989 0.21626338382125
0.328831540352684 0.00439493855750279
0.331591885446447 0.787852817413195
0.330623322447723 0.20745391562174
0.33778479210583 0.00469326696506421
0.332375471221229 0.785121746290218
0.331265065905798 0.210469681378432
0.336359462872973 0.00440857233134935
0.323823650238625 0.744783870895282
0.347689179752158 0.251582370508223
0.328487170009217 0.00363375859649422
0.324101060695831 0.632209697953353
0.33710468373392 0.365663306925447
0.338794255570249 0.00212699512119974
0.328456434851111 0.802944854802009
0.336870079654091 0.192250995016204
0.334673485494799 0.00480415018178741
0.342975759221123 0.777152276337735
0.328083241347772 0.21881637548973
0.328940999431105 0.0040313481725357
0.320182003967839 0.78238799234175
0.352477271879525 0.213394533986618
0.327340724152636 0.00421747367163174
0.345582317375145 0.834554751828708
0.31946446966418 0.159886890298382
0.334953212960674 0.00555835787291054
0.329569228632339 0.674337186028684
0.334553898473665 0.323221381469334
0.335876872893995 0.00244143250198101
0.341132018209542 0.752043516266286
0.325000290503248 0.244210818311096
0.333867691287209 0.00374566542261851
0.345140555745695 0.794982006120556
0.328070042880635 0.200540063932889
0.326789401373671 0.00447792994655471
0.319978126742277 0.749981144407962
0.347539673298238 0.246143016588448
0.332482199959484 0.00387583900359035
0.315086782731443 0.805595011233845
0.330925119174569 0.189195638154837
0.353988098093988 0.00520935061131804
0.337790255956807 0.730210335472245
0.326434328109941 0.266390581081474
0.335775415933252 0.00339908344628101
0.322026176005847 0.863934486525217
0.334925951020943 0.128109943434221
0.34304787297321 0.00795557004056169
0.340671310691715 0.705804904795697
0.339159278070433 0.291432499744934
0.320169411237852 0.00276259545936989
0.337997537708494 0.805811032112733
0.336386874400778 0.188949996327599
0.325615587890727 0.00523897155966697
0.32031925385291 0.826561582614562
0.350186654335992 0.167933370669381
0.329494091811099 0.00550504671605651
0.329147014264945 0.674966986830758
0.350692414637414 0.322373621981859
0.320160571097642 0.00265939118738197
0.332563270336797 0.864014989465775
0.34159534530156 0.128288701771907
0.325841384361642 0.00769630876231665
0.328782212367098 0.680783318175833
0.330938790418638 0.316399156859446
0.340278997214265 0.00281752496472068
0.334488201150635 0.763294332959974
0.328849097493868 0.232541909462962
0.336662701355497 0.00416375757706448
0.331165070025534 0.656262049668849
0.328844501097846 0.341261253681037
0.339990428876619 0.00247669665011382
0.34254239594391 0.708397455407815
0.315473804024516 0.288403756120625
0.341983800031575 0.00319878847155932
0.342746932927693 0.667089318413504
0.326677772190266 0.330473865458476
0.330575294882041 0.00243681612802
0.332001771408007 0.788219230487368
0.33906492534575 0.207243106642538
0.328933303246242 0.00453766287009464
0.326485202073762 0.709565586431485
0.33921792028035 0.287251016262822
0.334296877645888 0.00318339730569331
0.339130481012397 0.744682530811492
0.324333393476467 0.251548922014855
0.336536125511136 0.00376854717365374
0.335754299067325 0.690976955107034
0.329328063535703 0.306248159657057
0.334917637396973 0.00277488523591012
0.336641885410716 0.699659197148249
0.340168166110135 0.29752503755697
0.323189948479149 0.00281576529478181
0.32074344180137 0.744787123191217
0.347527068520035 0.251670820724633
0.331729489678596 0.00354205608414847
0.318681832263695 0.658063651431741
0.339108062067946 0.33954739785005
0.342210105668359 0.00238895071820884
0.328677526526577 0.861358087234083
0.347958545696409 0.131241733381425
0.323363927777014 0.00740017938449218
0.330748866735874 0.651214138135872
0.32827188561366 0.346491625026373
0.340979247650466 0.00229423683775546
0.339249166543421 0.749812499988813
0.334170465238616 0.246473120024086
0.326580368217964 0.00371437998710011
0.333295848289366 0.638850930705423
0.314228415735922 0.358965341312013
0.352475735974712 0.00218372798256336
0.335476792605222 0.806829666154713
0.324442607261132 0.188010339007428
0.340080600133646 0.00515999483785899
0.32730728642243 0.6117365172622
0.334017923567111 0.386316287992704
0.338674790010458 0.0019471947450959
0.328029635908822 0.607208248042968
0.330998392065217 0.391004113769645
0.34097197202596 0.00178763818738675
0.326864924974661 0.681208817752756
0.330762626768777 0.316141149590835
0.342372448256563 0.0026500326564088
0.319180122288437 0.673626208902066
0.343524600411641 0.323856372946293
0.337295277299922 0.00251741815164132
0.353767352207762 0.78919743803485
0.326671178375347 0.206145719156192
0.319561469416891 0.00465684280895757
0.329725431822895 0.830105967649315
0.352584272880688 0.164120766299784
0.317690295296417 0.00577326605090164
0.342090038308354 0.729777545088754
0.330119632086682 0.266846788726671
0.327790329604964 0.00337566618457526
0.32252436972502 0.690927374698507
0.336053543158595 0.306163417382536
0.341422087116385 0.00290920791895826
0.337878453075566 0.580847607155256
0.332611468170504 0.417397314247468
0.32951007875393 0.00175507859727615
0.330182834735395 0.719569408510326
0.332446219511923 0.277180411640516
0.337370945752682 0.00325017984915826
0.335869049644472 0.742301268488319
0.332256541126183 0.254200451161252
0.331874409229346 0.00349828035042759
0.338434527831723 0.756047386684694
0.332811072557309 0.240019793144756
0.328754399610968 0.0039328201705492
0.324948405428178 0.739520504274214
0.341596058035311 0.257065013258399
0.333455536536511 0.0034144824673877
0.331304410804862 0.796600808021343
0.330518245833909 0.198370869545193
0.338177343361229 0.00502832243346223
0.332022861227807 0.814063876459475
0.337816872718525 0.180475345908378
0.330160266053668 0.00546077763214634
0.354770756974688 0.800518151530273
0.319705989065273 0.194248849827109
0.325523253960039 0.00523299864261857
0.332596759944821 0.729084731009837
0.329122720049693 0.267620453923023
0.338280520005486 0.00329481506714015
0.346124703671381 0.646601060861031
0.326242906561561 0.351064442983386
0.327632389767057 0.00233449615558365
0.330215690972695 0.759882878562048
0.34091595056158 0.236242626266285
0.328868358465726 0.00387449517166668
0.334853711789926 0.786527066356557
0.339087521100988 0.208794353750514
0.326058767109087 0.00467857989292882
0.349704528131622 0.700536977349226
0.324044680695481 0.296580108502889
0.326250791172898 0.00288291414788409
0.325383349400765 0.780840080116554
0.340041860247229 0.214781727874166
0.334574790352005 0.00437819200927952
0.331723422939476 0.838487908179701
0.338345981214866 0.155475487500195
0.329930595845657 0.00603660432010384
0.348462730404213 0.78355468421404
0.32200007327429 0.212122471127307
0.329537196321496 0.00432284465865369
0.334256980393753 0.785847021122715
0.331638003778106 0.209683150354623
0.334105015828141 0.00446982852266251
0.340678275162871 0.816243263851845
0.329322802011522 0.178396503696333
0.329998922825607 0.00536023245182025
0.34711430885514 0.589840844589214
0.332516258248364 0.408369763744376
0.320369432896496 0.00178939166640926
0.333222923709098 0.8120187622606
0.327898886180122 0.182862112586558
0.33887819011078 0.00511912515284184
0.326736737940488 0.844926309116499
0.336804862495473 0.148387268186133
0.336458399564038 0.00668642269736682
0.331210600614895 0.615285769771092
0.333150348777129 0.382676363162433
0.335639050607976 0.00203786706647408
0.339521364381044 0.788996679067663
0.320845088793264 0.206405708774016
0.339633546825693 0.00459761215832066
0.330028411123084 0.771603121559358
0.336506019225849 0.224373742058215
0.333465569651066 0.00402313638242767
0.333022620799278 0.812781177683331
0.33115316636834 0.181980794235953
0.335824212832382 0.00523802808071531
0.323598767396337 0.771707803892907
0.329433546948593 0.224134886428966
0.346967685655069 0.00415730967812698
0.321745537557272 0.722389597998452
0.342999502690405 0.27441867250866
0.335254959752323 0.00319172949288819
0.332775223571729 0.719610931313189
0.337739201936711 0.277125554534174
0.329485574491561 0.00326351415263769
0.32886282322423 0.637621805437919
0.330019057391651 0.360254647430862
0.341118119384119 0.00212354713122022
0.336042558868562 0.744519008012452
0.331341737203613 0.251888556297614
0.332615703927825 0.00359243568993362
0.343541498209004 0.734989267292947
0.33052216168795 0.26151357766622
0.325936340103046 0.00349715504083196
0.335379129309926 0.727741265882422
0.323966820905111 0.269042780938208
0.340654049784963 0.00321595317937001
0.345067373658484 0.798743620704858
0.333183746148345 0.196337323538819
0.321748880193171 0.00491905575632221
0.325932212241607 0.69304921898825
0.347016035280634 0.304117267872717
0.327051752477759 0.00283351313903354
0.334429944045043 0.718715774779198
0.338305777782644 0.278185604012866
0.327264278172313 0.00309862120793515
0.340147809276011 0.779944239184386
0.33687447890477 0.215575820250563
0.322977711819219 0.00447994056505051
0.341124423368583 0.721313926562219
0.32725034426483 0.275590901567828
0.331625232366587 0.00309517186995311
0.326432839324676 0.705126064542525
0.343228486326175 0.292043781727934
0.330338674349148 0.00283015372954005
0.338979944359941 0.88827636734373
0.339046642148122 0.102438128922779
0.321973413491937 0.00928550373348983
0.341401042030703 0.782719044954452
0.335656118848172 0.21260856234095
0.322942839121125 0.00467239270459816
0.316127965235442 0.791793967046771
0.338117009477285 0.203465197362773
0.345755025287273 0.0047408355904557
0.345352495311189 0.859900118713601
0.319831059800206 0.132353299224256
0.334816444888605 0.00774658206214393
0.338372637829056 0.762244771393638
0.322774492773248 0.233859347563487
0.338852869397696 0.00389588104287497
0.330251632202472 0.756451632884993
0.333601177702656 0.239739781054014
0.336147190094873 0.00380858606099266
0.336278287990852 0.68715220647422
0.329327622976035 0.310063141361068
0.334394089033112 0.00278465216471313
0.351525543236993 0.753859086217227
0.320229382860855 0.242235363310497
0.328245073902151 0.003905550472275
0.355833155055856 0.762278044827494
0.321044327426926 0.23386703086441
0.323122517517218 0.00385492430809567
0.333066549531455 0.742699732546112
0.339008275623659 0.253485372695151
0.327925174844887 0.00381489475873666
0.331588190894809 0.763959912146106
0.337097910185327 0.232178132080971
0.331313898919865 0.00386195577292335
0.3360350152973 0.824137750084493
0.335398131281916 0.170213185367212
0.328566853420784 0.00564906454829561
0.344393410223011 0.670440268849899
0.325886195825699 0.326969365689956
0.329720393951291 0.00259036546014505
0.33988595074451 0.736059949326026
0.339393899915044 0.260706564083566
0.320720149340446 0.00323348659040817
0.328144829814166 0.654864732105343
0.328781725424885 0.342829008937452
0.343073444760949 0.00230625895720501
0.322110438197208 0.808626619447798
0.340466352356713 0.186048479641793
0.337423209446079 0.00532490091040788
0.333557253112235 0.857036505913705
0.340607994547418 0.135485433730743
0.325834752340348 0.00747806035555197
0.327372608300717 0.812014813528863
0.341163922868316 0.182362310534982
0.331463468830968 0.00562287593615472
0.332729526210151 0.730336569142787
0.320126098953204 0.266314455436677
0.347144374836645 0.00334897542053603
0.344703927404717 0.668387605380718
0.322209248017723 0.329054529558308
0.33308682457756 0.00255786506097333
0.344674755624856 0.747059548810966
0.325370215373678 0.249199089943236
0.329955029001466 0.00374136124579732
0.335531310521876 0.678860362540071
0.336918315965534 0.318605354030658
0.327550373512591 0.00253428342927071
0.315784719874749 0.676312819629446
0.347560329493785 0.320981061634703
0.336654950631465 0.00270611873585151
0.316406283036286 0.731677511446097
0.33097359175678 0.264755436191782
0.352620125206934 0.00356705236212106
0.35294370678684 0.671403153375527
0.3226098011387 0.326071116709651
0.324446492074459 0.00252572991482053
0.331608534372349 0.703613044373321
0.321856165733827 0.293422626946655
0.346535299893824 0.00296432868002417
0.338219303166716 0.75045952268452
0.346218027132117 0.245681962552801
0.315562669701168 0.00385851476267901
0.348698385160431 0.666029779362346
0.326121521572566 0.331338806307269
0.325180093267003 0.00263141433038555
0.329460190851918 0.780010010466532
0.347624672030289 0.215577741571793
0.322915137117793 0.0044122479616736
0.351494729891445 0.829550111928746
0.332712677321706 0.164632248221365
0.315792592786848 0.0058176398498884
0.334893201268796 0.695873779780763
0.322693565411061 0.301192769963165
0.342413233320144 0.00293345025607159
0.332903535079656 0.829752708372642
0.335782119746768 0.164509278658445
0.331314345173576 0.00573801296891214
0.332377485183809 0.78334821724971
0.340288998760043 0.212368915122503
0.327333516056149 0.00428286762778666
0.342364632371009 0.772289935188901
0.320616100412476 0.223425458828269
0.337019267216515 0.00428460598282914
0.348325102562367 0.771240550368545
0.329316485383613 0.224598801110044
0.32235841205402 0.0041606485214121
0.341929290782147 0.79654397498426
0.324608953510675 0.198585064912889
0.333461755707178 0.0048709601028505
0.330720339538141 0.741095197748697
0.334663640147473 0.255454786379637
0.334616020314385 0.0034500158716657
0.323694683443359 0.772515310267438
0.337339105973862 0.223397857066369
0.338966210582779 0.00408683266619324
0.340034283788348 0.792503071863206
0.328827570656009 0.20249707116797
0.331138145555643 0.00499985696882406
0.322113509010459 0.605521899460224
0.348445913173533 0.392689552707858
0.329440577816008 0.00178854783191729
0.341478025163603 0.771302042092891
0.326985590937467 0.224643467008188
0.331536383898931 0.00405449089892123
0.336033367747604 0.745991324681672
0.317363207311853 0.250357462260966
0.346603424940543 0.00365121305736265
0.331129436414448 0.674238645447818
0.332974437615152 0.323139639164475
0.335896125970401 0.00262171538770689
0.344403615639329 0.800719540063094
0.323533935460403 0.194283141290867
0.332062448900268 0.00499731864603941
0.316899949270909 0.741410989472747
0.348195669834378 0.255263000569393
0.334904380894712 0.00332600995785895
0.333274741321452 0.67926350838047
0.336801295624954 0.318196989133922
0.329923963053595 0.00253950248560921
0.323081351256004 0.739815861727173
0.341385538984701 0.25636435795494
0.335533109759295 0.00381978031788604
0.336514162560961 0.793563258054891
0.337786417773433 0.20139875640543
0.325699419665606 0.00503798553967937
0.330469922666841 0.768612480108273
0.329005774341641 0.227404386150171
0.340524302991518 0.00398313374155621
0.323235450184316 0.769743908148574
0.343924557114384 0.226087077238128
0.332839992701301 0.00416901461329828
0.332557152400639 0.820009881015179
0.349495622474037 0.174512362520198
0.317947225125324 0.00547775646462351
0.324303247309428 0.697118994312977
0.349621097451275 0.300050129788581
0.326075655239296 0.0028308758984421
0.33011772188049 0.791233832477636
0.319547451756839 0.204237325010278
0.35033482636267 0.00452884251208618
0.334680925507464 0.805767301779077
0.322939884586093 0.189114839968901
0.342379189906443 0.00511785825202211
0.32844456041872 0.643423824472152
0.340754144620418 0.35438944505921
0.330801294960861 0.00218673046863735
0.337787813222166 0.765771464176917
0.329710167873524 0.230032020554182
0.33250201890431 0.00419651526890127
0.339004261882532 0.62671260883346
0.329961111865524 0.37114631993851
0.331034626251944 0.00214107122803024
0.338279478118766 0.772079018190535
0.332655824629892 0.223462846614062
0.329064697251341 0.00445813519540346
0.325745392715137 0.687503882695095
0.332955252342102 0.309820953571111
0.34129935494276 0.00267516373379361
0.331410498321652 0.71791287655746
0.33222185179989 0.278784379984988
0.336367649878458 0.00330274345755321
0.339877969772627 0.66108045710452
0.330081960740331 0.336428053588842
0.330040069487043 0.00249148930663828
0.323445502142818 0.813961209092455
0.337869567653438 0.180661667320724
0.338684930203744 0.0053771235868207
0.328525122919485 0.685796969132577
0.326425948081387 0.311600476113954
0.345048928999127 0.00260255475346933
0.325544102954728 0.816750787575891
0.328166862587727 0.177552575583901
0.346289034457545 0.0056966368402071
0.336479262245816 0.818638631189615
0.337288086768666 0.175720293545241
0.326232650985517 0.00564107526514415
0.322311758324713 0.8562208283007
0.341121773937992 0.136931605810477
0.336566467737296 0.00684756588882276
0.337706368077872 0.83227230492875
0.327074106201332 0.16172167542122
0.335219525720795 0.00600601965002925
0.330882564704841 0.638905333124818
0.320722842427241 0.358955776431479
0.348394592867918 0.00213889044370363
0.314446954268159 0.699058008643367
0.339271995842794 0.298044861057228
0.346281049889047 0.00289713029940455
0.333425665429767 0.760409484276096
0.327056085134206 0.235546975712727
0.339518249436026 0.00404354001117568
0.328454446904679 0.753740420451925
0.32630470853016 0.242322896288915
0.34524084456516 0.00393668325916048
0.32505195819983 0.794153332915686
0.335435641961283 0.201023322226201
0.339512399838887 0.00482334485811238
0.353264583295058 0.691978525741031
0.323323335643317 0.305248722797384
0.323412081061626 0.00277275146158514
0.333332330278936 0.751796767392497
0.339375257967077 0.244495836957088
0.327292411753988 0.00370739565041543
0.330705041868241 0.855101793377186
0.322387645324446 0.137839082177208
0.346907312807314 0.00705912444560602
0.345750306773295 0.662194133094121
0.323178629678235 0.335244211120465
0.33107106354847 0.002561655785414
0.345671452517334 0.705071320188952
0.325240992153421 0.291913556187158
0.329087555329245 0.00301512362388973
0.341914018333907 0.744942569893347
0.334879967620981 0.251277899989127
0.323206014045113 0.00377953011752654
0.325547791795727 0.767732348555112
0.331618121739333 0.228206147134983
0.34283408646494 0.00406150430990531
0.334608496327187 0.727010237040994
0.339697256372851 0.269867000636602
0.325694247299963 0.00312276232240396
0.34466270280104 0.665111696607963
0.323974644668474 0.332415386669812
0.331362652530487 0.00247291672222506
0.332920898015713 0.663933906113395
0.336576595115043 0.333557289472876
0.330502506869244 0.0025088044137292
0.340736698337249 0.842600956566596
0.329560571248997 0.150485520546597
0.329702730413752 0.00691352288680606
0.330437778775649 0.683608469493538
0.328178369860632 0.313807468218158
0.341383851363719 0.002584062288304
0.316995553705369 0.643232088145458
0.340920918271851 0.354481873116335
0.34208352802278 0.00228603873820586
0.342415480794387 0.658267278887025
0.347390134631419 0.339238430540427
0.310194384574194 0.00249429057254893
0.344349569075858 0.657676404356557
0.317008093492789 0.339830732942824
0.338642337431354 0.00249286270061965
0.336356390263988 0.68812719895023
0.333820129828804 0.309311000568239
0.329823479907208 0.00256180048153101
0.333337163623845 0.806929856286363
0.337766407831232 0.188083954613574
0.328896428544923 0.00498618910006297
0.335548649475578 0.792715834927557
0.336193629263097 0.202718625726686
0.328257721261325 0.00456553934575506
0.331471145420142 0.824417718875921
0.335723550711874 0.169557783413701
0.332805303867983 0.00602449771037904
0.33573411251917 0.785612797169588
0.327153450224086 0.209766666787216
0.337112437256745 0.00462053604319644
0.336157835053244 0.669913496073013
0.328623883819332 0.327331080508278
0.335218281127424 0.00275542341870934
0.336780074467433 0.799436178185972
0.326365991199738 0.19548388152065
0.336853934332829 0.00507994029337851
-999 -999
-999 -999
-999 -999
-999 -999
-999 -999
-999 -999
