161
157
159
158
147
138
129
110
100
94
86
86
92
80
64
55
57
47
58
47
47
52
42
32
45
47
42
45
35
42
34
43
39
29
30
30
36
43
38
32
30
24
26
32
19
22
31
30
30
23
19
29
29
22
26
25
27
27
20
25
25
24
27
20
24
19
18
19
22
19
26
23
12
18
18
17
18
12
12
18
15
13
10
12
12
14
18
21
21
18
14
13
14
31
22
21
22
19
21
24
13
19
18
20
19
14
15
12
17
14
26
22
18
15
16
13
15
14
16
26
16
15
11
16
14
16
15
16
11
15
13
13
13
15
21
14
14
12
14
14
14
22
17
22
22
19
15
10
13
12
12
18
10
12
19
11
15
17
14
10
12
18
11
9
11
11
18
16
14
12
11
9
19
18
12
20
17
9
11
18
9
18
15
6
1
3
2
3
1
1
3
1
1
1
1
5
2
1
1
2
1
1
1
1
1
3
1
1
1
1
1
1
1
3
1
1
1
1
1
1
3
1
3
2
1
1
1
1
1
1
5
1
1
1
1
1
1
1
1
1
3
1
1
1
1
2
1
5
2
1
1
1
2
2
2
1
4
2
1
2
1
2
3
1
1
1
1
2
1
1
1
2
2
3
1
1
1
1
1
1
2
1
1
2
1
1
1
1
1
1
1
1
2
2
2
2
2
3
1
1
1
1
1
1
2
3
1
2
1
1
2
1
1
2
1
1
1
1
3
4
1
1
2
2
1
2
1
2
1
1
2
2
1
3
1
1
1
1
1
1
1
1
1
1
2
1
1
1
1
1
1
1
3
1
1
2
1
1
1
1
1
1
1
1
3
1
1
1
1
1
1
1
1
1
1
1
2
1
1
1
1
1
1
2
4
1
2
1
1
2
1
1
1
1
1
2
1
1
2
1
1
1
1
1
1
2
1
2
1
6
5
1
1
1
2
1
1
1
1
2
1
3
3
1
1
5
1
1
1
1
1
1
1
1
1
2
1
2
1
1
2
7
1
1
8
1
2
1
1
1
1
1
1
1
1
1
1
1
1
1
1
1
1
1
1
1
1
1
2
2
1
1
1
3
1
1
1
1
3
1
1
1
2
2
1
1
2
2
1
1
1
2
1
1
1
2
2
1
1
1
1
2
2
1
1
1
1
1
4
1
1
1
1
1
2
1
2
1
1
1
2
1
1
3
2
1
2
1
1
3
3
4
2
1
4
2
1
1
1
1
1
2
1
1
3
1
3
1
1
1
1
1
1
1
1
1
2
2
1
1
1
1
1
1
3
1
1
2
4
1
1
1
1
1
1
1
3
1
5
2
1
1
1
1
1
1
1
1
1
1
1
3
1
1
4
1
1
1
2
1
2
2
2
1
1
2
4
1
1
4
1
2
2
1
1
1
4
1
1
1
1
1
3
1
5
1
1
1
2
3
1
5
1
1
1
1
1
2
1
1
2
1
1
1
1
1
1
2
2
2
1
1
1
1
1
1
1
1
1
1
4
2
7
1
1
1
3
2
1
1
1
1
2
2
2
3
1
1
1
1
1
1
1
1
1
1
1
2
1
2
1
1
1
1
1
1
1
1
1
4
1
1
1
2
1
1
1
1
1
1
1
1
1
1
1
3
1
1
1
1
1
7
1
2
1
1
1
1
1
3
1
2
1
2
1
1
1
1
1
1
1
4
1
1
1
2
2
1
1
2
2
1
1
1
1
1
1
1
1
1
2
1
1
1
2
1
1
3
1
2
1
2
1
1
1
2
1
3
1
5
2
2
2
1
1
1
1
1
1
1
1
1
1
1
1
1
3
1
1
1
1
1
1
1
1
1
1
1
1
2
1
3
1
1
1
1
1
3
1
1
1
1
1
1
1
1
1
1
1
1
2
1
1
3
1
1
1
1
1
1
2
1
2
1
1
3
1
1
1
1
1
1
1
2
1
1
1
1
1
1
3
1
2
1
3
1
1
2
3
1
1
1
1
2
1
2
1
1
2
1
2
3
1
2
1
1
1
1
2
1
1
2
1
3
1
1
1
1
1
1
1
1
1
1
1
2
1
1
1
2
1
1
1
1
3
3
1
3
1
1
4
1
1
3
1
1
1
1
1
4
3
2
1
1
1
1
1
1
1
1
1
1
2
1
2
1
1
1
1
1
5
1
1
1
2
1
1
1
3
1
1
1
1
3
1
2
1
2
3
1
2
3
1
1
1
2
1
2
1
3
1
1
1
4
5
1
2
1
2
1
1
1
1
1
1
1
1
1
1
1
