0.428228325226711 0.356943077652126
0.480232811636505 0.629662645686953
0.0915388631367831 0.0133942766609207
0.562526976371915 0.575626769211046
0.371709840374933 0.418467105778793
0.0657631832531502 0.00590612501015937
0.303083538029892 0.296319140908645
0.634501297057532 0.69628830595131
0.0624151649125766 0.00739255314004388
0.310200976733238 0.435320388576033
0.651077346042089 0.554626171272193
0.038721677224673 0.0100534401517753
0.518545250742483 0.502621172373524
0.4273016594945 0.486270974622037
0.0541530897630208 0.0111078530044395
0.382303076545118 0.458830553927282
0.580511194712296 0.53398846318782
0.0371857287425859 0.00718098288489652
0.626593430289884 0.624628400278926
0.2915954435707 0.366042161503855
0.0818111261394155 0.00932943821721917
0.615508687963798 0.600398451917397
0.351367571577952 0.393077005958707
0.0331237404582466 0.0065245421238967
0.630493509161108 0.578622244159196
0.330251513309001 0.413323279793511
0.039254977529891 0.0080544760472913
0.584360627189981 0.569132569523588
0.327999966797329 0.420475812739741
0.08763940601269 0.0103916177366725
0.272152477629576 0.329414635090546
0.681253621584417 0.646105717415731
0.046593900786008 0.0244796474937233
0.296994618325194 0.336145563022156
0.660292977554601 0.657559041084864
0.0427124041202033 0.00629539589298125
0.479714575044391 0.655388970422918
0.320939556717342 0.337876586839378
0.199345868238266 0.00673444273770308
0.436558607570026 0.440872523071162
0.520434416162498 0.553825527574268
0.0430069762674775 0.0053019493545708
0.320858055570312 0.401240250684288
0.630956330840748 0.580133501160049
0.0481856135889402 0.0186262481556635
0.47013932176212 0.493014217573433
0.467281360638623 0.492436005589804
0.0625793175992573 0.0145497768367631
0.543318514101589 0.565366229624531
0.378586473229911 0.428549560582257
0.078095012668499 0.00608420979321423
0.593308064758766 0.631718817502007
0.363164337637916 0.361253756897265
0.0435275976033176 0.0070274256007282
0.517531385677297 0.44408414084189
0.441521281131644 0.544454034170114
0.04094733319106 0.0114618249879945
0.577438312486016 0.613874720493984
0.325989935502948 0.379669938662847
0.0965717520110349 0.00645534084316944
0.588328110806617 0.54596842112294
0.342845320671904 0.445636240876758
0.0688265685214794 0.00839533800030223
0.455027057883743 0.463084338291166
0.504521551215443 0.525803061257375
0.0404513909008128 0.0111126004514574
0.525314796325041 0.632963024001492
0.40698805047491 0.35203325003419
0.0676971532000481 0.0150037259643171
0.577355317851722 0.444433268813884
0.364431660435274 0.547775636099609
0.0582130217130038 0.00779109508650547
0.228307898153733 0.310367967671017
0.711226293006109 0.680267429076749
0.0604658088401597 0.00936460325223481
0.427548578314629 0.452511114015401
0.536355052823168 0.524855651028169
0.0360963688622016 0.0226332349564311
0.424376360696941 0.435102003419399
0.500474708133184 0.554935827574977
0.0751489311698753 0.00996216900562226
0.32799237621712 0.408554887604554
0.589059343130935 0.581423408239466
0.0829482806519453 0.0100217041559811
0.453108346587823 0.487139698502801
0.458336236245161 0.50263248086372
0.0885554171670171 0.0102278206334786
0.210151858641122 0.340188705674961
0.692521246337478 0.641466447513268
0.0973268950214006 0.0183448468117716
0.408136649235796 0.380249058240545
0.511737750892446 0.597043420680897
0.0801255998717583 0.0227075210785598
0.56886490450257 0.562448685441272
0.354173048150103 0.431831628774568
0.0769620473473285 0.00571968578416169
0.416081510448184 0.358062844046543
0.471474474424451 0.627328094360423
0.112444015127367 0.0146090615930359
0.349392104462244 0.499832428642511
0.559232956978496 0.486535008013384
0.0913749385592587 0.0136325633441028
0.514594158664319 0.551421896138148
0.401384935405877 0.436882727531366
0.0840209059298057 0.0116953763304876
0.446706589531827 0.446664510112361
0.494311433023913 0.542128609869377
0.0589819774442589 0.0112068800182604
0.436084978628001 0.471225133507602
0.511981135215931 0.516431607873362
0.0519338861560701 0.012343258619038
0.439285689369738 0.57154357068955
0.514020146731683 0.418523871838232
0.046694163898579 0.00993255747221849
0.458225637611771 0.445282501709316
0.47176730803528 0.545658631470441
0.0700070543529476 0.00905886682024471
0.483526914505287 0.4448459206459
0.475190356247686 0.546240438102383
0.0412827292470265 0.00891364125171643
0.472703941249452 0.45019302805866
0.482614200459117 0.542538345521314
0.0446818582914292 0.00726862642002593
0.269439581385232 0.37360455478186
0.577766068315565 0.617192785701645
0.152794350299202 0.0092026595164934
0.649330936931529 0.684104828320254
0.308537860721264 0.297346554756901
0.0421312023472048 0.0185486169228465
0.285966585681022 0.40839373317496
0.574491588613649 0.586473893795387
0.139541825705328 0.00513237302965275
0.336439588702081 0.512475149793718
0.580225512678208 0.481637859175305
0.0833348986197133 0.00588699103097434
0.442051127877354 0.524072076398926
0.513251002323513 0.468961766342354
0.0446978697991324 0.00696615725871853
0.4954270806475 0.595700451597145
0.466195245427404 0.390191469445855
0.0383776739250953 0.0141080789570004
0.51823267441232 0.610004011518506
0.435584706518213 0.376348457884539
0.0461826190694674 0.0136475305969563
0.458673798543962 0.572913672815177
0.491350702331605 0.411319617932971
0.0499754991244311 0.0157667092518505
0.462062968590007 0.409561458406639
0.49087129169663 0.579064249409653
0.0470657397133637 0.0113742921837087
0.493361349480354 0.49171528960565
0.424764627231699 0.498936723482166
0.0818740232879461 0.00934798691218507
0.500486999330377 0.520369910646377
0.452256458763697 0.465388497443474
0.0472565419059262 0.0142415919101487
0.586876562607179 0.589218010257693
0.338632486133326 0.39704166676205
0.0744909512594943 0.0137403229802554
0.625586778660303 0.608955527827214
0.214377857033366 0.382361789035498
0.16003536430633 0.00868268313728853
0.526879820547688 0.505255758151498
0.423171056045847 0.485625917902004
0.049949123406465 0.00911832394649671
0.673764509403814 0.62770163126527
0.199036098433692 0.360245815860727
0.127199392162495 0.0120525528740015
0.423525818802188 0.441347023062202
0.540502461322405 0.541320700275744
0.035971719875408 0.0173322766620547
0.253621184536736 0.395010250910105
0.675164067210745 0.59763444079994
0.0712147482525191 0.00735530828995606
0.311490095683211 0.369536740372054
0.635899247001419 0.619586503703862
0.0526106573153709 0.010876755924084
0.499927520769903 0.527026420797359
0.389299884638515 0.456567680011228
0.110772594591583 0.0164058991914133
0.343081595808025 0.376699329314407
0.574938341106224 0.618307031821749
0.0819800630857529 0.00499363886384416
0.473917506525089 0.466582416441369
0.494405931960199 0.520121271855099
0.0316765615147118 0.013296311703534
0.489434781448052 0.389790238253793
0.460367684678139 0.586320935515576
0.0501975338738087 0.0238888262306323
0.352947946546335 0.34464972175402
0.585592210553957 0.639888683734956
0.061459842899708 0.0154615945110232
0.344420228882528 0.580475519071769
0.563454250461613 0.409633955272417
0.0921255206558604 0.00989052565581484
0.492365460494553 0.549372010302692
0.458456348091986 0.446401941571508
0.0491781914134609 0.0042260481257994
0.606309555027657 0.572536141853355
0.349629832480944 0.417312492832858
0.0440606124913985 0.0101513653137864
0.589494834405986 0.562572763907398
0.331415651930601 0.42830256064829
0.0790895136634106 0.00912467544431137
0.238684988821142 0.353684769187705
0.714651056702214 0.636751480240755
0.0466639544766428 0.00956375057154089
0.555667242906836 0.523430559028557
0.37572258817895 0.463088774167117
0.0686101689142146 0.0134806668043242
0.399791590409178 0.441546005988347
0.567292520698088 0.549910982381353
0.032915888892733 0.0085430116303012
0.432647960016889 0.494936858901362
0.480169380692858 0.498656611262836
0.0871826592902533 0.00640652983580152
0.396362519050601 0.462615168016342
0.533051256424283 0.521574699656493
0.0705862245251151 0.0158101323271643
0.498803128185976 0.561139285192664
0.4554247056626 0.428150761506158
0.0457721661514233 0.0107099533011779
0.228308594048528 0.284420273368153
0.647070034499247 0.703811007444244
0.124621371452224 0.0117687191876032
0.455813274840157 0.482468783320137
0.492149173611828 0.501302193452156
0.0520375515480137 0.0162290232277071
0.301850824028806 0.358683731272084
0.640164450539642 0.62072454456087
0.0579847254315507 0.0205917241670467
0.55373115487342 0.51974889906518
0.320283795135438 0.462711895250448
0.125985049991141 0.0175392056843715
0.373459625724118 0.44955800765923
0.556422537622534 0.533661150750655
0.070117836653349 0.0167808415901142
0.548098249478863 0.730495727789864
0.276259930969742 0.257639607572056
0.175641819551394 0.0118646646380804
0.441243275720608 0.469085547394115
0.501995681364223 0.524274878597576
0.0567610429151696 0.00663957400830902
0.497820385276476 0.593212720369491
0.381661801172927 0.397207068408272
0.120517813550597 0.00958021122223629
0.396585966174761 0.513585611559555
0.538341656866301 0.478962159804065
0.0650723769589379 0.00745222863638099
0.363208305294042 0.356738743550836
0.59946913477767 0.632045811222285
0.0373225599282902 0.0112154452268774
0.398924352053897 0.344278136087047
0.489947260031529 0.644904030611126
0.111128387914575 0.0108178333018254
0.39387173065423 0.490973461678514
0.568094157450229 0.500431363898754
0.0380341118955422 0.00859517442273251
0.48222899294406 0.416141061465623
0.482030129925641 0.553220585093213
0.0357408771302981 0.0306383534411638
0.529182628409305 0.495646494620039
0.409695790030477 0.493866212539369
0.0611215815602192 0.0104872928405922
0.649368143011531 0.687869337801887
0.27533521277439 0.302402646052427
0.0752966442140797 0.00972801614568489
0.462003991443797 0.540334440042075
0.480376516611294 0.445900777049237
0.0576194919449088 0.013764782908687
0.514389381501956 0.419653420379068
0.437584477732702 0.557942051782508
0.0480261407653446 0.0224045278384224
0.422985351355888 0.455358834645863
0.508603809480249 0.533733907278702
0.0684108391638632 0.0109072580754381
0.457873220798988 0.637713460027939
0.456405647989915 0.346345878683413
0.0857211312110978 0.0159406612886465
0.414160599559144 0.482263809581908
0.535891653116063 0.505521865044287
0.049947747324792 0.0122143253738042
0.559175765325402 0.567844724995127
0.337260604282775 0.42042706343385
0.103563630391825 0.011728211571024
0.474590078590917 0.527357110271719
0.377561456423202 0.465568237820354
0.147848464985879 0.00707465190792673
0.536447196605348 0.588798508870644
0.397149817796468 0.403579464855353
0.0664029855981857 0.0076220262740037
0.290990954983472 0.436426412010569
0.661140147919733 0.553065917762215
0.0478688970967947 0.0105076702272175
0.424305991722817 0.478729211412791
0.497481409770054 0.506744009915223
0.0782125985071301 0.0145267786719856
0.460738444685606 0.40026950872267
0.485391652074708 0.585638773014195
0.053869903239688 0.0140917182631333
0.272993392137439 0.299246609496877
0.697694012609487 0.684437088719337
0.0293125952530727 0.0163163017837874
0.576345271820712 0.497850149306608
0.328336036429663 0.488737455651607
0.0953186917496248 0.0134123950417829
0.460864568992337 0.517364271663366
0.486470924176076 0.460534678030563
0.0526645068315864 0.0221010503060708
0.378990178584327 0.400122688613482
0.585103324522571 0.587500619244255
0.0359064968931025 0.012376692142262
0.41000527011036 0.455619595668123
0.526177160634547 0.52689464956071
0.0638175692550929 0.0174857547711677
0.370891653808598 0.344423966104697
0.555708006655114 0.635565566028552
0.0734003395362898 0.0200104678667505
0.38106909638968 0.410167299002246
0.46869430196842 0.576427500604976
0.150236601641901 0.0134052003927786
0.618732507714445 0.599643910873588
0.320729042375032 0.39032682463654
0.0605384499105233 0.0100292644898708
0.522286391855443 0.592550930232851
0.405922261220497 0.397170100565669
0.0717913469240585 0.0102789692014799
0.446777004074579 0.435116079177209
0.492066745549584 0.558740175399327
0.0611562503758376 0.00614374542346592
0.601569332037176 0.482949751247117
0.363139127139566 0.507203092237941
0.0352915408232586 0.00984715651494431
0.359249202442139 0.336057101141282
0.577734625172174 0.652629674071828
0.0630161723856849 0.0113132247868907
0.14017439761912 0.178669678638252
0.774956562804498 0.815719205505191
0.0848690395763811 0.00561111585655913
0.533202047301764 0.659542646797472
0.41753817108596 0.333052337053597
0.0492597816122766 0.00740501614893102
0.176144477964639 0.426673097073866
0.78190887482941 0.564383151493982
0.0419466472059513 0.00894375143215086
0.581569468942723 0.568847293361123
0.359989131102358 0.412224233006423
0.0584413999549196 0.0189284736324526
0.367664883489897 0.576074383255156
0.517957572031661 0.41793511221427
0.114377544478442 0.00599050453057342
0.503042306103987 0.459445568181459
0.452157799135058 0.527706118892077
0.0447998947609544 0.0128483129264615
0.47103607062753 0.52948040273488
0.461086150677407 0.459271987123973
0.0678777786950626 0.0112476101411469
0.639143044594906 0.624968668314889
0.294626072577733 0.354757419717292
0.0662308828273612 0.0202739119678196
0.369186214803333 0.25860525921701
0.577751516577539 0.729958941660742
0.053062268619128 0.0114357991222479
0.533972475627763 0.447304546773898
0.407208808720004 0.540496955360136
0.0588187156522335 0.0121984978659655
0.462264783204999 0.376489664301611
0.478303981485287 0.60239506512252
0.0594312353097108 0.021115270575868
0.590772017826407 0.668706807875395
0.367329574333965 0.31610103569922
0.0418984078396267 0.0151921564253855
0.703828931659604 0.669560348363371
0.237623210861148 0.322798295963878
0.0585478574792471 0.00764135567275012
0.415439249508888 0.525920390925079
0.485421282545708 0.462506399327012
0.0991394679454011 0.0115732097479081
0.371730497561628 0.502802362803984
0.516679809242079 0.491498334222354
0.111589693196292 0.00569930297366215
0.271419656587342 0.329217431694124
0.641583715660552 0.647110003188127
0.086996627752105 0.023672565117749
0.696499544911733 0.583620311155353
0.24460206591815 0.410005372006381
0.0588983891701194 0.00637431683826617
0.626521748911381 0.64284975261425
0.327801796090129 0.346241561316343
0.0456764549984908 0.010908686069406
0.395859539431716 0.470577092627848
0.457597606878695 0.524433846141742
0.146542853689588 0.00498906123040809
0.494510845723224 0.607374788989347
0.393767840670075 0.376217002424807
0.111721313606701 0.0164082085858463
0.446563534941563 0.577483578108848
0.528231015689326 0.412861704614409
0.025205449369113 0.0096547172767406
0.395821270882303 0.423747856847779
0.478560212080242 0.566021016383639
0.125618517037454 0.0102311267685812
0.511208935152183 0.450658470193416
0.441773407595125 0.539690367923904
0.0470176572526909 0.00965116188268078
0.26616277281005 0.492395694477058
0.631694195839601 0.497125415710965
0.102143031350349 0.0104788898119781
0.570260978478108 0.611064934949715
0.388399580802748 0.379950395318955
0.0413394407191442 0.00898466973133034
0.514575436525814 0.620591488788403
0.437857642897229 0.372055098932356
0.0475669205769564 0.00735341227924115
0.330152461654157 0.331804111696338
0.619118589121087 0.660059901338736
0.050728949224756 0.00813598696492505
0.512758586867784 0.382344973815416
0.446363824730224 0.602692341057845
0.0408775884019958 0.0149626851267385
0.346368225375114 0.262920511482874
0.550594865622744 0.728422219940557
0.103036909002141 0.00865726857656877
0.525301579039768 0.478858097542204
0.407847732909254 0.509743441854682
0.0668506880509793 0.0113984606031139
0.620053138350236 0.710320125234639
0.335280901590896 0.281662899620909
0.0446659600588683 0.00801697514445284
0.459142313970119 0.435058704313285
0.444272260976382 0.555257772040971
0.0965854250534981 0.00968352364574422
0.540727126848455 0.598692157172009
0.422910776465671 0.387659263549047
0.0363620966858743 0.0136485792789452
0.604194153768601 0.585728976067083
0.342231949984416 0.394301058054765
0.0535738962469833 0.0199699658781532
0.516698395210412 0.480062677639991
0.449805773731286 0.509346580830047
0.0334958310583024 0.0105907415299615
0.531860327819852 0.53825808813569
0.413669287246056 0.453987432253199
0.0544703849340933 0.00775447961111288
0.588558165672094 0.663322706498574
0.373514628674438 0.32954741918856
0.0379272056534678 0.00712987431286751
0.494376484751633 0.506596960843163
0.452771926018436 0.47708592972469
0.0528515892299322 0.0163171094321458
0.444850593943557 0.489368625662968
0.463104253677187 0.501435782196574
0.0920451523792541 0.00919559214046122
0.609393193689358 0.656674924133874
0.334186821419371 0.32784022081073
0.0564199848912735 0.0154848550553978
0.508002200303989 0.461281580915201
0.454849084192307 0.526570215706386
0.0371487155037055 0.0121482033784142
0.264410616630722 0.457124509179101
0.660497132255375 0.529836171288268
0.0750922511139043 0.01303931953263
0.436684696922188 0.465439674676765
0.493155169157283 0.522433690844145
0.0701601339205293 0.0121266344790912
0.527867225685984 0.612285980027666
0.412653017831102 0.377903530976008
0.0594797564829129 0.00981048899632543
0.618559647465597 0.566966055116956
0.290739029382195 0.424272765442937
0.0907013231522085 0.0087611794401076
0.555711811453846 0.597309824701841
0.320594073711985 0.395840298584792
0.123694114834168 0.00684987671336773
0.542838596711807 0.612749036339034
0.406441245575194 0.37443881102536
0.050720157712998 0.0128121526356071
0.638051136381197 0.640052016751303
0.306666782899677 0.323303801457788
0.0552820807191261 0.0366441817909112
0.454508240524134 0.43085445822833
0.497445399513683 0.553918952685853
0.0480463599621837 0.0152265890858183
0.5221464442126 0.607816610648646
0.428913559031673 0.378773552355755
0.0489399967557276 0.0134098369956
0.265785373916402 0.41134404849151
0.603929148122561 0.581141644468821
0.130285477961037 0.00751430703966922
0.462040370755531 0.414511094635788
0.481572491227814 0.573339896355929
0.056387138016655 0.0121490090082852
0.614256468444782 0.514378566859611
0.309069584949859 0.480337110040573
0.0766739466053576 0.00528432309981767
0.395870130104032 0.472738322138347
0.490578384481052 0.521367843939509
0.113551485414914 0.00589383392214453
0.461441937523174 0.430616050311549
0.427150580582037 0.555886118569609
0.11140748189479 0.0134978311188407
0.48209071078091 0.523083270436768
0.443969543546614 0.465856983970347
0.0739397456724761 0.0110597455928845
0.530841744470217 0.538110672012071
0.439958012293959 0.457039328304326
0.0292002432358252 0.00484999968360225
0.394951432549831 0.458563746719692
0.548906702553777 0.532218337550559
0.0561418648963909 0.00921791572974917
0.570468611879723 0.583791805372718
0.393852586275584 0.408540862403545
0.0356788018446941 0.00766733222373567
0.303994229922908 0.264077467422294
0.670234705023589 0.72656775515897
0.0257710650535039 0.00935477741873707
0.522416644545097 0.679221197672554
0.427477700941012 0.308056537649658
0.0501056545138927 0.0127222646777871
0.560049265566904 0.406826880988857
0.318775806850183 0.58009054486743
0.121174927582915 0.0130825741437154
0.384849126397737 0.46739816125814
0.53840310679046 0.519013226062184
0.0767477668118032 0.0135886126796765
0.403989537255656 0.479925392249751
0.558524801355822 0.508490620108458
0.0374856613885214 0.0115839876417906
0.436408216719393 0.447426590773395
0.483139174281942 0.540964025580725
0.0804526089986629 0.0116093836458803
0.383176722717518 0.444318846725856
0.554846789737015 0.551140949904435
0.0619764875454664 0.00454020336970805
0.344399689469886 0.414498504898448
0.578833897525257 0.575325165249104
0.0767664130048549 0.0101763298524475
0.360706722851197 0.424524962907844
0.576521939325577 0.567464527576497
0.0627713378232288 0.00801050951566044
0.571713325663633 0.541211464050011
0.354102743057709 0.45186377918333
0.0741839312786599 0.00692475676665767
0.64972208861621 0.51986460735204
0.31125500398037 0.467658081070738
0.0390229074034189 0.0124773115772209
0.282706423994598 0.416360059947989
0.59977555150539 0.571720898887916
0.117518024500011 0.0119190411640961
0.503239843522702 0.557319013646266
0.408838615152033 0.434139830191072
0.0879215413252661 0.0085411561626611
0.650386165393551 0.664204935246896
0.266281259693525 0.327972004604269
0.0833325749129247 0.00782306014883414
0.382580357796779 0.51632712279465
0.574406844697508 0.474194495019469
0.0430127975057107 0.00947838218588027
0.410248468865552 0.591633536927041
0.54495352966049 0.401580284745828
0.0447980014739563 0.00678617832712986
0.29954666673837 0.421477155546839
0.663302429673522 0.560041973212255
0.0371509035881085 0.0184808712409058
0.537704093549586 0.559064229203249
0.362205570735772 0.427052726752261
0.100090335714641 0.0138830440444899
0.342528659456746 0.397084249170753
0.618369498247334 0.584809332027289
0.0391018422959186 0.0181064188019578
0.484837835212018 0.47584113313073
0.458551438399627 0.512732295648883
0.056610726388356 0.0114265712203874
0.382014288471809 0.412545006586188
0.564574070809914 0.577442807146814
0.0534116407182777 0.0100121862669967
0.561012561569355 0.538766882413447
0.399826335283549 0.4457189258475
0.0391611031470948 0.0155141917390522
0.224208800386616 0.226329364719391
0.722126713235492 0.759403264935994
0.0536644863778893 0.0142673703446158
0.363161775073683 0.464819658154597
0.5700258936201 0.524965038869779
0.066812331306217 0.0102153029756237
0.393871429756416 0.334055071524274
0.559657560981881 0.646414970061981
0.0464710092617027 0.0195299584137448
0.467211504922292 0.520905053026064
0.436089200562714 0.464267034460462
0.096699294514991 0.0148279125134726
0.450231519421021 0.449953223376811
0.487446936475383 0.539733958104775
0.062321544103596 0.0103128185184143
0.383469768954937 0.516922514738019
0.565066325610823 0.471456496307359
0.0514639054342416 0.0116209889546219
0.534463314130711 0.609522694571079
0.328190674051033 0.383608376222789
0.137346011818257 0.00686892920613291
-999 -999
-999 -999
-999 -999
-999 -999
-999 -999
-999 -999
