476 491 2
476 492 2
476 493 2
476 494 2
476 495 2
476 496 2
476 497 2
476 498 2
476 499 2
476 500 2
476 501 2
476 502 2
476 503 2
476 504 2
476 505 2
476 506 2
476 507 2
476 508 2
476 509 2
476 510 2
477 491 2
477 492 2
477 493 2
477 494 2
477 495 2
477 496 2
477 497 2
477 498 2
477 499 2
477 500 2
477 501 2
477 502 2
477 503 2
477 504 2
477 505 2
477 506 2
477 507 2
477 508 2
477 509 2
477 510 2
478 491 2
478 492 2
478 493 2
478 494 2
478 495 2
478 496 2
478 497 2
478 498 2
478 499 2
478 500 2
478 501 2
478 502 2
478 503 2
478 504 2
478 505 2
478 506 2
478 507 2
478 508 2
478 509 2
478 510 2
479 491 1
479 492 2
479 493 2
479 494 2
479 495 2
479 496 2
479 497 2
479 498 2
479 499 2
479 500 2
479 501 2
479 502 2
479 503 2
479 504 1
479 505 2
479 506 2
479 507 2
479 508 2
479 509 2
479 510 2
480 491 2
480 492 1
480 493 2
480 494 2
480 495 2
480 496 2
480 497 2
480 498 2
480 499 2
480 500 2
480 501 2
480 502 2
480 503 2
480 504 2
480 505 1
480 506 2
480 507 2
480 508 2
480 509 2
480 510 2
481 491 2
481 492 2
481 493 2
481 494 2
481 495 2
481 496 2
481 497 2
481 498 2
481 499 2
481 500 2
481 501 2
481 502 2
481 503 2
481 504 2
481 505 2
481 506 2
481 507 2
481 508 2
481 509 2
481 510 1
482 491 2
482 492 2
482 493 2
482 494 2
482 495 2
482 496 2
482 497 2
482 498 2
482 499 2
482 500 2
482 501 2
482 502 2
482 503 2
482 504 2
482 505 2
482 506 2
482 507 2
482 508 2
482 509 2
482 510 2
483 491 2
483 492 2
483 493 2
483 494 2
483 495 2
483 496 2
483 497 2
483 498 2
483 499 2
483 500 2
483 501 2
483 502 2
483 503 2
483 504 2
483 505 2
483 506 2
483 507 2
483 508 2
483 509 2
483 510 2
484 491 2
484 492 2
484 493 2
484 494 2
484 495 2
484 496 2
484 497 2
484 498 2
484 499 2
484 500 2
484 501 2
484 502 2
484 503 2
484 504 2
484 505 2
484 506 2
484 507 2
484 508 2
484 509 2
484 510 2
485 491 2
485 492 2
485 493 2
485 494 2
485 495 2
485 496 2
485 497 2
485 498 2
485 499 2
485 500 2
485 501 1
485 502 1
485 503 2
485 504 2
485 505 2
485 506 2
485 507 2
485 508 1
485 509 2
485 510 2
486 491 2
486 492 2
486 493 2
486 494 2
486 495 2
486 496 2
486 497 2
486 498 2
486 499 2
486 500 2
486 501 2
486 502 2
486 503 2
486 504 2
486 505 2
486 506 2
486 507 2
486 508 2
486 509 1
486 510 2
487 491 2
487 492 2
487 493 2
487 494 2
487 495 2
487 496 2
487 497 2
487 498 2
487 499 2
487 500 2
487 501 2
487 502 2
487 503 2
487 504 2
487 505 2
487 506 2
487 507 2
487 508 2
487 509 2
487 510 2
488 491 2
488 492 2
488 493 2
488 494 2
488 495 2
488 496 2
488 497 2
488 498 2
488 499 2
488 500 2
488 501 2
488 502 2
488 503 2
488 504 2
488 505 2
488 506 2
488 507 2
488 508 2
488 509 2
488 510 2
489 491 2
489 492 2
489 493 2
489 494 2
489 495 2
489 496 2
489 497 2
489 498 2
489 499 2
489 500 2
489 501 2
489 502 2
489 503 2
489 504 2
489 505 2
489 506 2
489 507 2
489 508 2
489 509 2
489 510 2
490 491 2
490 492 2
490 493 2
490 494 2
490 495 2
490 496 2
490 497 2
490 498 2
490 499 2
490 500 1
490 501 1
490 502 2
490 503 2
490 504 2
490 505 2
490 506 2
490 507 2
490 508 2
490 509 2
490 510 2
491 491 2
491 492 2
491 493 2
491 494 2
491 495 2
491 496 2
491 497 2
491 498 2
491 499 2
491 500 2
491 501 1
491 502 1
491 503 2
491 504 2
491 505 2
491 506 2
491 507 2
491 508 2
491 509 2
491 510 2
492 491 2
492 492 2
492 493 2
492 494 2
492 495 2
492 496 2
492 497 2
492 498 2
492 499 2
492 500 1
492 501 2
492 502 2
492 503 2
492 504 2
492 505 2
492 506 2
492 507 2
492 508 2
492 509 2
492 510 2
493 491 2
493 492 2
493 493 2
493 494 2
493 495 2
493 496 2
493 497 2
493 498 2
493 499 2
493 500 2
493 501 2
493 502 2
493 503 2
493 504 2
493 505 2
493 506 2
493 507 2
493 508 2
493 509 2
493 510 2
494 491 2
494 492 2
494 493 2
494 494 2
494 495 2
494 496 2
494 497 2
494 498 2
494 499 2
494 500 1
494 501 2
494 502 2
494 503 2
494 504 2
494 505 2
494 506 2
494 507 2
494 508 2
494 509 1
494 510 1
495 491 2
495 492 2
495 493 2
495 494 2
495 495 2
495 496 2
495 497 2
495 498 2
495 499 1
495 500 2
495 501 2
495 502 2
495 503 2
495 504 2
495 505 2
495 506 2
495 507 2
495 508 2
495 509 1
495 510 1
496 491 2
496 492 2
496 493 2
496 494 2
496 495 2
496 496 2
496 497 2
496 498 2
496 499 2
496 500 2
496 501 2
496 502 2
496 503 2
496 504 2
496 505 2
496 506 2
496 507 2
496 508 2
496 509 2
496 510 1
497 491 2
497 492 2
497 493 2
497 494 2
497 495 2
497 496 2
497 497 2
497 498 2
497 499 2
497 500 2
497 501 2
497 502 2
497 503 2
497 504 2
497 505 2
497 506 2
497 507 2
497 508 2
497 509 2
497 510 2
498 491 2
498 492 2
498 493 2
498 494 2
498 495 2
498 496 2
498 497 2
498 498 2
498 499 2
498 500 2
498 501 2
498 502 2
498 503 2
498 504 2
498 505 2
498 506 2
498 507 2
498 508 2
498 509 2
498 510 2
499 491 2
499 492 2
499 493 2
499 494 2
499 495 2
499 496 2
499 497 2
499 498 2
499 499 2
499 500 2
499 501 2
499 502 2
499 503 2
499 504 2
499 505 2
499 506 2
499 507 2
499 508 2
499 509 2
499 510 2
500 491 2
500 492 2
500 493 2
500 494 2
500 495 2
500 496 2
500 497 2
500 498 2
500 499 2
500 500 2
500 501 2
500 502 2
500 503 2
500 504 2
500 505 2
500 506 2
500 507 2
500 508 2
500 509 2
500 510 2
501 491 2
501 492 2
501 493 2
501 494 2
501 495 2
501 496 2
501 497 2
501 498 2
501 499 2
501 500 2
501 501 2
501 502 2
501 503 2
501 504 2
501 505 2
501 506 2
501 507 2
501 508 2
501 509 2
501 510 2
502 491 2
502 492 2
502 493 2
502 494 2
502 495 2
502 496 2
502 497 2
502 498 2
502 499 2
502 500 2
502 501 2
502 502 2
502 503 2
502 504 2
502 505 2
502 506 2
502 507 2
502 508 2
502 509 2
502 510 2
503 491 2
503 492 2
503 493 2
503 494 2
503 495 2
503 496 2
503 497 2
503 498 2
503 499 2
503 500 2
503 501 2
503 502 2
503 503 2
503 504 2
503 505 2
503 506 2
503 507 2
503 508 2
503 509 2
503 510 2
504 491 2
504 492 2
504 493 2
504 494 2
504 495 2
504 496 2
504 497 2
504 498 2
504 499 2
504 500 2
504 501 2
504 502 2
504 503 2
504 504 2
504 505 2
504 506 2
504 507 2
504 508 2
504 509 2
504 510 2
505 491 2
505 492 2
505 493 2
505 494 2
505 495 2
505 496 2
505 497 2
505 498 2
505 499 2
505 500 2
505 501 2
505 502 2
505 503 2
505 504 2
505 505 2
505 506 2
505 507 2
505 508 2
505 509 2
505 510 2
506 491 2
506 492 2
506 493 2
506 494 2
506 495 2
506 496 2
506 497 2
506 498 2
506 499 2
506 500 2
506 501 2
506 502 2
506 503 1
506 504 1
506 505 2
506 506 2
506 507 2
506 508 2
506 509 2
506 510 2
507 491 2
507 492 2
507 493 2
507 494 2
507 495 2
507 496 2
507 497 2
507 498 2
507 499 2
507 500 2
507 501 2
507 502 2
507 503 2
507 504 2
507 505 2
507 506 2
507 507 2
507 508 2
507 509 2
507 510 2
508 491 2
508 492 2
508 493 2
508 494 2
508 495 2
508 496 2
508 497 2
508 498 2
508 499 2
508 500 2
508 501 2
508 502 2
508 503 2
508 504 2
508 505 2
508 506 2
508 507 2
508 508 2
508 509 2
508 510 2
509 491 2
509 492 2
509 493 2
509 494 2
509 495 2
509 496 2
509 497 2
509 498 2
509 499 2
509 500 2
509 501 2
509 502 2
509 503 2
509 504 2
509 505 2
509 506 2
509 507 2
509 508 2
509 509 2
509 510 2
510 491 2
510 492 2
510 493 2
510 494 2
510 495 2
510 496 2
510 497 2
510 498 2
510 499 2
510 500 2
510 501 2
510 502 2
510 503 2
510 504 2
510 505 2
510 506 2
510 507 2
510 508 2
510 509 2
510 510 2
511 491 2
511 492 2
511 493 2
511 494 2
511 495 2
511 496 2
511 497 2
511 498 2
511 499 2
511 500 2
511 501 2
511 502 2
511 503 2
511 504 2
511 505 2
511 506 2
511 507 2
511 508 2
511 509 2
511 510 2
512 491 2
512 492 2
512 493 2
512 494 2
512 495 2
512 496 2
512 497 2
512 498 2
512 499 2
512 500 2
512 501 2
512 502 2
512 503 2
512 504 2
512 505 2
512 506 2
512 507 2
512 508 2
512 509 2
512 510 2
513 491 2
513 492 2
513 493 2
513 494 2
513 495 2
513 496 2
513 497 2
513 498 2
513 499 2
513 500 2
513 501 2
513 502 2
513 503 2
513 504 2
513 505 2
513 506 2
513 507 2
513 508 2
513 509 2
513 510 2
514 491 2
514 492 2
514 493 2
514 494 2
514 495 2
514 496 2
514 497 2
514 498 2
514 499 2
514 500 2
514 501 2
514 502 1
514 503 2
514 504 2
514 505 2
514 506 2
514 507 2
514 508 2
514 509 2
514 510 2
515 491 2
515 492 2
515 493 2
515 494 2
515 495 2
515 496 2
515 497 2
515 498 2
515 499 2
515 500 2
515 501 2
515 502 1
515 503 2
515 504 2
515 505 2
515 506 2
515 507 2
515 508 2
515 509 2
515 510 2
516 491 2
516 492 2
516 493 2
516 494 2
516 495 2
516 496 2
516 497 2
516 498 2
516 499 2
516 500 2
516 501 2
516 502 2
516 503 2
516 504 2
516 505 2
516 506 2
516 507 2
516 508 2
516 509 2
516 510 2
517 491 2
517 492 2
517 493 2
517 494 2
517 495 2
517 496 2
517 497 2
517 498 2
517 499 2
517 500 2
517 501 2
517 502 2
517 503 2
517 504 2
517 505 2
517 506 2
517 507 1
517 508 2
517 509 2
517 510 2
518 491 2
518 492 2
518 493 2
518 494 2
518 495 2
518 496 2
518 497 2
518 498 2
518 499 2
518 500 2
518 501 2
518 502 2
518 503 2
518 504 2
518 505 2
518 506 2
518 507 2
518 508 2
518 509 2
518 510 2
519 491 2
519 492 2
519 493 2
519 494 2
519 495 2
519 496 2
519 497 2
519 498 2
519 499 2
519 500 2
519 501 2
519 502 2
519 503 2
519 504 2
519 505 2
519 506 2
519 507 2
519 508 2
519 509 2
519 510 2
520 491 2
520 492 2
520 493 2
520 494 2
520 495 2
520 496 2
520 497 2
520 498 2
520 499 2
520 500 2
520 501 2
520 502 2
520 503 2
520 504 2
520 505 2
520 506 2
520 507 2
520 508 2
520 509 2
520 510 2
521 491 1
521 492 1
521 493 2
521 494 2
521 495 2
521 496 2
521 497 2
521 498 2
521 499 2
521 500 2
521 501 2
521 502 2
521 503 2
521 504 2
521 505 2
521 506 2
521 507 2
521 508 2
521 509 2
521 510 2
522 491 1
522 492 1
522 493 2
522 494 2
522 495 2
522 496 2
522 497 2
522 498 2
522 499 2
522 500 2
522 501 2
522 502 2
522 503 2
522 504 2
522 505 2
522 506 2
522 507 2
522 508 2
522 509 2
522 510 2
523 491 1
523 492 2
523 493 2
523 494 2
523 495 2
523 496 2
523 497 2
523 498 2
523 499 2
523 500 2
523 501 2
523 502 2
523 503 2
523 504 2
523 505 2
523 506 2
523 507 2
523 508 2
523 509 2
523 510 2
524 491 2
524 492 2
524 493 2
524 494 2
524 495 2
524 496 2
524 497 2
524 498 2
524 499 2
524 500 2
524 501 2
524 502 2
524 503 2
524 504 2
524 505 2
524 506 2
524 507 2
524 508 2
524 509 2
524 510 2
525 491 2
525 492 2
525 493 2
525 494 2
525 495 2
525 496 2
525 497 2
525 498 2
525 499 2
525 500 2
525 501 2
525 502 2
525 503 2
525 504 2
525 505 2
525 506 2
525 507 2
525 508 2
525 509 2
525 510 2
