330
327
332
328
330
333
332
335
327
335
338
341
334
336
339
343
343
338
339
340
340
333
343
349
349
340
337
337
337
338
337
334
332
344
350
345
344
342
341
344
339
343
349
350
352
338
337
339
340
340
347
349
345
336
339
339
331
333
328
338
343
336
335
332
329
337
324
319
321
321
320
323
324
331
332
343
354
351
348
347
339
326
321
322
323
326
317
322
331
333
336
334
323
314
311
296
296
296
301
299
299
303
299
291
294
304
305
310
299
299
300
293
285
283
279
293
296
302
293
287
289
295
286
293
286
286
290
287
282
274
265
271
274
267
268
269
267
252
255
261
255
251
255
251
248
239
229
232
231
242
236
234
237
233
227
238
241
234
222
216
214
206
195
192
199
200
190
180
175
179
168
165
165
168
179
179
178
178
173
168
166
162
168
164
162
161
159
153
151
157
154
151
160
162
162
165
160
162
149
140
143
143
143
152
150
156
162
165
176
165
169
168
157
167
183
180
184
179
170
167
166
169
174
169
168
173
164
162
163
165
156
155
146
154
165
165
168
166
159
161
157
145
157
153
148
153
153
169
163
167
161
153
147
139
133
132
130
131
133
137
139
135
135
139
140
145
144
138
147
150
145
133
143
148
137
134
142
145
145
150
145
144
140
140
145
148
143
144
134
129
139
141
147
146
131
127
122
134
126
127
129
139
143
150
136
126
128
133
133
131
133
131
140
139
139
148
141
143
135
138
147
143
142
151
154
164
166
165
167
165
156
150
159
156
149
152
155
163
152
147
149
137
141
136
132
134
127
126
124
119
120
123
127
121
111
115
117
126
112
104
106
110
110
108
104
112
114
120
121
132
136
126
125
134
129
128
122
126
126
124
119
121
129
131
132
139
133
135
140
136
140
142
135
132
126
135
123
121
119
127
120
128
128
119
128
128
137
132
128
133
130
132
140
130
132
126
123
122
131
128
136
125
121
131
126
126
120
106
113
107
118
116
110
111
116
114
106
110
107
110
117
128
127
112
107
105
102
110
113
102
110
101
112
112
119
118
122
121
119
111
114
114
124
117
123
115
107
97
95
99
103
91
93
95
108
112
122
123
115
109
102
96
95
100
98
95
99
96
99
95
103
102
99
87
92
97
99
104
100
104
98
100
112
103
100
102
108
104
99
100
92
105
108
115
110
106
100
107
102
104
112
116
114
108
104
102
109
108
98
98
117
101
103
96
97
100
107
103
114
107
115
100
106
109
107
106
104
96
99
95
86
100
96
107
119
107
103
93
96
104
111
99
99
108
108
103
102
101
105
104
101
94
101
91
103
100
92
90
96
97
98
92
88
98
86
82
91
87
95
92
89
89
88
91
86
92
88
83
89
89
94
92
92
89
93
89
95
84
81
82
82
87
79
81
88
87
87
91
94
95
98
85
85
92
98
87
80
72
81
80
89
83
95
100
94
95
104
100
93
88
93
82
80
89
83
83
84
80
78
83
83
87
100
98
91
87
96
105
102
99
91
80
82
83
82
89
85
95
84
91
92
94
92
78
77
79
86
82
78
93
83
74
78
73
85
85
80
84
92
84
83
82
82
82
84
86
96
91
100
94
84
79
86
69
81
72
79
83
86
91
82
93
88
95
91
92
98
88
78
91
90
93
108
106
107
105
97
94
103
86
88
88
80
77
76
74
81
84
90
94
104
102
92
91
94
97
88
82
83
68
69
79
85
83
82
86
82
83
93
88
84
87
88
82
78
85
83
74
75
77
78
92
93
83
92
90
96
91
98
94
107
108
102
103
107
89
88
95
101
103
91
77
82
80
90
80
76
79
82
80
81
87
93
102
96
95
88
95
98
86
84
96
93
96
88
84
88
86
89
99
90
87
86
85
93
95
96
100
106
110
106
107
109
103
97
89
87
93
94
89
87
83
86
94
98
95
93
93
87
86
84
89
92
94
101
90
92
97
96
108
113
114
107
103
105
98
101
92
88
84
96
100
98
82
81
80
87
91
98
99
100
93
82
89
87
96
91
98
114
113
111
95
88
92
95
92
90
82
88
80
87
90
90
84
82
93
87
81
81
81
84
91
93
102
92
90
80
76
71
70
75
71
83
82
86
79
77
81
89
90
86
99
101
95
103
99
98
86
103
101
108
107
104
104
98
94
85
85
77
82
91
91
93
91
83
81
86
79
92
84
84
84
90
90
96
106
104
101
100
92
86
90
88
93
86
89
90
92
91
89
89
82
77
74
74
84
79
78
86
86
84
92
82
80
80
88
87
89
88
91
