0.200493628471885 0.363286960690257
0.727625405677187 0.617604083104655
0.0718809658509278 0.0191089562050887
0.585948592810276 0.576740645022865
0.367348607048086 0.41691224446227
0.0467028001416372 0.00634711051486517
0.276883831693369 0.295754804084414
0.686636031469701 0.695225227660585
0.0364801368369305 0.00901996825500011
0.393516854840481 0.430722307086885
0.547471651316681 0.559282002246207
0.059011493842838 0.00999569066690993
0.585485382136207 0.499460551961831
0.339161777464599 0.489547165407094
0.0753528403991959 0.0109922826310755
0.316715696303597 0.461602411125688
0.62130260173655 0.532484908322267
0.0619817019598527 0.00591268055204571
0.614216854006087 0.628803922572599
0.321202571226534 0.365366628925927
0.0645805747673788 0.00582944850147309
0.58095202736885 0.603339528013437
0.374698961276712 0.391749105838949
0.0443490113544379 0.00491136614761397
0.672027963978425 0.576086946223802
0.268074466852376 0.416575913834822
0.0598975691691992 0.00733713994137666
0.495205643526911 0.571588077253373
0.424355074003414 0.415518054232278
0.0804392824696756 0.0128938685143517
0.170618877956554 0.332782707103571
0.754379942248158 0.642361382105303
0.0750011797952886 0.0248559107911257
0.410501453739685 0.330721135281336
0.518697974450621 0.662654530827762
0.0708005718096934 0.0066243338909021
0.722836592396948 0.64980072386001
0.225981374808051 0.34357914439018
0.0511820327950018 0.00662013174981093
0.364228192989522 0.444030579522545
0.595882708364185 0.549894313385568
0.0398890986462929 0.00607510709188514
0.309315070660855 0.401244761356072
0.570111507170228 0.582589994352303
0.120573422168919 0.0161652442916233
0.460601051671854 0.489078698183306
0.475700354163556 0.491174795433161
0.0636985941645904 0.0197465063835338
0.594696212238529 0.562103463407166
0.359028340507306 0.429599870260138
0.0462754472541657 0.00829666633269585
0.728249217802718 0.624990637576794
0.190283507404276 0.367316579543519
0.0814672747930063 0.00769278287968522
0.491958111593054 0.447330547333756
0.462538521670664 0.541246385264938
0.0455033667362801 0.0114230674013037
0.537604574221275 0.616901386883224
0.399907634679233 0.376286385252624
0.0624877910994905 0.00681222786414987
0.563614868919435 0.54834515699099
0.326462907932086 0.445063161030986
0.109922223148479 0.00659168197802432
0.530380524333592 0.460041039162137
0.411485716199916 0.530034440843658
0.0581337594664928 0.00992451999420869
0.638193426983952 0.628536973219801
0.308444343714623 0.35632736981343
0.0533622293014236 0.0151356569667701
0.318633836037681 0.454170824426529
0.58733716112653 0.538326679973319
0.0940290028357885 0.00750249560015225
0.392137239018601 0.303995091708015
0.527771720062942 0.688075452551943
0.0800910409184569 0.00792945574004137
0.501109260180268 0.451776306866021
0.432710114479802 0.533099348442732
0.0661806253399307 0.0151243446912492
0.490368125424146 0.432673801590066
0.463240273257616 0.555396210187261
0.0463916013182379 0.011929988222675
0.341789590422885 0.408304180184776
0.608018510759345 0.580853541861657
0.0501918988177691 0.0108422779535681
0.521641711003485 0.48213599545727
0.408769525765818 0.507401173622781
0.0695887632306977 0.0104628309199487
0.418349948903476 0.330217964885185
0.531116500518059 0.646587209648492
0.050533550578464 0.0231948254663226
0.388420072848445 0.378218417948749
0.492886609349719 0.595786481144211
0.118693317801837 0.02599510090704
0.462322501885416 0.565278635501765
0.44570778108143 0.427745598883322
0.0919697170331529 0.00697576561491272
0.35563121455434 0.360996469580221
0.599312447198862 0.621236184686112
0.0450563382467969 0.0177673457336655
0.329912747136765 0.503134150458124
0.596984259067645 0.483434816045496
0.0731029937955889 0.0134310334963784
0.584668317045072 0.54698431526981
0.368317263204679 0.437815742722853
0.0470144197502493 0.0151999420073373
0.310033139895432 0.45269535621062
0.606950268643884 0.536441949625902
0.0830165914606831 0.0108626941634763
0.496897451605253 0.47101066297114
0.433988674456943 0.516176672201849
0.0691138739378024 0.0128126648270131
0.531314502474435 0.57003686709705
0.41113696223495 0.422312424519373
0.0575485352906157 0.00765070838357901
0.548769340334279 0.444290620402059
0.405737930580571 0.549411957421905
0.0454927290851503 0.00629742217603441
0.389588450248618 0.448046228571368
0.537942593313752 0.544933848552015
0.0724689564376283 0.00701992287661706
0.453417950283669 0.451443120714622
0.471869377831054 0.543909820651243
0.0747126718852772 0.00464705863413636
0.397114163809998 0.370378521085267
0.527494594690026 0.619640237829876
0.0753912414999752 0.00998124108485851
0.496305756678219 0.688907307626188
0.473057273287831 0.290421520308825
0.0306369700339507 0.0206711720649846
0.498558469341672 0.400176520256634
0.447032006584581 0.591627453251976
0.0544095240737467 0.00819602649138933
0.387931465414333 0.508539846946607
0.571648079533754 0.481576753820192
0.0404204550519122 0.00988339923320175
0.570748946646152 0.517847412860736
0.353908570321754 0.474736754343441
0.0753424830320952 0.00741583279582032
0.54712356755 0.594807435087173
0.395368941767363 0.393335657795576
0.0575074906826368 0.0118569071172507
0.645393896365427 0.607187619144884
0.299947780974756 0.379855302973119
0.0546583226598185 0.0129570778819993
0.485746526723085 0.571571097350744
0.476080896471259 0.412359729316993
0.0381725768056562 0.0160691733322631
0.408479070089321 0.410372643777665
0.512143553189127 0.576128935525283
0.0793773767215543 0.01349842069705
0.618718872122103 0.48645518329101
0.34004582554744 0.50420690136908
0.0412353023304575 0.00933791533990997
0.471525184895533 0.521074737987595
0.421689714143729 0.467725902068259
0.10678510096074 0.0111993599441453
0.450403162379609 0.595364090528896
0.4566668218152 0.392954332160109
0.0929300158051907 0.0116815773109967
0.665745581178504 0.60836295740354
0.279421332104506 0.380661958774309
0.0548330867169886 0.0109750838221518
0.391286946510697 0.51168267008754
0.504365603122276 0.480397107421252
0.104347450367027 0.00792022249120735
0.561831368485331 0.636414027178024
0.383921019160874 0.351709616045797
0.0542476123537968 0.0118763567761786
0.50170579260233 0.4379267219834
0.43066918088177 0.544385033928996
0.067625026515901 0.0176882440876026
0.286197654802277 0.395328448700666
0.608518322989847 0.597920160805383
0.105284022207876 0.00675139049394986
0.380236677498526 0.365727761386034
0.504025815229067 0.6273577143818
0.115737507272405 0.00691452423216353
0.514018733867225 0.52502990784833
0.4459281715158 0.454136095083813
0.040053094616976 0.0208339970678569
0.302190874228268 0.37743216439922
0.616196590312274 0.616964114565537
0.081612535459458 0.00560372103524266
0.512488368887376 0.467581642345295
0.421130293717599 0.525016563560587
0.0663813373950282 0.00740179409411538
0.33015976262335 0.396964181463722
0.613502604928049 0.578839386915827
0.0563376324486024 0.0241964316204529
0.404649785463162 0.34309620784709
0.514349135080869 0.642468501677649
0.0810010794559674 0.0144352904752608
0.496904749204226 0.57375395851052
0.447982838989431 0.41391619001507
0.0551124118063415 0.0123298514744095
0.551280656338895 0.546141913159351
0.389074373640248 0.449268716311735
0.0596449700208562 0.00458937052891575
0.562782097599477 0.574206472476485
0.367012791467932 0.418707280350031
0.0702051109325914 0.00708624717348442
0.569128094523113 0.563461982806656
0.365765304830965 0.425761932520218
0.065106600645922 0.0107760846731259
0.309667540957951 0.350602444264266
0.623043011401782 0.639237562565659
0.0672894476402658 0.010159993170074
0.506939422030703 0.525302421959552
0.449914906172954 0.46057772415396
0.0431456717963433 0.0141198538864874
0.297873694072349 0.446422694134685
0.642823524575803 0.547198279612492
0.0593027813518483 0.00637902625282403
0.467660825957929 0.494471270898148
0.448574310700702 0.499411920134783
0.0837648633413696 0.00611680896706725
0.370299306066017 0.462116063463385
0.545982993341543 0.521962337467791
0.083717700592441 0.0159215990688226
0.363802196610023 0.56686754740577
0.569814958259752 0.423387397167513
0.0663828451302257 0.00974505542671498
0.323132692559281 0.279916479057855
0.595127180550915 0.707379185278263
0.081740126889804 0.0127043356638841
0.447741555304933 0.481802882595977
0.471250473149023 0.50054386863454
0.0810079715460432 0.0176532487694841
0.307370015522178 0.360145846747526
0.631529230776393 0.621091314648321
0.0611007537014296 0.0187628386041544
0.453483088416814 0.525093392960891
0.438912230650552 0.457688761958623
0.107604680932635 0.0172178450804871
0.427677119535575 0.445673785105104
0.526656466767793 0.534914024915965
0.0456664136966314 0.0194121899789298
0.805890347162064 0.721395143754805
0.110531549328533 0.26661800267552
0.0835781035094044 0.0119868535696741
0.35444670055951 0.473355053567348
0.594501773939215 0.519252932312967
0.0510515255012754 0.00739201411968608
0.45932085262282 0.596319885964313
0.505612719122547 0.390921340248106
0.0350664282546334 0.012758773787579
0.646238584378036 0.501336159692739
0.294997809697045 0.489826804345221
0.0587636059249189 0.00883703596203887
0.395561301546119 0.353121285546936
0.537602498575153 0.634694730523607
0.0668361998787261 0.0121839839294584
0.372867087092846 0.346444146775245
0.544408587035898 0.639605257277875
0.0827243258712548 0.0139505959468806
0.389925949750275 0.48862075540447
0.572946609587898 0.503185296292511
0.0371274406618277 0.00819394830301991
0.338725215558993 0.423260333390912
0.580787828916986 0.54958403574449
0.0804869555240218 0.0271556308645991
0.496769820074684 0.495528327029758
0.387992024318175 0.494750574289887
0.115238155607141 0.00972109868035261
0.610484194730161 0.688923925263044
0.345744506809098 0.302938234129543
0.043771298460742 0.00813784060741387
0.384741936306006 0.542422048074961
0.553067930748641 0.441780922891353
0.0621901329453533 0.0157970290336862
0.474370976537133 0.422029149432669
0.38375311447997 0.557435263657023
0.141875908982896 0.0205355869103054
0.459266581148349 0.454900049254074
0.482692722135945 0.532928551317104
0.0580406967157078 0.0121713994288234
0.448767053420418 0.638266263255591
0.512396979445025 0.344397400104269
0.038835967134557 0.0173363366401409
0.499540616630166 0.479415258632811
0.403889375423071 0.511545704079351
0.0965700079467634 0.00903903728783678
0.627239240257302 0.564489205047609
0.305357067574837 0.421200981200663
0.0674036921678612 0.0143098137517285
0.440215402398732 0.527643488881345
0.413838388218724 0.463477034247269
0.145946209382546 0.00887947687138627
0.534261053407974 0.587017095169731
0.417952196265687 0.401844734260702
0.0477867503263392 0.0111381705695675
0.33320733371423 0.435685653448956
0.61328606520287 0.55532154446258
0.0535066010828998 0.00899280208846378
0.439774921691774 0.477483012698849
0.497690993238644 0.503900242986811
0.0625340850695821 0.0186167443143404
0.308443862968736 0.40544331931412
0.627329740219469 0.581280883850417
0.0642263968117944 0.013275796835463
0.155047894338282 0.301468780878642
0.792844623403099 0.680973989587659
0.0521074822586182 0.0175572295337003
0.403241732620833 0.505226110056712
0.498780890449426 0.481231922104598
0.0979773769297394 0.0135419678386881
0.586898541030111 0.514263785457798
0.361939428542296 0.463063190789575
0.0511620304275929 0.0226730237526274
0.317850258233382 0.404102463683955
0.585721990977355 0.585942858257412
0.0964277507892622 0.00995467805863314
0.494785469872103 0.453298659536691
0.436832593664394 0.532386972471362
0.0683819364635004 0.0143143679919464
0.302263933466803 0.348432106459538
0.589009621680632 0.633654033859378
0.108726444852566 0.0179138596810825
0.411002783435029 0.409132166895462
0.512354573829398 0.575763965872554
0.0766426427355714 0.0151038672319843
0.516868399893383 0.602975395057014
0.392136643020245 0.390276273058406
0.0909949570863752 0.0067483318845791
0.598682103094194 0.589407086881687
0.319292981029452 0.401291774028108
0.0820249158763542 0.00930113909020273
0.464925755095365 0.433195496262977
0.455369748966603 0.55969189223516
0.0797044959380315 0.00711261150186277
0.495151378829554 0.487164936591831
0.434401113263589 0.504238352972017
0.0704475079068568 0.00859671043615153
0.313403247857047 0.338858704465415
0.635415116703476 0.650314411277822
0.0511816354394766 0.0108268842567618
0.248429602047272 0.175070484688024
0.681465681247273 0.819631877683151
0.0701047167054541 0.00529763762882372
0.663394254516635 0.653763689765819
0.288161517481483 0.337868599114506
0.0484442280018788 0.00836771111967325
0.382418628723747 0.416255663661942
0.528046169047084 0.575510301276582
0.0895352022291668 0.00823403506147746
0.484064888982512 0.574069807312892
0.454703802542658 0.408995910032313
0.061231308474831 0.0169342826547955
0.508113993795359 0.569432322474287
0.455858127774179 0.420602390384344
0.0360278784304607 0.00996528714137167
0.415806592518633 0.458129265483614
0.475250010630948 0.529642224520342
0.108943396850418 0.0122285099960448
0.575997665090195 0.52764754476557
0.377466135820667 0.462103151349451
0.0465361990891372 0.010249303884982
0.606754136631702 0.628542684014525
0.316423249838485 0.356241413017339
0.0768226135298129 0.0152159029681374
0.226951267578245 0.265436669345665
0.717696398284238 0.722427976319823
0.0553523341375169 0.0121353543345123
0.442313063639092 0.450914528852816
0.44725360118173 0.540558353877163
0.110433335179178 0.00852711727002119
0.255248565900262 0.385176630689412
0.682938335827958 0.594268108826478
0.0618130982717811 0.0205552604841091
0.530513348683623 0.670324985574237
0.367094677898225 0.318213029479291
0.102391973418152 0.011461984946473
0.639897805241963 0.669319027959594
0.297621889514887 0.320786842084106
0.0624803052431493 0.0098941299563007
0.562884222376699 0.519380971333651
0.386098648467737 0.467329666648074
0.0510171291555646 0.0132893620182751
0.487682815976836 0.497480889379716
0.447239609685546 0.496642484927523
0.0650775743376172 0.00587662569276138
0.231943477566887 0.331725722624136
0.681571321765985 0.643972668735922
0.0864852006671292 0.0243016086399432
0.650318437005543 0.58264401563145
0.269895214468356 0.410037217214168
0.079786348526101 0.00731876715438243
0.597836659117633 0.640659102135808
0.35959342263699 0.345659162317698
0.0425699182453768 0.0136817355464937
0.425376635491427 0.470336065488816
0.537717034790773 0.523075294308814
0.0369063297177996 0.00658864020237072
0.560049485115415 0.601769630045555
0.411955282559028 0.376821760033426
0.0279952323255583 0.0214086099210196
0.54535467355508 0.574717557665499
0.405092829350736 0.41575991185696
0.0495524970941848 0.00952253047753845
0.263129060573755 0.428892613557033
0.698068793320603 0.557456287489439
0.0388021461056409 0.0136510989535286
0.471164874407884 0.453339368906725
0.497577609820194 0.538153917715293
0.0312575157719235 0.00850671337798165
0.4967119584313 0.486713511746589
0.445486499409833 0.505224017557316
0.0578015421588652 0.00806247069609296
0.532395825390868 0.609785305487709
0.411248121699106 0.380225070296458
0.056356052910027 0.00998962421583331
0.559297357976302 0.61659166457538
0.379711309420156 0.374447540097298
0.0609913326035419 0.00896079532732245
0.234672875842401 0.335600286034907
0.697912247533021 0.658689486455731
0.0674148766245777 0.00571022750936275
0.39357238847823 0.389151079611754
0.539032889601106 0.599663738725008
0.0673947219206628 0.0111851816632354
0.326834979809414 0.266072895968694
0.625610397503659 0.721504459679456
0.0475546226869273 0.0124226443518491
0.37692745324725 0.484360534777861
0.574649783102939 0.506429785620028
0.0484227636498124 0.00920967960210847
0.772296827573436 0.702137916480118
0.153712392943796 0.289854037193435
0.0739907794827684 0.00800804632644612
0.437842912417759 0.435439638056117
0.493021651262052 0.554450956689266
0.069135436320188 0.0101094052546166
0.659119501362905 0.594920520423942
0.279717836420342 0.39462022743542
0.0611626622167525 0.0104592521406391
0.557914769337273 0.588786486488062
0.338064123972442 0.394365800529016
0.104021106690285 0.0168477129829226
0.501732836642945 0.479796430456964
0.442082140103432 0.50831419579638
0.0561850232536245 0.0118893737466554
0.512928774759418 0.537861411117314
0.379951449466075 0.454275225668477
0.107119775774507 0.00786336321420777
0.577537310997878 0.665514916574203
0.354209299991645 0.329170023045499
0.0682533890104759 0.00531506038029714
0.542057971456798 0.505761861522696
0.394040471827562 0.480816643577676
0.0639015567156378 0.0134214948996285
0.419733162582118 0.492895290654236
0.525431177547812 0.49962803616372
0.0548356598700731 0.00747667318204412
0.667675340901887 0.652499286711085
0.251918573991245 0.330706643083129
0.0804060851068649 0.0167940702057881
0.338587160861129 0.467481519990244
0.592127079462283 0.524506289098364
0.0692857596765884 0.00801219091139179
0.451825365439559 0.450519474789562
0.49004453024517 0.537092566499248
0.0581301043152696 0.0123879587111879
0.339340715469725 0.469826912047239
0.587503642505518 0.518618313219505
0.0731556420247576 0.0115547747332543
0.622113986791281 0.607278031624876
0.237875528743122 0.384506981803921
0.140010484465598 0.00821498657120038
0.582355159084102 0.571671102056129
0.337777785790712 0.420818910647332
0.0798670551251867 0.00750998729653848
0.546807959494024 0.597105467249079
0.388687221072898 0.394087670810763
0.0645048194330755 0.00880686194015803
0.681273752351373 0.60580113084771
0.270198496051567 0.378879373717349
0.0485277515970581 0.0153194954349415
0.557636658711372 0.640928204033633
0.408091984783599 0.318773276235807
0.0342713565050275 0.0402985197305611
0.380892588840379 0.434896840067464
0.569033663970084 0.550493115144347
0.0500737471895372 0.0146100447881896
0.549124668335255 0.605590525316305
0.362363989385771 0.379396706733793
0.0885113422789761 0.0150127679499008
0.363837786944436 0.408620368603623
0.56730369962763 0.582135158921102
0.0688585134279329 0.00924447247527534
0.337904890486783 0.419675326601866
0.614479660628243 0.567742170755247
0.0476154488849749 0.012582502642886
0.332053331829228 0.525032454149288
0.54207559575544 0.470214388595892
0.12587107241533 0.00475315725482071
0.355673795820975 0.473637759035565
0.586058440919524 0.519670035425318
0.0582677632595002 0.00669220553911856
0.366810097724329 0.435000214325691
0.590916368861398 0.549372443289254
0.0422735334142722 0.0156273423850552
0.39694907404146 0.527186784627638
0.551611282852764 0.461802895932259
0.0514396431057794 0.0110103194401033
0.5240927261846 0.54013625389345
0.436119313990271 0.455532704574358
0.0397879598251294 0.00433104153219249
0.480099475572947 0.452863602602024
0.444578020818579 0.534748735434054
0.0753225036084768 0.0123876619639222
0.70949143838991 0.579446343329021
0.243938388171869 0.413759825080106
0.0465701734382208 0.00679383159087378
0.251304071770832 0.266040563795011
0.647086755301222 0.726895796803673
0.101609172927945 0.00706363940131501
0.69252912508069 0.668952596858246
0.253319540462315 0.314253850264046
0.0541513344569943 0.0167935528777062
0.572715133591394 0.408268164123615
0.389090140221278 0.576744086456839
0.0381947261873282 0.0149877494195481
0.394633153285115 0.467511424610547
0.486462348428087 0.522799878891625
0.118904498286799 0.00968869649782817
0.442858867330221 0.479490561917082
0.496224690880555 0.510448759908081
0.0609164417892244 0.0100606781748365
0.553969242387828 0.443486574255536
0.397782008229394 0.544662645641619
0.0482487493827773 0.0118507801028454
0.286390467494253 0.449963504385707
0.658199209499057 0.545355022029769
0.0554103230066913 0.00468147358452321
0.333311465418873 0.412173681341603
0.576257028394547 0.575214220264093
0.0904315061865806 0.0126120983943042
0.339246433053414 0.425563952967409
0.592998593460183 0.565684056912708
0.0677549734864031 0.00875199011988247
0.455216963050604 0.54619643080993
0.394614594480434 0.448893287491165
0.150168442468962 0.00491028169890629
0.508801493166995 0.522584063226851
0.452034793750268 0.461952126807001
0.0391637130827392 0.015463809966149
0.409253518896972 0.409832680194575
0.542472086097103 0.576389091525078
0.0482743950059256 0.0137782282803477
0.581661613244666 0.555798697122459
0.363416808781344 0.437327001395796
0.0549215779739894 0.00687430148174465
0.577946710634812 0.665529780792744
0.368053832963395 0.323972742248896
0.0539994564017916 0.0104974769583635
0.387400950165518 0.512847930525123
0.429772680256629 0.475276343123429
0.182826369577854 0.0118757263514474
0.56982666992405 0.584165808986513
0.384493057342691 0.409690658384875
0.0456802727332595 0.00614353262861215
0.344066249981377 0.41808147895635
0.60843698989307 0.562497829733245
0.0474967601255536 0.0194206913104051
0.492535312197156 0.559716405939314
0.396799270085387 0.426461258390454
0.110665417717453 0.0138223356702333
0.378503944944956 0.397295158238267
0.559889408361286 0.585595359313429
0.0616066466937584 0.0171094824483035
0.420070604000137 0.478132409916514
0.524109619300502 0.509141950645666
0.0558197766993604 0.01272563943782
0.540665748460006 0.40726523781075
0.362090049588908 0.586477430851234
0.0972442019510882 0.00625733133801686
0.428619742691934 0.547074072147182
0.472219975931675 0.4427899195715
0.0991602813763892 0.0101360082813191
0.27591679764107 0.223364010973141
0.635726581715379 0.766222791998011
0.0883566206435492 0.0104131970288484
0.489108769593034 0.462602168921193
0.454004749413042 0.530624463376124
0.0568864809939247 0.00677336770268276
0.284032714055496 0.338695960259125
0.564933102009099 0.650075853038185
0.151034183935403 0.0112281867026898
0.491534472638433 0.520168324429983
0.427012871424306 0.46420674583676
0.0814526559372608 0.0156249297332556
0.468853395043176 0.448347085783766
0.462990872503802 0.542237110201951
0.0681557324530234 0.00941580401428421
0.525716295113141 0.508024799990011
0.348291103206984 0.47666225195956
0.125992601679874 0.015312948050427
0.533851848788484 0.613667561328194
0.434891307356488 0.379361748878264
0.0312568438550273 0.00697068979354507
-999 -999
-999 -999
-999 -999
-999 -999
-999 -999
-999 -999
