146
149
151
149
145
151
148
147
153
153
159
162
167
165
173
171
175
178
180
171
179
175
169
183
179
174
172
163
166
160
163
164
169
172
172
169
169
176
173
178
180
180
186
187
180
167
172
165
170
178
178
169
175
173
174
179
178
184
189
180
181
184
187
189
182
187
175
174
171
171
176
178
177
183
182
179
179
179
177
179
178
176
177
173
181
185
184
188
190
181
180
181
191
186
177
183
189
189
194
189
179
166
156
148
152
152
159
158
166
172
175
173
174
178
175
179
174
171
172
177
176
169
164
156
146
149
155
156
165
162
151
144
135
141
143
131
129
127
122
111
118
124
125
129
139
140
142
144
142
137
130
127
117
109
112
109
106
114
107
108
108
109
105
109
109
111
118
109
109
107
111
117
119
129
121
129
126
128
121
124
124
113
99
101
99
105
100
106
110
112
97
100
109
113
111
106
100
104
107
110
106
108
112
101
98
90
94
91
97
102
96
103
99
95
99
100
110
96
101
105
116
117
108
108
102
96
93
92
85
86
86
84
78
87
93
92
97
93
94
93
83
91
79
83
83
81
89
88
96
94
88
101
108
106
105
111
112
111
118
117
118
123
101
101
95
99
101
99
94
86
98
98
87
89
89
88
91
99
99
92
91
92
94
97
94
94
97
108
102
100
89
90
90
96
89
85
94
98
102
110
100
97
86
94
89
85
80
87
85
88
78
84
79
80
85
90
81
83
83
81
93
92
94
87
86
85
90
91
93
88
92
88
93
93
89
92
97
107
107
109
110
101
100
103
104
98
98
99
95
96
104
97
87
88
87
92
93
81
92
83
94
91
91
89
91
91
88
89
100
90
98
100
100
105
102
99
98
98
97
91
95
95
98
89
83
89
90
81
85
80
79
90
85
93
98
105
99
96
92
83
84
85
84
88
85
94
98
105
109
98
106
91
76
79
74
92
97
85
77
79
77
92
89
95
96
97
90
91
86
82
86
80
78
81
80
82
78
80
86
93
92
89
102
98
94
102
107
112
98
98
88
88
97
112
104
102
104
100
101
97
94
96
101
103
106
101
97
91
90
85
92
104
103
98
84
89
95
93
94
103
98
101
98
98
99
94
95
95
90
86
92
94
100
94
94
89
88
99
89
87
89
89
95
105
100
98
96
92
89
88
94
99
101
96
97
87
93
96
92
84
85
90
98
105
99
95
88
91
90
99
101
114
119
115
110
104
114
115
109
103
107
104
109
100
100
100
94
91
94
82
88
85
79
78
77
85
82
87
84
91
94
94
90
82
79
81
86
74
74
75
80
82
79
82
76
83
85
94
95
92
85
95
93
92
95
100
103
92
97
89
102
102
101
106
103
100
101
104
94
90
88
87
94
96
93
84
85
89
91
91
95
93
104
94
95
96
93
97
101
94
106
105
99
99
93
105
102
99
93
95
97
105
100
105
110
105
103
100
99
96
95
101
103
95
85
100
104
93
96
109
110
98
101
117
116
111
106
101
101
90
84
86
82
88
84
92
90
93
91
88
80
87
89
91
88
89
97
96
106
108
104
97
99
100
100
97
106
108
115
113
105
114
114
115
114
108
112
102
99
99
98
91
91
96
97
91
93
89
91
87
92
92
101
91
92
93
97
90
85
84
92
99
95
96
97
100
105
108
109
101
86
82
76
74
75
85
78
81
93
83
78
80
73
75
73
87
94
83
90
89
86
83
88
90
94
96
97
95
94
100
89
88
83
95
94
91
92
95
94
97
94
99
92
84
93
94
88
90
94
98
89
98
85
84
77
84
84
77
82
80
93
91
97
93
92
92
100
98
92
87
84
87
87
80
78
77
79
90
80
79
83
98
103
104
92
82
95
89
95
93
91
97
99
96
86
96
88
81
80
73
72
81
79
76
83
80
83
86
82
83
82
76
81
81
87
99
82
84
76
72
82
80
75
77
79
84
91
98
88
84
85
78
80
92
87
87
79
80
83
85
101
97
91
87
82
83
86
97
104
105
102
94
85
81
81
87
98
94
101
99
88
84
82
78
77
71
78
88
88
95
86
83
94
92
90
87
76
87
87
86
93
84
89
90
87
91
90
89
94
99
97
96
99
99
94
96
95
104
93
106
98
105
95
88
84
85
87
82
81
71
77
84
87
90
87
89
89
100
103
92
89
81
81
77
79
78
79
77
82
76
78
85
82
78
74
84
83
88
76
76
71
68
67
67
74
67
75
73
81
84
87
83
81
84
92
89
83
78
80
90
81
87
79
85
87
92
93
87
83
85
