0.287755679256032 0.363727218306325
0.679984767856061 0.619466066099653
0.0322595528879069 0.0168067155940223
0.668263745589172 0.570578232169569
0.281043464946621 0.423815582916598
0.0506927894642065 0.0056061849138341
0.250830631661578 0.298554093969207
0.662759492816045 0.694651081039141
0.0864098755223765 0.00679482499165185
0.463166818032484 0.427902343339164
0.444462913904743 0.563695529442466
0.0923702680627746 0.00840212721836895
0.512655394427757 0.50629858053621
0.426802039996242 0.486414413598147
0.0605425655760005 0.00728700586564218
0.348417202226548 0.462238717395454
0.576902695890947 0.532075763441322
0.0746801018825053 0.00568551916322488
0.503399677437871 0.635145914688532
0.444727960385941 0.358770632491197
0.0518723621761869 0.0060834528202703
0.54780712253262 0.604692355979589
0.41621662774883 0.389773793846087
0.0359762497185497 0.00553385017432513
0.500477234386444 0.582863037571258
0.468199858094963 0.407743098864689
0.0313229075185912 0.00939386356404977
0.446790973361229 0.575865310775257
0.497331562155723 0.41171124423672
0.055877464483048 0.0124234449880216
0.258698588975206 0.330707708357863
0.682170107815277 0.64662178634711
0.0591313032095166 0.0226705052950254
0.243956889840536 0.337174089220514
0.714134002459415 0.655776262672665
0.0419091077000493 0.0070496481068213
0.438043109579373 0.661438395432292
0.484504058574436 0.329839920232471
0.0774528318461906 0.00872168433523697
0.314901238593728 0.448013819203292
0.624144939136177 0.547375476143797
0.0609538222700958 0.0046107046529127
0.358100003934611 0.398997049238171
0.602094135975847 0.580103251877081
0.0398058600895436 0.0208996988847471
0.507114981278985 0.48917345709506
0.445523682954179 0.494676207665709
0.0473613357668363 0.0161503352392299
0.508245996483636 0.566573384757469
0.454415431260983 0.427246871651163
0.0373385722553818 0.00617974359136749
0.59054251220384 0.629769695774601
0.321220413281007 0.361678928032437
0.0882370745151549 0.00855137619295998
0.406478399977858 0.446728984978977
0.523465997589226 0.541689824301311
0.0700556024329171 0.0115811907197148
0.446524670214059 0.622180548939527
0.500520288135697 0.371053576680015
0.0529550416502428 0.0067658743804595
0.642286230496155 0.542952656627841
0.294314828864923 0.449364791049101
0.0633989406389222 0.00768255232306119
0.369905220697009 0.466250228792583
0.533672335448463 0.522393263389345
0.0964224438545278 0.0113565078180719
0.595992513169389 0.627828193371562
0.329552737792618 0.35630287261799
0.0744547490379928 0.0158689340104475
0.434233707202036 0.449580732591987
0.530177812620468 0.54096207653781
0.035588480177497 0.0094571908702038
0.258272759003364 0.309808245439908
0.699625325026772 0.682242606242841
0.0421019159698663 0.00794914831725386
0.439737908906202 0.454264320042825
0.450082538353494 0.530044934165122
0.110179552740303 0.0156907457920514
0.529291533084727 0.42776138341749
0.440855339143989 0.556428389961723
0.0298531277712834 0.0158102266207859
0.368019698337073 0.408673320273378
0.581949329736499 0.584381330967751
0.0500309719264282 0.00694534875887075
0.423194609097967 0.488271902117644
0.540990358979939 0.502669775774645
0.0358150319220969 0.00905832210771102
0.234254252204618 0.342372534930714
0.676171710949955 0.643613530680774
0.0895740368454261 0.0140139343885132
0.488741332711937 0.375033128750163
0.44504892874349 0.600283649865527
0.0662097385445727 0.0246832213843108
0.53582683459882 0.561982077271032
0.426956275854235 0.429867790732611
0.0372168895469446 0.00815013199635608
0.409549672437031 0.357390842909687
0.537334822624364 0.626602274798906
0.0531155049386023 0.0160068822914083
0.51838739179655 0.493808818041718
0.446226699440759 0.488555795302416
0.0353859087626906 0.0176353866558674
0.465681972983183 0.552213183392901
0.486028973716264 0.43803805173426
0.0482890533005537 0.00974876487283985
0.453745354231324 0.445963506590374
0.502635092956205 0.542955600607078
0.0436195528124707 0.0110808928025462
0.484666657791951 0.469709179655145
0.482191210344684 0.518219683234684
0.033142131863365 0.0120711371101722
0.471120932453082 0.572494978505066
0.470015600570345 0.416391583595508
0.0588634669765735 0.011113437899426
0.401839431236414 0.449184387125012
0.516749801401227 0.541584493169553
0.0814107673623569 0.00923111970543468
0.39423633581731 0.448405426680861
0.570460098206781 0.544451085114767
0.035303565975908 0.00714348820437107
0.381949797125561 0.452597008131651
0.556034942923572 0.540269457674331
0.0620152599508672 0.00713353419401717
0.291900333406411 0.37715383519546
0.652186032126339 0.616102096886279
0.0559136344672519 0.0067440679182615
0.64936538909473 0.684812478590798
0.25738012662517 0.298254901902076
0.0932544842800981 0.0169326195071269
0.383822476265793 0.406559530820265
0.557059662102899 0.586620525253953
0.0591178616313093 0.00681994392578214
0.345604992208087 0.516191990986023
0.613385984282172 0.477258688498732
0.041009023509743 0.00654932051524366
0.496797174313905 0.520901569919102
0.436635813633103 0.472089409034517
0.0665670120529904 0.0070090210463819
0.558907814622623 0.595059728444891
0.38193074921244 0.394070101881114
0.0591614361649375 0.0108701696739952
0.53103141730742 0.610260913002157
0.395579797172543 0.37772608364278
0.0733887855200383 0.0120130033550638
0.573000001236029 0.566806263548492
0.392847875625219 0.414647168208832
0.0341521231387525 0.0185465682426758
0.353899672034476 0.413172498891079
0.544144790443964 0.57591363603689
0.101955537521562 0.0109138650720313
0.495656505702243 0.491746329444279
0.388198985377961 0.500715675939556
0.116144508919796 0.00753799461616461
0.557992363134531 0.518520999862736
0.366088577942671 0.470773633034257
0.0759190589227968 0.0107053671030079
0.523980104039088 0.591754860152835
0.359178908925266 0.398181223406461
0.116840987035647 0.0100639164407039
0.596252681232027 0.609816475459887
0.352339449379892 0.377859044176735
0.0514078693880796 0.0123244803633743
0.486128062641501 0.510157431285282
0.463583304705058 0.482773308418068
0.0502886326534408 0.00706926029664944
0.655587408382246 0.628933268567084
0.314572211984982 0.356086082999277
0.0298403796327717 0.0149806484336388
0.423202543661122 0.443366259446465
0.5239745813059 0.541066005709087
0.0528228750329768 0.0155677348444479
0.386932897420168 0.390674935892822
0.553567753968609 0.60116658019338
0.0594993486112236 0.00815848391379689
0.377798756323956 0.365689309053395
0.57957390372587 0.623932334721781
0.0426273399501727 0.0103783562248245
0.384593186901392 0.53578512478054
0.571332324423671 0.451534039475456
0.0440744886749365 0.0126808357440054
0.308822905049289 0.378484783246717
0.634513736687409 0.613416753581165
0.056663358263302 0.00809846317211769
0.458333434694162 0.468551634422383
0.500507376332531 0.51953278954533
0.0411591889733049 0.0119155760322864
0.398292326243673 0.393116236348541
0.53085521444866 0.579345102639859
0.0708524593076677 0.0275386610116022
0.374947151579251 0.343005178259547
0.57508663883973 0.637851662478381
0.0499662095810208 0.019143159262072
0.440008528810704 0.577191770374919
0.496811943445471 0.410030067572833
0.0631795277438246 0.012778162052248
0.444461172536274 0.550813026579956
0.448343006678538 0.445061501724118
0.107195820785186 0.0041254716959254
0.566887260015161 0.572857007111998
0.335949437294353 0.41952784364145
0.0971633026904849 0.00761514924655189
0.525713817847473 0.568051671926852
0.427187848369764 0.421335045572382
0.047098333782763 0.0106132825007632
0.233846398625018 0.355827973306695
0.683611478541892 0.633276961501859
0.0825421228330914 0.0108950651914446
0.66592517685978 0.51895855283956
0.29899936725792 0.4667512396442
0.0350754558822984 0.014290207516239
0.494077545042513 0.43916403487054
0.475741583474712 0.552386218466783
0.0301808714827759 0.00844974666267967
0.358007245332972 0.499465341896648
0.599915008899805 0.492773897624393
0.0420777457672233 0.00776076047895867
0.39086858730323 0.46290798527911
0.558797107155402 0.519007784436989
0.0503343055413689 0.0180842302838993
0.547581123214698 0.560224984980128
0.367965642546259 0.432488225009938
0.0844532342390425 0.00728679000993354
0.295644813583948 0.283049808946995
0.610191707593597 0.706818827937804
0.094163478822453 0.0101313631152032
0.424765605642355 0.481938150386171
0.537542483054364 0.4989415186628
0.0376919113032809 0.0191203309510276
0.430681730808386 0.355085985710581
0.521455563456084 0.628241661117198
0.0478627057355304 0.0166723531722211
0.617066854193116 0.519951877994691
0.338140741877979 0.464726689341067
0.0447924039289046 0.0153214326642396
0.318816451392162 0.452991516995679
0.644562378335834 0.528269782953545
0.036621170272002 0.0187387000507774
0.745707230906769 0.724201667112166
0.200528596355986 0.263924888251397
0.0537641727372432 0.0118734446364355
0.337627736534746 0.476481421778852
0.61990211953376 0.516361717281755
0.0424701439314944 0.00715686093939217
0.596792286483163 0.588699899456758
0.282899171738992 0.400802271518915
0.120308541777845 0.0104978290243262
0.439944065374 0.510130415882287
0.514949451159582 0.479871513061404
0.0451064834664183 0.00999807105630928
0.42070183254095 0.353023176493803
0.532595197888477 0.639518693058671
0.0467029695705748 0.00745813044752773
0.28556184430753 0.34881285272101
0.639419017951755 0.638423618350034
0.0750191377407152 0.0127635289289557
0.493651872507766 0.484559435751293
0.43127525699544 0.506255945297667
0.0750728704967934 0.00918461895104131
0.405769382254019 0.420286227230219
0.535266664907755 0.554077313176923
0.0589639528382247 0.025636459592858
0.36995246544003 0.503125983793056
0.57987469641388 0.487030087918104
0.0501728381460926 0.00984392828883969
0.496517904213882 0.694556527835758
0.428249956128919 0.296722785516144
0.0752321396571977 0.00872068664809737
0.426400772753469 0.542153327803724
0.511970065364575 0.440977346376012
0.061629161881957 0.0168693258202645
0.387261490199751 0.425452256730757
0.567014982166233 0.552728591954416
0.0457235276340164 0.0218191513148261
0.409881005895335 0.45956749932669
0.500421826512206 0.533862953024752
0.0896971675924581 0.00656954764855859
0.568775730052714 0.633790898999972
0.403181188648681 0.347582242729156
0.0280430812986046 0.0186268582708717
0.56484222478702 0.475865559752392
0.373243669500386 0.512497667611853
0.0619141057125926 0.0116367726357568
0.434585385637845 0.57380581889283
0.53247297847422 0.410785695496286
0.0329416358879349 0.0154084856108807
0.56769438558954 0.524449948034928
0.376697994781312 0.467383144000661
0.055607619629148 0.00816690796441038
0.421590804684796 0.594282976848231
0.514369172811568 0.395562308562163
0.064040022503638 0.0101547145896059
0.387624846463935 0.43381404623618
0.577476630018584 0.55667833474568
0.0348985235174836 0.00950761901814059
0.543583516230038 0.472738619179591
0.404570188934894 0.511764351252767
0.0518462948350667 0.0154970295676412
0.53112315821312 0.394709906625119
0.414414270355065 0.589304567597581
0.0544625714318135 0.0159855257773017
0.332310220368863 0.295453199801519
0.621256970620859 0.689378871074918
0.0464328090102796 0.0151679291235642
0.56353210987948 0.500461689496042
0.382155114327987 0.488871727618864
0.0543127757925318 0.0106665828850926
0.3724179583108 0.523166855527568
0.566788721615431 0.460139684771858
0.0607933200737701 0.0166934597005734
0.453891040507428 0.399726548615736
0.476010623218138 0.590806895668224
0.0700983362744352 0.0094665557160385
0.268361581705103 0.462669893837495
0.629654145903735 0.522354195257946
0.101984272391162 0.0149759109045606
0.252383366852268 0.352562970265188
0.695235640998155 0.63384936578695
0.0523809921495775 0.0135876639478613
0.342048987141058 0.412958084448113
0.603190066608872 0.571868127720688
0.0547609462500715 0.0151737878311993
0.712218493198724 0.593824101543367
0.248480606702072 0.395737408991743
0.0393009000992027 0.0104384894648888
0.447850166593294 0.597790829777153
0.479616137592619 0.393276251221784
0.0725336958140844 0.00893291900106504
0.429838970556373 0.43395790864957
0.5323803382464 0.556326804769907
0.0377806911972262 0.00971528658052158
0.54429503622255 0.484726005776699
0.421515168361431 0.505915382032815
0.0341897954160192 0.00935861219048638
0.295140725059148 0.338426102192783
0.637060278181624 0.648222544267907
0.067798996759226 0.0133513535393097
0.0944350743478983 0.181656086371431
0.822639581023033 0.810841797467356
0.0829253446290669 0.00750211616121494
0.647627354920583 0.652302124007348
0.305469334975604 0.338076924854224
0.046903310103811 0.00962095113842532
0.334284628426614 0.419753251702999
0.630819940068404 0.567819022574896
0.034895431504983 0.0124277257221064
0.459576853288835 0.576310378926332
0.428314444657631 0.409309067714225
0.112108702053534 0.0143805533594422
0.440168932126844 0.574765233872906
0.517294889998964 0.418492129441073
0.0425361778741939 0.0067426366860186
0.402766904236733 0.463715962294332
0.525593092966592 0.525126340864675
0.0716400027966738 0.0111576968409915
0.53500231551241 0.52592604832756
0.389150040346408 0.46278323901705
0.0758476441411801 0.0112907126553878
0.65316730007567 0.622361702660202
0.272229461189652 0.354894527759401
0.0746032387346775 0.0227437695803955
0.282685737608864 0.263505627757103
0.676937187254536 0.727453376919039
0.0403770751365971 0.00904099532385558
0.447031088650048 0.45154082822779
0.528492400494745 0.538229036502019
0.0244765108552054 0.0102301352701931
0.42022801204953 0.380502969805015
0.512831457088837 0.604396935021744
0.0669405308616332 0.015100095173241
0.555977568356834 0.672064970754615
0.373906778783656 0.315150979203613
0.0701156528595104 0.012784050041772
0.613596198473205 0.672963376486974
0.330571486900769 0.319619619753468
0.0558323146260242 0.00741700375955785
0.597553526628862 0.517621303961895
0.365749036833028 0.468255834405497
0.0366974365381111 0.0141228616326073
0.484337413599509 0.496682827287157
0.439161331268766 0.498770977654946
0.0765012551317244 0.00454619505789538
0.199192822797311 0.334176329870577
0.764546481246419 0.642668001940913
0.0362606959562719 0.0231556681885099
0.626887741316967 0.580779358202008
0.281962969656692 0.411211632487378
0.0911492890263435 0.00800900931061537
0.575788186565873 0.645599945767276
0.373168959365126 0.344849293504344
0.0510428540690004 0.00955076072838182
0.428138872129506 0.469842294822602
0.423907773823396 0.524875329562852
0.147953354047099 0.00528237561454506
0.457286260981871 0.608248189429857
0.479545597832886 0.373654181746611
0.0631681411852437 0.0180976288235299
0.476334279035271 0.57779119220841
0.487457731986805 0.41248084759792
0.036207988977923 0.00972796019367202
0.321656646609971 0.427291498271419
0.649085927333772 0.558268635194497
0.0292574260562585 0.0144398665340864
0.521410722718352 0.449545554661891
0.408947677433361 0.542280212453753
0.0696415998482859 0.00817423288435569
0.475242668285589 0.485586561925326
0.468483054871746 0.501922874769656
0.056274276842664 0.012490563305017
0.569248659502951 0.610793492655023
0.39525486036236 0.379764086500808
0.0354964801346899 0.00944242084416962
0.613005585345121 0.613526169738398
0.334559236840103 0.377666261149128
0.0524351778147765 0.00880756911247307
0.349479018496862 0.330986386686053
0.583225142003223 0.660771180597674
0.0672958394999147 0.00824243271627497
0.479927005355876 0.382764319118753
0.475369418762906 0.603923791206471
0.044703575881219 0.0133118896747734
0.125409077738903 0.273109582456422
0.741468235788152 0.716807707223867
0.133122686472945 0.0100827103197117
0.464860619989563 0.483392471238046
0.467838630253 0.508273356706476
0.0673007497574372 0.00833417205547604
0.656175438175859 0.707088749810497
0.299969459281253 0.28551021864054
0.0438551025428875 0.00740103154896355
0.29502047895592 0.442255743635129
0.638821344693584 0.547523263763176
0.0661581763504957 0.010220992601693
0.563125873363513 0.598209280412608
0.383012084275848 0.389577643096822
0.0538620423606415 0.0122130764905662
0.596939540531139 0.587500280404883
0.32127312460833 0.394669946048566
0.0817873348605287 0.0178297735465522
0.571279647180732 0.477824407230593
0.382355091982767 0.514167201117663
0.0463652608364994 0.00800839165174317
0.474696587410471 0.543011653417027
0.466384905072731 0.448805915731654
0.058918507516799 0.00818243085131982
0.58653946602295 0.664550048581315
0.344152740206583 0.328325828998563
0.0693077937704674 0.00712412242012142
0.366050298945381 0.515569571243302
0.580330447573044 0.472499424503822
0.0536192534815764 0.0119310042528766
0.434100673971965 0.4904295605983
0.531858622546506 0.499966014937613
0.0340407034815282 0.00960442446408595
0.630705254161696 0.654575030933603
0.300090915410832 0.328850079371924
0.0692038304274736 0.0165748896944735
0.414286665000349 0.46401035580616
0.527229281048053 0.526438567553136
0.0584840539515979 0.00955107664070267
0.421761499501676 0.450731444553068
0.512670628555865 0.536258603143265
0.0655678719424595 0.0130099523036662
0.440716111694874 0.465674912031773
0.468277178417888 0.52354827379246
0.0910067098872376 0.0107768141757675
0.530889015018074 0.61493140917286
0.427675723034381 0.375955948180141
0.0414352619475466 0.00911264264699837
0.526066606243224 0.573775139551238
0.441332232549445 0.416417169554029
0.0326011612073286 0.00980769089473139
0.618671425957504 0.595334844870149
0.332595238472058 0.395280003074299
0.0487333355704388 0.00938515205555128
0.577326426768226 0.613165548060201
0.359446960672068 0.374759855510499
0.0632266125597067 0.0120745964293005
0.651956843304232 0.637220616990283
0.298441990670455 0.322700463691924
0.0496011660253102 0.0400789193177948
0.334001170012006 0.438016537725145
0.608015199405343 0.550805472149483
0.0579836305826507 0.0111779901253732
0.51340600658791 0.610839085491127
0.403899934076926 0.37975699374484
0.0826940593351645 0.0094039207640339
0.395508702776176 0.404989303271447
0.562466605722884 0.584597467514808
0.04202469150094 0.0104132292137469
0.360707401390339 0.419308782708113
0.598770672314406 0.567956668690013
0.0405219262952547 0.0127345486018753
0.560406974719158 0.514909658197427
0.371943835206261 0.478318067776283
0.0676491900745815 0.00677227402629047
0.383129032746489 0.473969019968979
0.580414692923552 0.516977650983036
0.0364562743299605 0.00905332904798599
0.471786361822321 0.429844423363906
0.440560156712561 0.557138584398436
0.0876534814651204 0.0130169922376592
0.497297673825909 0.522040654764524
0.405040057014724 0.468193372908758
0.0976622691593687 0.00976597232671659
0.496378427290267 0.539268143469824
0.445981501430084 0.456851911655996
0.0576400712796484 0.00387994487417979
0.356132896422255 0.458631674796262
0.565055322010702 0.531243055653716
0.0788117815670423 0.0101252695500201
0.648401579152395 0.579712788911402
0.314074823010356 0.412409180302021
0.0375235978372506 0.00787803078657731
0.198189874406156 0.270422519262209
0.753478612919153 0.722327576402913
0.0483315126746932 0.00724990433487746
0.623850078583538 0.672799483423585
0.289322185879132 0.315456122128832
0.086827735537331 0.0117443944475846
0.5227223327193 0.407494847454509
0.438109942107375 0.573909557339029
0.0391677251733273 0.0185955952064623
0.415187903437333 0.46606523272903
0.476415450382613 0.518411577006172
0.108396646180055 0.0155231902647992
0.531985355193952 0.471292271553307
0.367451752239177 0.51737591135006
0.100562892566871 0.0113318170966336
0.472458791214122 0.444233313752111
0.483695466494612 0.543233385093783
0.0438457422912666 0.0125333011541025
0.398085250780788 0.445187754653308
0.568757572366909 0.549775246882123
0.033157176852305 0.00503699846456926
0.287086756870367 0.414168695251322
0.535153944067378 0.575290361057185
0.177759299062255 0.0105409436914951
0.477366023382502 0.421704423946279
0.489830740988268 0.569986583518501
0.0328032356292295 0.00830899253521873
0.550694640925422 0.542360836475125
0.415343871883704 0.449720627875604
0.033961487190875 0.0079185356492711
0.380207851061673 0.530224856774258
0.545913444840818 0.457611487418892
0.0738787040975107 0.0121636558068516
0.45606983790004 0.40942908044796
0.495277868222078 0.575376298712461
0.0486522938778807 0.0151946208395789
0.384032401135899 0.565707315145624
0.542071813765388 0.428695774733014
0.0738957850987135 0.00559691012136179
0.613384611909296 0.668337805094229
0.34391820417024 0.324493220500239
0.0426971839204661 0.00716897440553201
0.528482157861265 0.510510559851164
0.369998346023842 0.480649069174247
0.101519496114892 0.00884037097458516
0.518101507160915 0.586239712646875
0.427523523508548 0.407447896097565
0.0543749693305346 0.00631239125556155
0.406526632471077 0.415312080420036
0.559815000654459 0.561566196793489
0.0336583668744641 0.0231217227864753
0.434500303251468 0.562162868008838
0.465009649382048 0.423614234089539
0.100490047366485 0.0142228979016207
0.314753705385706 0.399035118597167
0.641329910522237 0.58330165252157
0.0439163840920566 0.0176632288812643
0.335048270097824 0.483314179989297
0.607007777565238 0.505586266986237
0.0579439523369404 0.0110995530244644
0.386334706076908 0.411773050528752
0.575724839588874 0.579042067998224
0.0379404543342183 0.00918488147302474
0.478609970672319 0.540229641525554
0.452113539719347 0.442766635552683
0.0692764896083336 0.0170037229217623
0.180381704446144 0.227814025213869
0.772551578680639 0.758373213318082
0.0470667168732178 0.0138127614680497
0.433768333322641 0.464780945945557
0.52858914497941 0.527332049342331
0.0376425216979493 0.00788700471210985
0.254558079323228 0.340137768044413
0.688256170027045 0.640440364354099
0.0571857506497287 0.0194218676014856
0.537401121307836 0.516724629830436
0.409451158617669 0.466230366959494
0.0531477200744943 0.0170450032100697
0.428281844843943 0.448766539106927
0.476854509533076 0.540968446276286
0.0948636456229792 0.0102650146167876
0.432726532554229 0.514907379280652
0.454161858504143 0.473037435309286
0.113111608941628 0.0120551854100624
0.534826514931667 0.611281922514868
0.282849634672143 0.383924807613044
0.182323850396187 0.00479326987208478
-999 -999
-999 -999
-999 -999
-999 -999
-999 -999
-999 -999
