187
182
185
185
179
175
181
188
186
180
175
178
173
172
170
171
166
165
167
164
164
161
168
165
168
168
172
176
183
178
184
174
178
174
171
173
180
173
179
177
176
170
167
171
172
172
176
174
174
172
172
176
184
187
190
190
186
189
182
181
180
186
185
188
185
190
187
187
199
204
197
197
200
194
196
200
200
204
202
204
205
205
210
203
206
202
197
193
199
201
201
207
205
210
209
209
214
215
204
211
209
212
212
206
197
199
203
203
205
203
202
207
206
211
212
207
211
218
218
216
224
223
224
213
214
210
203
207
207
211
205
203
202
204
212
210
211
210
218
220
224
232
228
226
222
222
223
222
221
224
231
237
237
234
226
214
206
198
203
217
218
212
222
220
211
219
218
223
218
213
217
230
223
219
217
216
207
191
181
180
175
168
165
169
170
162
160
158
149
154
157
158
160
155
152
159
160
161
156
160
162
155
160
159
159
148
151
151
155
147
149
150
149
145
148
146
152
155
151
157
161
154
161
145
148
137
132
126
129
123
124
137
142
142
140
139
143
144
138
132
134
137
141
136
127
143
140
141
145
143
142
128
125
134
132
140
133
144
137
136
141
143
139
133
138
141
140
140
140
143
147
138
151
143
153
150
154
160
152
145
138
142
146
132
118
117
121
113
118
122
119
122
130
145
143
142
143
130
132
124
123
121
123
121
135
129
125
132
118
121
125
127
125
132
127
128
135
134
133
135
129
126
124
123
128
125
132
127
126
125
136
144
143
135
125
129
126
114
122
115
119
109
108
104
112
114
111
114
124
111
115
120
122
136
125
131
125
122
110
109
110
109
115
115
123
132
141
140
133
124
122
124
123
116
120
118
129
126
128
124
129
121
129
127
119
123
122
122
123
128
125
130
124
128
128
126
127
141
145
133
134
131
127
120
121
114
117
124
126
124
128
121
115
122
122
114
107
115
106
108
106
112
108
111
101
109
107
102
118
107
102
105
100
107
104
101
100
102
107
105
98
101
105
106
93
91
84
82
86
82
97
99
109
105
95
97
97
99
102
111
118
115
106
111
114
107
100
102
110
118
125
118
119
105
106
102
107
113
106
113
113
103
94
100
92
88
98
94
97
92
97
100
107
101
102
102
108
104
104
105
102
99
93
92
94
97
99
96
100
93
97
96
85
84
85
80
85
92
97
95
91
86
92
97
95
94
97
98
88
87
92
91
88
94
92
89
97
94
86
94
89
81
89
92
101
93
97
96
101
98
89
82
88
85
88
96
91
94
96
100
95
90
91
82
88
85
86
95
91
93
94
94
86
90
85
85
78
87
85
81
82
87
95
101
96
96
92
90
94
91
92
95
90
93
98
96
101
105
112
106
94
92
80
79
80
79
73
85
89
94
101
109
100
100
99
92
92
99
100
98
110
99
93
96
98
98
99
101
98
95
103
105
101
109
92
93
93
93
103
100
104
108
112
115
110
106
98
96
101
98
83
76
90
82
88
93
91
94
93
93
76
75
71
82
84
83
79
77
75
77
86
85
82
87
75
86
79
83
74
75
84
81
79
80
81
85
77
81
79
88
87
93
89
85
97
97
92
90
87
87
93
90
91
94
97
95
91
93
87
83
94
88
87
92
100
92
82
77
76
79
80
80
77
77
77
83
75
78
87
100
98
89
85
82
78
76
68
79
73
81
81
84
85
87
90
87
87
80
77
79
65
74
74
79
81
87
97
94
90
89
90
83
84
86
87
84
83
87
82
79
88
89
84
85
72
71
74
79
81
86
78
74
71
63
67
67
75
81
84
87
86
85
86
85
79
82
96
87
92
94
90
88
82
78
88
85
83
87
89
88
72
72
74
69
66
66
67
76
78
80
77
79
79
90
91
85
81
83
74
75
72
81
76
78
78
78
79
76
75
76
76
78
82
83
80
76
79
81
75
69
67
66
68
85
84
85
85
75
78
82
81
79
81
75
69
68
72
71
73
74
78
77
80
72
75
80
77
77
71
68
75
68
71
71
78
78
72
69
67
66
68
70
78
75
70
74
72
76
80
69
85
86
80
76
85
80
86
85
84
88
88
90
84
85
76
76
68
64
72
64
65
68
64
66
73
72
76
77
70
64
76
84
79
83
86
86
77
84
83
74
70
73
69
63
67
74
72
78
73
63
64
67
68
76
86
82
79
79
70
82
81
82
71
79
88
72
75
74
68
71
76
71
70
70
79
67
65
74
82
89
81
83
82
79
76
86
87
80
85
74
79
78
75
72
70
71
65
65
71
69
