0.360091276425377 0.354778797724501
0.625695275478768 0.540547862622135
0.0142134480958552 0.104673339653367
0.576918669551572 0.555676402218288
0.416048652485455 0.382795586702356
0.00703267796297069 0.0615280110793563
0.294312161511712 0.324839920552177
0.698961226934785 0.605174695461272
0.00672661155350161 0.0699853839865501
0.431541361724815 0.426379185168827
0.560823996181997 0.529887546291319
0.0076346420931865 0.0437332685398533
0.510656292605411 0.345614848826828
0.480199282842892 0.558655417833374
0.00914442455169622 0.0957297333397972
0.458879210590974 0.401605464421304
0.535806704029929 0.550608280454094
0.00531408537909326 0.0477862551246027
0.622728086065125 0.75953601310595
0.369767414994499 0.209322546030896
0.00750449894037773 0.0311414408631505
0.606156865031212 0.490091461811176
0.386953684926908 0.465074598472404
0.00688945004188012 0.0448339397164198
0.585797998488444 0.4402662622961
0.406714697115324 0.483205996720931
0.00748730439623229 0.0765277409829685
0.573361842553799 0.50635338848595
0.415762117754024 0.40508973331526
0.0108760396921761 0.0885568781987907
0.328398876280457 0.244032281082631
0.647994267480248 0.670914580653317
0.0236068562392951 0.0850531382640513
0.335315441644181 0.302322842530154
0.658327450547916 0.601384259045532
0.00635710780790451 0.0962928984243119
0.650891231202395 0.662619964931254
0.341560189250573 0.284785463773843
0.00754857954703108 0.0525945712949032
0.442365413133079 0.417812742013816
0.552756552837774 0.514634836016513
0.0048780340291475 0.0675524219696725
0.39997466772616 0.323424020804065
0.57845501987726 0.596703882475699
0.0215703123965801 0.0798720967202362
0.487654961676075 0.558416095302346
0.495622845019333 0.392767242272116
0.0167221933045939 0.048816662425538
0.566660065555807 0.539410965905997
0.428276402047028 0.406477203122579
0.0050635323971644 0.0541118309714223
0.629561466190733 0.661137732341781
0.363058610221043 0.286739979341266
0.00737992358822548 0.0521222883169535
0.447245316442428 0.400256036019555
0.541548640483879 0.514391515961775
0.0112060430736939 0.0853524480186707
0.615330234854083 0.572013940065498
0.377686009473884 0.393864420176222
0.00698375567203412 0.0341216397582797
0.544581103626846 0.604630908942715
0.447033786552127 0.332035483844408
0.00838510982102616 0.063333607212879
0.465251193709162 0.435366165943317
0.527409999086774 0.502514592947369
0.00733880720406323 0.0621192411093141
0.63195942358584 0.512394170277858
0.352158847223295 0.429074064529862
0.0158817291908645 0.0585317651922796
0.450145394142802 0.413629115831976
0.541684212049408 0.535302679396074
0.00817039380779156 0.0510682047719507
0.30152361506928 0.409932876701354
0.686475956265439 0.554475458964851
0.0120004286652814 0.035591664333795
0.456838006345173 0.379414254353208
0.525053465364769 0.538914157923145
0.0181085282900572 0.0816715877236476
0.437967082904869 0.309790822818308
0.551304832131189 0.641372312236896
0.0107280849639426 0.0488368649447942
0.408897539150664 0.35998608515115
0.581842300779683 0.596692156755348
0.00926016006965432 0.0433217580935027
0.490529786173056 0.332282272746072
0.499335500727518 0.591829128754036
0.0101347130994238 0.0758885984998918
0.338402808598652 0.26524070372805
0.643724093213164 0.675397115436173
0.0178730981881834 0.059362180835777
0.382474540639228 0.322506656412991
0.594596088956386 0.59371025938527
0.0229293704043873 0.0837830842017386
0.564990800369804 0.488942948813195
0.427441244708477 0.473023659909543
0.00756795492171702 0.0380333912772627
0.362249362104245 0.323815599240212
0.618554149630785 0.638494160751259
0.0191964882649674 0.0376902400085284
0.49468002404734 0.491086998384565
0.489098623002019 0.470220827418792
0.016221352950639 0.038692174196643
0.553506471654601 0.434367083669584
0.433157373345219 0.510951132905502
0.0133361550001789 0.0546817834249133
0.447914065038217 0.420197817779356
0.539272833095032 0.52530007643212
0.0128131018667514 0.0545021057885238
0.473086334782018 0.44757122635427
0.515889834503585 0.514419948993965
0.011023830714398 0.0380088246517638
0.564396901981689 0.637702035958405
0.427619258866503 0.300567622425797
0.00798383915180824 0.061730341615799
0.444847386330234 0.510360626608476
0.546622791496524 0.417443731015128
0.00852982217324141 0.0721956423763969
0.450437090341026 0.377301678084017
0.540819278309429 0.587288410742695
0.00874363134954489 0.0354099111732885
0.453705497140262 0.357565729828731
0.539659014253162 0.611885623554838
0.00663548860657647 0.0305486466164304
0.362719404895243 0.552293671160786
0.624284434085134 0.418814128760043
0.0129961610196246 0.0288922000791716
0.687957114491182 0.547684884381462
0.292710622526402 0.399360529603742
0.019332262982416 0.0529545860147951
0.411748937164663 0.264343414124658
0.580192606755833 0.700128196633011
0.0080584560795045 0.0355283892423317
0.503212384867646 0.538218360760108
0.488927416583074 0.39103175225006
0.00786019854927849 0.0707498869898331
0.516422439404828 0.619755916580622
0.476398871625689 0.353330714764896
0.00717868896948183 0.0269133686544809
0.58455682820738 0.737911164015093
0.399729830229264 0.221880353029047
0.015713341563358 0.0402084829558603
0.609219925269022 0.535672610094827
0.378648980409319 0.395398493637795
0.0121310943216573 0.068928896267378
0.576261649620352 0.422084236218583
0.410392649780325 0.489920676035997
0.0133457005993237 0.0879950877454218
0.415904967285655 0.344799686228048
0.573452247733891 0.550888427670556
0.0106427849804543 0.104311886101397
0.490923270453139 0.499346933482935
0.497714327251653 0.478250332344396
0.0113624022952065 0.0224027341726693
0.520312365646187 0.519517237422482
0.467248721491401 0.420270771211401
0.0124389128624134 0.0602119913661186
0.585211236409017 0.650404479236624
0.399616551212137 0.275896811754079
0.0151722123788477 0.073698709009297
0.608981879503175 0.604806274136605
0.378382720594941 0.316993792270337
0.0126353999018854 0.0781999335930591
0.50666039417082 0.509707278495687
0.484831624894361 0.427752129098101
0.00850798093481825 0.0625405924062116
0.636664219967868 0.511548419917161
0.3506302072022 0.429637796500795
0.0127055728299331 0.0588137835820425
0.44355476663906 0.445449281755653
0.545127720218946 0.399576776501615
0.0113175131419934 0.154973941742729
0.387997733230946 0.416236367090469
0.603150867266684 0.529636823487958
0.00885139950236855 0.0541268094215719
0.371254131473651 0.280744011698826
0.620821506752773 0.682513030625097
0.00792436177357463 0.0367429576760754
0.529726880266241 0.466016820477025
0.455276261006833 0.479954037176676
0.0149968587269255 0.0540291423462986
0.376677034652511 0.345875738917502
0.617022605200952 0.60884696441324
0.00630036014653491 0.0452772966692576
0.472924120254113 0.337879495651835
0.519388632575792 0.51797252860091
0.00768724717009629 0.144147975747255
0.398532708192588 0.302828526075182
0.580321833542784 0.598464941889654
0.0211454582646297 0.0987065320351641
0.345976475161458 0.289544812187239
0.639779588913613 0.635668271539667
0.0142439359249291 0.0747869162730937
0.574684122898083 0.495111154507354
0.412450810022242 0.441209627955602
0.0128650670796747 0.0636792175370445
0.548021020106066 0.509764999768632
0.447359505820272 0.42999584124345
0.00461947407366351 0.0602391589879192
0.574998214131976 0.541444360606256
0.417071695641851 0.379806962489441
0.00793009022617277 0.0787486769043039
0.568645868493573 0.473758989350558
0.421918009031732 0.449189109363608
0.00943612247469598 0.0770519012858339
0.344653491533696 0.4140661527379
0.645838633549366 0.512480524389018
0.00950787491693442 0.073453322873081
0.530860632989563 0.420526341161935
0.458186842410013 0.52594415125885
0.010952524600423 0.0535295075792163
0.441491491217536 0.43149885341817
0.552424694207632 0.523917721726253
0.00608381457483112 0.0445834248555774
0.494945545251774 0.421822870475612
0.498872393016572 0.472911998664275
0.00618206173165493 0.105265130860111
0.458190599507195 0.482782823430481
0.527199894185824 0.458753313476109
0.0146095063069838 0.0584638630934092
0.564768656744484 0.440805809246656
0.425229987488363 0.517807654700616
0.0100013557671538 0.0413865360527265
0.290279487706463 0.124371315610227
0.698343217150712 0.754270202976524
0.0113772951428261 0.12135848141325
0.481071347343085 0.446723489007125
0.496989366898612 0.519403901157776
0.021939285758302 0.0338726098350979
0.358857689530895 0.315975284247338
0.620782628311681 0.63355220938287
0.0203596821574226 0.0504725063697918
0.526376544185807 0.476337216993448
0.458261679941882 0.458612056315547
0.0153617758723116 0.065050726691006
0.437852297716099 0.610931723629118
0.545027575110122 0.321491022399978
0.0171201271737793 0.0675772539709052
0.728463080515621 0.678033550615617
0.259254527930497 0.251376037179549
0.012282391553881 0.0705904122048332
0.467661509492314 0.476491159656657
0.525005509003891 0.482762522956915
0.00733298150379392 0.0407463173864269
0.598320525761057 0.41383118049813
0.389305705916554 0.561376447673449
0.012373768322387 0.0247923718284198
0.49969778245265 0.664992934761245
0.490170459992737 0.2986961101185
0.010131757554615 0.0363109551202541
0.355773548715837 0.343687458816251
0.634119571619634 0.525858895962522
0.0101068796645292 0.130453645221226
0.345330041238087 0.388105918406697
0.64214272480131 0.547728941086079
0.0125272339606046 0.064165140507225
0.488081784241138 0.403320953060142
0.505145257054731 0.500526785415651
0.00677295870413158 0.0961522615242078
0.42648766639872 0.299832943078489
0.548961038662089 0.633279208870268
0.024551294939191 0.0668878480512438
0.500307457429919 0.409011790332705
0.487940901982304 0.546026531970302
0.011751640587778 0.0449616776969924
0.689803644264877 0.596376675029833
0.302483235613264 0.313930818723508
0.00771312012185947 0.0896925062466582
0.536888208815848 0.498805159118732
0.448480816131228 0.416332990873143
0.0146309750529235 0.0848618500081232
0.421841769892934 0.482600640086984
0.561764422044681 0.39309501056103
0.0163938080623834 0.124304349351986
0.459539532336034 0.359165862791654
0.533298367687654 0.515302388987087
0.00716209997631295 0.12553174822126
0.634114600746337 0.576242537090618
0.351961450745576 0.32807799010397
0.0139239485080866 0.0956794728054121
0.482560839720407 0.421980808289374
0.510982860367278 0.426248537316096
0.00645629991231575 0.151770654394528
0.561789040178665 0.701558398432659
0.42318502696192 0.270884953685889
0.0150259328594152 0.0275566478814529
0.530908460866315 0.38032221239649
0.457570834900329 0.584010980378865
0.0115207042333558 0.0356668072246457
0.587920634241459 0.51200941429411
0.399365841724639 0.433292041161903
0.0127135240339028 0.054698544543985
0.427859629109345 0.487279026771069
0.562188472581401 0.471607313574288
0.00995189830925131 0.0411136596546441
0.471437008215855 0.564265552364032
0.512133083157923 0.376064259191098
0.0164299086262233 0.0596701884448714
0.402320919255706 0.365572853361521
0.583284108104327 0.50312838044855
0.0143949726399666 0.131298766189929
0.297191834517195 0.287716167159113
0.688103835745633 0.66036575021568
0.0147043297371709 0.0519180826252059
0.502669020683858 0.491560562803201
0.488055792310248 0.369994228824181
0.00927518700589401 0.138445208372617
0.52100032613857 0.489324416504922
0.467654591647956 0.431617576923981
0.0113450822134744 0.0790580065710983
0.401142069513991 0.404919436785675
0.587199840647965 0.552934444793421
0.0116580898380448 0.042146118420902
0.457183168248515 0.403839149303573
0.526950618487979 0.553221462202245
0.0158662132635077 0.0429393884941825
0.350906442644483 0.219927226136251
0.63165135680359 0.70807545909969
0.0174422005519281 0.0719973147640567
0.416198839783338 0.262827912994619
0.570034405583034 0.698145174571251
0.0137667546336273 0.0390269124341292
0.604381491769966 0.523128415043149
0.388254086220299 0.408656103686866
0.00736442200973429 0.0682154812699844
0.590551069348055 0.590443399112461
0.399231474830196 0.36111833482443
0.0102174558217485 0.0484382660631093
0.429928085697654 0.548910748367236
0.561507619764216 0.414646566659663
0.00856429453813084 0.0364426849731
0.481004627346671 0.612926844055783
0.507837378897617 0.360410155538309
0.0111579937557103 0.0266630004059072
0.339821809426592 0.279080317508681
0.648917121438576 0.669505397266943
0.0112610691348338 0.0514142852243765
0.173353362155322 0.261922238864498
0.82038716477515 0.680018653820687
0.00625947306952904 0.0580591073148152
0.657274207696574 0.567798215026868
0.333068908662208 0.371199785999177
0.00965688364121674 0.0610019989739549
0.413783644531452 0.445974335040999
0.576641588358339 0.49259308227686
0.00957476711021077 0.061432582682141
0.565450814435972 0.596293310310317
0.416149085571401 0.328924863251073
0.0184000999926276 0.0747818264386092
0.57123737015636 0.472109371781856
0.420110747325246 0.457398046634429
0.00865188251839419 0.0704925815837133
0.462039612184377 0.397123361915067
0.529075955361441 0.505720955052424
0.00888443245418168 0.0971556830325084
0.531816602589017 0.446702956219332
0.456779370340741 0.492683336823276
0.0114040270702443 0.0606137069573926
0.631540709428089 0.566863764279316
0.351294257342225 0.383579103130462
0.0171650332296872 0.0495571325902215
0.262903931760167 0.259272629019596
0.723528063654539 0.675152342269951
0.0135680045852922 0.0655750287104516
0.454678886326009 0.379660523470824
0.536225546416221 0.545936802280647
0.0090955672577689 0.0744026742485286
0.379906056604917 0.396008091905918
0.599161706886201 0.541417994296325
0.0209322365088827 0.0625739137977572
0.667632696185369 0.652253960731647
0.321723092702769 0.26866083786464
0.0106442111118621 0.0790852014037121
0.674500601934609 0.639618037815551
0.318616737553381 0.315380392317483
0.00688266051200894 0.0450015698669651
0.523077345224647 0.537120666803681
0.467554074047266 0.406149651709402
0.00936858072808763 0.0567296814869185
0.502827431158287 0.385703325600504
0.492250786109905 0.51400378572042
0.00492178273180859 0.100292888679074
0.335185636614211 0.219897916571483
0.64578469117507 0.714473193879805
0.0190296722107199 0.0656288895487136
0.587899460415683 0.540907322519918
0.403662682575741 0.413832534040969
0.00843785700857744 0.045260143439111
0.638010365359173 0.665286298093397
0.34910988511232 0.292057778505661
0.0128797495285074 0.0426559234009431
0.470669761169626 0.415323028094659
0.523654636711334 0.541069234437036
0.00567560211904009 0.0436077374683052
0.602362920898197 0.584944076939813
0.378627945291266 0.385928874869452
0.0190091338105382 0.0291270481907325
0.570426165879389 0.600223710994262
0.422297227876814 0.326277978134975
0.00727660624379686 0.0734983108707598
0.427527476051087 0.28530023707015
0.560539895223662 0.620968786156734
0.011932628725251 0.0937309767731176
0.456077710580141 0.424950836101793
0.53459812753085 0.532626299267319
0.00932416188900847 0.0424228646308884
0.484219718339554 0.488971303860477
0.503187382466503 0.460677911565391
0.0125928991939416 0.0503507845741311
0.611181541667119 0.588239329649917
0.37932713108749 0.375626552816635
0.00949132724538936 0.0361341175334462
0.620129633139369 0.483915551992927
0.37516034082841 0.349112097189928
0.00471002603222154 0.166972350817146
0.332989804282354 0.300529390553161
0.659604325676845 0.631694529234808
0.00740587004080155 0.0677760802120308
0.391461241945642 0.327113402707318
0.593954054933261 0.606754908169167
0.0145847031210981 0.0661316891235147
0.271065802483311 0.16007993937103
0.716768965974862 0.759250949573928
0.0121652315418274 0.0806691110550415
0.489611854270078 0.256277573475793
0.502057931842348 0.61151149238004
0.00833021388757322 0.132210934144166
0.705063359694374 0.737284940310645
0.286869085932491 0.201030030514274
0.0080675543731349 0.0616850291750803
0.43708828362366 0.417600195966585
0.55450718069192 0.549764579258764
0.00840453568442262 0.0326352247746512
0.595416791840147 0.614771954105042
0.394145779406424 0.285777901700361
0.0104374287534288 0.0994501441945975
0.592983487319729 0.463735719042991
0.390193568056455 0.45155902869671
0.0168229446238153 0.0847052522602994
0.48045802648384 0.470601418900482
0.50761549502583 0.468805427124724
0.0119264784903278 0.0605931539747965
0.537116587244195 0.550686101644826
0.455047617039831 0.36672385596019
0.00783579571597274 0.0825900423949867
0.658896407753849 0.705452309239777
0.334198240084848 0.232453462352922
0.00690535216130358 0.0620942284073023
0.511353187596501 0.437589358844878
0.478425484182224 0.482947756213286
0.0102213282212727 0.0794628849418366
0.487886315281064 0.529819816574733
0.503697294932863 0.423115541501835
0.00841638978607196 0.0470646419234309
0.656309180923665 0.588969813299283
0.326813764887082 0.350693335070019
0.0168770541892543 0.0603368516306969
0.463635421785411 0.437453778771755
0.52695494163985 0.507477013365962
0.00940963657473953 0.0550692078622831
0.451096351766838 0.412476724054443
0.536952226972598 0.489130101682823
0.0119514212605635 0.0983931742627332
0.464446778695717 0.486984723083429
0.52515661395111 0.450327023505672
0.0103966073531734 0.0626882534108995
0.608065832430879 0.581536904180217
0.381481579304668 0.331999966757474
0.0104525882644534 0.08646312906231
0.570870010569323 0.628949844811477
0.422774566419754 0.312115723011607
0.00635542301092324 0.0589344321769151
0.596351641169172 0.596262295644767
0.396079017139002 0.351181157221092
0.00756934169182742 0.0525565471341429
0.6094148129997 0.636264038030934
0.378302475853137 0.299649742452211
0.0122827111471634 0.0640862195168543
0.638219694729435 0.63854159230752
0.323432172370635 0.292065599732456
0.0383481328999289 0.069392807960023
0.437878811911334 0.368705153910584
0.554298650646398 0.519093044656278
0.00782253744226782 0.112201801433138
0.601244424466416 0.654486756130218
0.385811267914909 0.27925322821415
0.0129443076186749 0.0662600156556328
0.404027335648229 0.465556173913965
0.586701416998128 0.504229927003286
0.00927124735364314 0.030213899082748
0.421652887674844 0.293535017588411
0.566768606711397 0.650000114295409
0.0115785056137578 0.0564648681161808
0.524325809106298 0.399403946603274
0.470001206327937 0.529901961137328
0.00567298456576607 0.0706940922593984
0.469907161762446 0.476193601303766
0.523119357706738 0.472629635175305
0.00697348053081542 0.0511767635209298
0.431966321674521 0.435833020807849
0.551907280294458 0.504966306377137
0.0161263980310219 0.0592006728150117
0.522507412910869 0.532377525466978
0.466116464909099 0.419960308943081
0.011376122180033 0.0476621655899418
0.541028732957821 0.48349575503745
0.45451940798793 0.425231951279242
0.00445185905424761 0.0912722936833086
0.450661417071849 0.510618183240618
0.538987924970214 0.393641139560433
0.0103506579579356 0.0957406771989496
0.583116868405072 0.544470192052267
0.40974591568798 0.355225192118747
0.00713721590694915 0.100304615828987
0.264346181131659 0.298375200698787
0.727795085808881 0.639726611206739
0.00785873305946168 0.0618981880944728
0.669571910104197 0.743820168847366
0.319303392980328 0.1855355720812
0.0111246969154754 0.0706442590714353
0.417633903908423 0.330175991045034
0.566577155739318 0.604083159908271
0.0157889403522597 0.065740849046693
0.466346153229316 0.409714010860676
0.519718923006209 0.504489438393035
0.0139349237644763 0.0857965507462899
0.473944351855863 0.52582613105377
0.512706524925452 0.42058093833163
0.0133491232186855 0.0535929306146008
0.444829083663366 0.493304711142009
0.545499602275261 0.447354826563228
0.00967131406137426 0.0593404622947624
0.44598382572724 0.356979180871331
0.549257495298598 0.582404887465098
0.00475867897416284 0.0606159316635709
0.410877324402044 0.360302411181751
0.578308891779238 0.503319359730228
0.0108137838187153 0.13637822908802
0.428057336439946 0.295067698162489
0.564395914236003 0.641366026481644
0.00754674932405038 0.063566275355867
0.541937417672534 0.537575810998418
0.451132026818961 0.368357478749774
0.00693055550850435 0.0940667102518079
0.525725764063421 0.461321463167992
0.461370668101996 0.461498167747036
0.0129035678345833 0.07718036908497
0.411003701003035 0.431368361960428
0.578704817199827 0.485870288244941
0.0102914817971386 0.08276134979463
0.551353703435754 0.623072752462137
0.441401656796047 0.280348738197072
0.00724463976819837 0.0965785093407921
0.668867878291133 0.567764628295238
0.323699665364204 0.387193921778056
0.00743245634466234 0.0450414499267072
0.511556706306891 0.526403658958447
0.480020858943045 0.392105690256396
0.00842243475006569 0.0814906507851587
0.585412566094264 0.523851239575741
0.410216639726778 0.405870375699
0.00437079417895772 0.0702783847252603
0.416948693211873 0.415272548769545
0.564081245409086 0.51019136772093
0.0189700613790423 0.0745360835095252
0.553938744251932 0.571296471001236
0.425480151933614 0.386297911627999
0.020581103814453 0.0424056173707651
0.398275125926446 0.326426514296796
0.584956877376346 0.596535835109185
0.0167679966972086 0.0770376505940179
0.474833728774396 0.531782681459587
0.515114873244438 0.407611549072847
0.0100513979811664 0.0606057694675646
0.413154943250568 0.4122884759073
0.578708414043027 0.521127070589074
0.0081366427064043 0.0665844535036276
0.546633998265973 0.372957749810852
0.441103761169204 0.550676970981381
0.0122622405648231 0.0763652792077677
0.225043109278502 0.211825420593104
0.764240242085827 0.664459168762361
0.0107166486356699 0.123715410644537
0.465028152038471 0.430916998247519
0.527304542668093 0.50978966219375
0.00766730529343518 0.0592933395587309
0.334995525438424 0.410421463711213
0.647148185756047 0.547386340999208
0.0178562888055288 0.0421921952895794
0.519285042915319 0.475009012431398
0.463474501333549 0.46643497157205
0.0172404557511323 0.058556015996551
0.445224292663203 0.536265595871327
0.54763464538462 0.38941738703141
0.00714106195217485 0.0743170170972635
0.514863272127362 0.439669167728689
0.471145929024691 0.51003831895891
0.013990798847947 0.0502925133124015
0.611585790991403 0.557824064612647
0.382943562782317 0.356994649681556
0.00547064622628143 0.0851812857057962
-999 -999
-999 -999
-999 -999
-999 -999
-999 -999
-999 -999
