476 491 2
476 492 2
476 493 1
476 494 1
476 495 1
476 496 1
476 497 1
476 498 1
476 499 1
476 500 1
476 501 1
476 502 1
476 503 1
476 504 1
476 505 1
476 506 1
476 507 1
476 508 1
476 509 1
476 510 1
477 491 2
477 492 2
477 493 1
477 494 1
477 495 1
477 496 1
477 497 1
477 498 1
477 499 1
477 500 1
477 501 1
477 502 1
477 503 1
477 504 1
477 505 1
477 506 1
477 507 1
477 508 1
477 509 1
477 510 1
478 491 1
478 492 1
478 493 1
478 494 1
478 495 1
478 496 1
478 497 1
478 498 1
478 499 1
478 500 1
478 501 1
478 502 1
478 503 1
478 504 1
478 505 1
478 506 1
478 507 1
478 508 1
478 509 1
478 510 1
479 491 2
479 492 2
479 493 1
479 494 1
479 495 1
479 496 1
479 497 1
479 498 1
479 499 1
479 500 1
479 501 1
479 502 1
479 503 1
479 504 1
479 505 1
479 506 1
479 507 1
479 508 1
479 509 1
479 510 1
480 491 2
480 492 1
480 493 1
480 494 1
480 495 1
480 496 1
480 497 1
480 498 1
480 499 1
480 500 1
480 501 1
480 502 1
480 503 1
480 504 1
480 505 1
480 506 1
480 507 1
480 508 1
480 509 1
480 510 1
481 491 1
481 492 1
481 493 1
481 494 2
481 495 1
481 496 1
481 497 1
481 498 1
481 499 1
481 500 1
481 501 1
481 502 1
481 503 2
481 504 1
481 505 1
481 506 1
481 507 1
481 508 1
481 509 1
481 510 1
482 491 1
482 492 1
482 493 1
482 494 2
482 495 1
482 496 2
482 497 1
482 498 1
482 499 1
482 500 1
482 501 1
482 502 1
482 503 1
482 504 1
482 505 1
482 506 1
482 507 1
482 508 1
482 509 1
482 510 1
483 491 1
483 492 1
483 493 1
483 494 1
483 495 1
483 496 2
483 497 1
483 498 1
483 499 1
483 500 1
483 501 1
483 502 1
483 503 1
483 504 1
483 505 1
483 506 1
483 507 1
483 508 1
483 509 1
483 510 1
484 491 1
484 492 1
484 493 1
484 494 1
484 495 1
484 496 1
484 497 1
484 498 1
484 499 1
484 500 1
484 501 1
484 502 1
484 503 1
484 504 1
484 505 1
484 506 1
484 507 1
484 508 1
484 509 1
484 510 1
485 491 1
485 492 1
485 493 1
485 494 1
485 495 1
485 496 1
485 497 1
485 498 1
485 499 1
485 500 1
485 501 1
485 502 1
485 503 1
485 504 1
485 505 1
485 506 1
485 507 1
485 508 1
485 509 1
485 510 1
486 491 1
486 492 1
486 493 1
486 494 1
486 495 1
486 496 1
486 497 1
486 498 1
486 499 1
486 500 1
486 501 1
486 502 1
486 503 1
486 504 1
486 505 1
486 506 1
486 507 1
486 508 1
486 509 1
486 510 1
487 491 1
487 492 1
487 493 1
487 494 1
487 495 1
487 496 1
487 497 1
487 498 1
487 499 1
487 500 1
487 501 1
487 502 1
487 503 1
487 504 1
487 505 1
487 506 1
487 507 1
487 508 1
487 509 1
487 510 1
488 491 1
488 492 1
488 493 1
488 494 1
488 495 1
488 496 1
488 497 1
488 498 1
488 499 1
488 500 1
488 501 1
488 502 1
488 503 1
488 504 1
488 505 1
488 506 1
488 507 1
488 508 1
488 509 1
488 510 1
489 491 1
489 492 1
489 493 1
489 494 1
489 495 1
489 496 1
489 497 1
489 498 1
489 499 1
489 500 1
489 501 1
489 502 1
489 503 1
489 504 1
489 505 1
489 506 1
489 507 2
489 508 1
489 509 1
489 510 1
490 491 1
490 492 1
490 493 1
490 494 1
490 495 1
490 496 1
490 497 1
490 498 1
490 499 1
490 500 1
490 501 1
490 502 1
490 503 1
490 504 1
490 505 1
490 506 2
490 507 2
490 508 2
490 509 2
490 510 1
491 491 1
491 492 1
491 493 1
491 494 1
491 495 1
491 496 2
491 497 2
491 498 1
491 499 1
491 500 1
491 501 1
491 502 1
491 503 1
491 504 1
491 505 1
491 506 1
491 507 1
491 508 2
491 509 1
491 510 1
492 491 1
492 492 1
492 493 1
492 494 1
492 495 1
492 496 1
492 497 1
492 498 1
492 499 1
492 500 1
492 501 1
492 502 1
492 503 1
492 504 1
492 505 1
492 506 1
492 507 1
492 508 1
492 509 1
492 510 1
493 491 1
493 492 1
493 493 1
493 494 1
493 495 1
493 496 1
493 497 1
493 498 1
493 499 1
493 500 1
493 501 1
493 502 1
493 503 1
493 504 1
493 505 1
493 506 1
493 507 1
493 508 1
493 509 1
493 510 1
494 491 1
494 492 1
494 493 1
494 494 1
494 495 1
494 496 1
494 497 1
494 498 1
494 499 1
494 500 1
494 501 1
494 502 1
494 503 1
494 504 1
494 505 1
494 506 1
494 507 1
494 508 1
494 509 1
494 510 1
495 491 1
495 492 1
495 493 1
495 494 1
495 495 1
495 496 1
495 497 1
495 498 1
495 499 1
495 500 1
495 501 1
495 502 1
495 503 1
495 504 1
495 505 1
495 506 1
495 507 1
495 508 1
495 509 1
495 510 1
496 491 1
496 492 1
496 493 1
496 494 1
496 495 1
496 496 1
496 497 1
496 498 1
496 499 1
496 500 1
496 501 1
496 502 1
496 503 1
496 504 1
496 505 1
496 506 1
496 507 1
496 508 1
496 509 1
496 510 1
497 491 1
497 492 1
497 493 1
497 494 1
497 495 1
497 496 1
497 497 1
497 498 1
497 499 1
497 500 1
497 501 1
497 502 1
497 503 1
497 504 1
497 505 1
497 506 1
497 507 1
497 508 1
497 509 1
497 510 1
498 491 1
498 492 1
498 493 1
498 494 1
498 495 1
498 496 1
498 497 1
498 498 2
498 499 1
498 500 1
498 501 1
498 502 1
498 503 1
498 504 1
498 505 1
498 506 1
498 507 1
498 508 1
498 509 1
498 510 1
499 491 1
499 492 1
499 493 1
499 494 1
499 495 1
499 496 1
499 497 1
499 498 1
499 499 1
499 500 1
499 501 1
499 502 1
499 503 1
499 504 1
499 505 1
499 506 1
499 507 1
499 508 1
499 509 1
499 510 1
500 491 1
500 492 1
500 493 1
500 494 1
500 495 1
500 496 1
500 497 1
500 498 1
500 499 1
500 500 1
500 501 1
500 502 1
500 503 1
500 504 1
500 505 1
500 506 2
500 507 2
500 508 1
500 509 1
500 510 1
501 491 1
501 492 1
501 493 1
501 494 1
501 495 1
501 496 1
501 497 1
501 498 1
501 499 1
501 500 1
501 501 1
501 502 1
501 503 1
501 504 1
501 505 1
501 506 1
501 507 1
501 508 1
501 509 1
501 510 1
502 491 1
502 492 1
502 493 1
502 494 1
502 495 1
502 496 1
502 497 1
502 498 1
502 499 1
502 500 1
502 501 1
502 502 1
502 503 1
502 504 1
502 505 1
502 506 1
502 507 1
502 508 1
502 509 1
502 510 1
503 491 1
503 492 1
503 493 1
503 494 1
503 495 1
503 496 1
503 497 1
503 498 1
503 499 1
503 500 1
503 501 1
503 502 1
503 503 1
503 504 1
503 505 1
503 506 1
503 507 1
503 508 1
503 509 1
503 510 1
504 491 1
504 492 1
504 493 1
504 494 1
504 495 1
504 496 1
504 497 1
504 498 1
504 499 1
504 500 1
504 501 1
504 502 1
504 503 1
504 504 1
504 505 1
504 506 1
504 507 1
504 508 1
504 509 1
504 510 1
505 491 1
505 492 1
505 493 1
505 494 1
505 495 1
505 496 1
505 497 1
505 498 2
505 499 2
505 500 1
505 501 1
505 502 1
505 503 1
505 504 1
505 505 1
505 506 1
505 507 1
505 508 1
505 509 1
505 510 1
506 491 1
506 492 1
506 493 1
506 494 2
506 495 1
506 496 1
506 497 1
506 498 2
506 499 1
506 500 1
506 501 1
506 502 1
506 503 1
506 504 1
506 505 1
506 506 1
506 507 1
506 508 1
506 509 1
506 510 1
507 491 1
507 492 1
507 493 1
507 494 1
507 495 1
507 496 1
507 497 1
507 498 1
507 499 1
507 500 1
507 501 1
507 502 1
507 503 1
507 504 1
507 505 1
507 506 1
507 507 1
507 508 1
507 509 1
507 510 1
508 491 1
508 492 1
508 493 1
508 494 1
508 495 1
508 496 1
508 497 1
508 498 1
508 499 1
508 500 1
508 501 1
508 502 1
508 503 1
508 504 1
508 505 1
508 506 1
508 507 1
508 508 1
508 509 1
508 510 1
509 491 1
509 492 1
509 493 1
509 494 1
509 495 1
509 496 1
509 497 1
509 498 1
509 499 1
509 500 1
509 501 1
509 502 1
509 503 1
509 504 1
509 505 1
509 506 1
509 507 1
509 508 1
509 509 1
509 510 1
510 491 1
510 492 1
510 493 1
510 494 1
510 495 1
510 496 1
510 497 1
510 498 1
510 499 1
510 500 1
510 501 1
510 502 1
510 503 1
510 504 1
510 505 1
510 506 1
510 507 1
510 508 1
510 509 1
510 510 1
511 491 1
511 492 1
511 493 1
511 494 1
511 495 1
511 496 1
511 497 1
511 498 1
511 499 1
511 500 1
511 501 1
511 502 1
511 503 1
511 504 1
511 505 1
511 506 1
511 507 1
511 508 1
511 509 1
511 510 1
512 491 1
512 492 1
512 493 1
512 494 1
512 495 1
512 496 1
512 497 1
512 498 1
512 499 1
512 500 1
512 501 1
512 502 2
512 503 1
512 504 1
512 505 1
512 506 1
512 507 1
512 508 1
512 509 1
512 510 1
513 491 1
513 492 1
513 493 1
513 494 1
513 495 1
513 496 1
513 497 1
513 498 1
513 499 1
513 500 1
513 501 1
513 502 1
513 503 1
513 504 1
513 505 1
513 506 1
513 507 1
513 508 1
513 509 1
513 510 1
514 491 1
514 492 1
514 493 1
514 494 1
514 495 1
514 496 1
514 497 1
514 498 1
514 499 1
514 500 1
514 501 1
514 502 1
514 503 1
514 504 1
514 505 1
514 506 1
514 507 1
514 508 1
514 509 1
514 510 1
515 491 1
515 492 1
515 493 2
515 494 2
515 495 1
515 496 1
515 497 1
515 498 1
515 499 1
515 500 1
515 501 1
515 502 1
515 503 1
515 504 1
515 505 1
515 506 1
515 507 1
515 508 1
515 509 1
515 510 1
516 491 2
516 492 2
516 493 1
516 494 1
516 495 1
516 496 1
516 497 1
516 498 1
516 499 1
516 500 1
516 501 1
516 502 1
516 503 1
516 504 1
516 505 1
516 506 1
516 507 1
516 508 1
516 509 1
516 510 1
517 491 1
517 492 2
517 493 2
517 494 1
517 495 1
517 496 1
517 497 1
517 498 1
517 499 1
517 500 1
517 501 1
517 502 1
517 503 1
517 504 1
517 505 1
517 506 1
517 507 1
517 508 1
517 509 1
517 510 1
518 491 1
518 492 1
518 493 2
518 494 1
518 495 1
518 496 1
518 497 2
518 498 1
518 499 1
518 500 1
518 501 1
518 502 1
518 503 1
518 504 1
518 505 2
518 506 1
518 507 1
518 508 1
518 509 1
518 510 1
519 491 1
519 492 1
519 493 1
519 494 1
519 495 1
519 496 1
519 497 1
519 498 1
519 499 1
519 500 1
519 501 1
519 502 1
519 503 1
519 504 2
519 505 2
519 506 1
519 507 1
519 508 1
519 509 1
519 510 1
520 491 1
520 492 1
520 493 1
520 494 1
520 495 1
520 496 1
520 497 1
520 498 1
520 499 1
520 500 1
520 501 1
520 502 1
520 503 1
520 504 1
520 505 1
520 506 1
520 507 1
520 508 1
520 509 1
520 510 1
521 491 1
521 492 1
521 493 1
521 494 1
521 495 1
521 496 1
521 497 1
521 498 1
521 499 1
521 500 1
521 501 1
521 502 1
521 503 1
521 504 1
521 505 1
521 506 1
521 507 1
521 508 1
521 509 1
521 510 1
522 491 1
522 492 1
522 493 1
522 494 1
522 495 1
522 496 1
522 497 1
522 498 1
522 499 1
522 500 1
522 501 1
522 502 1
522 503 1
522 504 1
522 505 1
522 506 1
522 507 1
522 508 1
522 509 1
522 510 1
523 491 1
523 492 1
523 493 1
523 494 1
523 495 1
523 496 1
523 497 1
523 498 1
523 499 1
523 500 1
523 501 1
523 502 1
523 503 1
523 504 1
523 505 1
523 506 1
523 507 1
523 508 1
523 509 1
523 510 1
524 491 1
524 492 1
524 493 1
524 494 1
524 495 1
524 496 1
524 497 1
524 498 1
524 499 1
524 500 1
524 501 1
524 502 1
524 503 1
524 504 1
524 505 1
524 506 1
524 507 1
524 508 1
524 509 1
524 510 1
525 491 1
525 492 1
525 493 1
525 494 1
525 495 1
525 496 1
525 497 1
525 498 1
525 499 1
525 500 1
525 501 1
525 502 1
525 503 1
525 504 1
525 505 1
525 506 1
525 507 1
525 508 1
525 509 1
525 510 1
