362
366
365
371
380
371
378
364
375
379
383
380
377
372
362
364
359
357
356
347
350
348
350
358
352
350
349
358
356
366
350
358
356
360
365
364
370
375
376
378
376
379
387
382
378
378
391
385
385
382
391
389
395
394
395
399
392
387
379
388
384
376
368
368
355
353
363
358
348
355
351
353
347
352
340
332
322
322
315
322
326
328
328
330
319
315
316
315
304
302
299
302
307
311
300
293
290
287
286
283
285
280
276
270
275
261
265
265
270
285
286
282
273
268
256
263
248
253
246
248
244
245
256
250
239
240
225
223
210
206
198
187
193
197
188
190
189
197
183
179
172
172
169
165
174
172
174
184
181
181
187
191
195
190
188
197
186
195
193
183
174
168
163
158
163
162
163
152
151
158
159
167
169
168
171
173
180
172
180
181
179
181
174
178
184
172
165
170
174
161
167
172
168
163
165
162
154
165
157
161
151
153
148
151
157
143
142
144
141
144
144
137
137
148
147
151
149
145
153
141
140
146
155
154
150
156
159
159
157
146
141
151
145
152
153
149
141
137
143
151
148
148
149
149
155
157
149
145
159
159
159
158
149
143
140
144
151
145
134
138
135
144
138
143
149
145
139
127
122
120
135
129
116
118
120
126
127
133
125
130
127
125
122
120
130
132
126
122
124
131
123
126
125
126
133
128
132
134
130
131
129
129
128
121
111
115
119
123
121
127
120
113
102
106
113
116
116
124
123
107
101
96
106
106
110
107
102
106
107
113
118
113
114
105
106
109
119
109
109
96
95
96
106
113
118
114
107
106
118
109
111
116
113
105
102
106
107
107
108
106
115
117
120
112
119
112
106
115
115
108
111
107
110
97
102
98
101
106
111
106
126
133
131
131
129
115
127
120
122
126
118
121
124
126
122
122
121
115
112
117
126
124
121
120
121
121
128
132
124
123
134
129
131
130
134
130
129
137
132
136
143
133
126
129
133
129
117
120
117
116
120
120
127
126
127
144
145
134
120
121
119
123
117
117
108
112
117
115
113
115
115
112
107
111
114
112
114
108
104
103
110
102
106
109
108
109
116
111
117
114
113
106
113
115
116
109
108
117
126
115
127
120
118
123
121
124
126
116
117
107
108
108
104
107
117
120
112
106
112
110
117
108
101
106
113
108
101
101
102
102
112
110
109
108
101
102
94
101
110
106
107
108
100
103
106
106
105
99
98
107
116
117
115
108
107
97
100
99
101
99
106
108
105
110
111
123
124
116
123
117
116
122
116
121
120
120
123
131
131
129
130
140
142
139
126
125
118
111
101
109
111
110
111
113
121
123
124
123
129
131
136
125
128
122
124
123
131
135
134
130
125
126
121
129
126
119
109
113
112
116
107
110
111
107
106
116
106
109
108
114
116
115
110
115
121
117
113
114
119
118
112
120
117
110
112
102
96
105
105
111
102
102
111
107
113
118
120
120
120
123
127
129
131
124
117
109
105
113
110
119
117
114
108
106
110
106
111
110
113
112
108
100
96
97
104
100
104
94
97
92
95
101
114
108
102
103
105
104
104
102
99
104
113
104
95
94
97
95
101
98
95
90
87
88
93
88
87
88
90
91
87
77
83
85
85
89
87
88
91
83
88
83
81
82
83
86
92
92
91
91
92
90
85
88
99
94
96
96
93
93
90
91
77
81
73
76
76
77
80
82
86
87
82
83
82
89
89
87
77
82
77
76
80
74
74
68
65
67
72
73
74
77
79
79
92
84
79
83
92
89
91
83
92
95
86
89
100
95
87
83
90
97
92
80
85
90
84
93
102
96
100
110
103
109
100
96
87
99
105
111
111
100
104
91
89
78
74
75
80
75
71
67
73
71
76
79
78
76
80
88
75
62
75
72
84
82
88
87
82
80
78
74
80
79
81
80
73
68
77
85
83
80
85
95
97
88
86
83
83
82
88
96
97
86
82
77
74
64
62
79
69
85
88
93
91
93
86
91
89
97
91
89
92
89
86
80
80
79
69
70
73
75
74
79
79
83
84
78
84
85
74
68
77
77
73
79
74
85
82
86
80
76
80
80
82
84
82
83
77
79
82
74
78
69
73
73
83
78
82
96
87
85
86
88
77
80
65
64
62
61
70
73
78
73
72
82
89
90
93
96
92
80
85
81
83
82
84
93
99
89
93
89
80
82
89
88
95
94
89
91
90
89
99
108
97
93
90
78
77
74
70
68
74
69
69
74
75
73
79
79
79
83
87
83
88
95
92
90
101
103
117
102
96
89
88
89
94
100
95
88
