0.321758914900848 0.723144470208382 -999 -999 -999 -999 -999 -999 -999 -999
0.31004367324223 0.273732893531301 -999 -999 -999 -999 -999 -999 -999 -999
0.368197411856922 0.00312263626031711 -999 -999 -999 -999 -999 -999 -999 -999
0.345896558641638 0.752641846707691 -999 -999 -999 -999 -999 -999 -999 -999
0.331763584610039 0.243372819901931 -999 -999 -999 -999 -999 -999 -999 -999
0.322339856748323 0.003985333390379 -999 -999 -999 -999 -999 -999 -999 -999
0.341067572488259 0.661128569703774 -999 -999 -999 -999 -999 -999 -999 -999
0.346671851171241 0.33641655259066 -999 -999 -999 -999 -999 -999 -999 -999
0.3122605763405 0.00245487770556483 -999 -999 -999 -999 -999 -999 -999 -999
0.342324099775521 0.822292791656514 -999 -999 -999 -999 -999 -999 -999 -999
0.337994506249278 0.171780304132944 -999 -999 -999 -999 -999 -999 -999 -999
0.319681393975201 0.00592690421054222 -999 -999 -999 -999 -999 -999 -999 -999
0.331524152249292 0.600075389707735 -999 -999 -999 -999 -999 -999 -999 -999
0.306383673092315 0.398059983563912 -999 -999 -999 -999 -999 -999 -999 -999
0.362092174658393 0.00186462672835278 -999 -999 -999 -999 -999 -999 -999 -999
0.3331525271087 0.682080558183437 -999 -999 -999 -999 -999 -999 -999 -999
0.333982835481359 0.315326127478328 -999 -999 -999 -999 -999 -999 -999 -999
0.332864637409941 0.00259331433823504 -999 -999 -999 -999 -999 -999 -999 -999
0.349164865372656 0.888898867633489 -999 -999 -999 -999 -999 -999 -999 -999
0.328331073362771 0.100869621321854 -999 -999 -999 -999 -999 -999 -999 -999
0.322504061264573 0.0102315110446561 -999 -999 -999 -999 -999 -999 -999 -999
0.329050334712451 0.651318326895212 -999 -999 -999 -999 -999 -999 -999 -999
0.330099511609114 0.346536990113478 -999 -999 -999 -999 -999 -999 -999 -999
0.340850153678435 0.00214468299130984 -999 -999 -999 -999 -999 -999 -999 -999
0.309663210770389 0.847676481115271 -999 -999 -999 -999 -999 -999 -999 -999
0.331919318892951 0.145174581410013 -999 -999 -999 -999 -999 -999 -999 -999
0.35841747033666 0.00714893747471545 -999 -999 -999 -999 -999 -999 -999 -999
0.321003915139323 0.639196255568773 -999 -999 -999 -999 -999 -999 -999 -999
0.350688579427931 0.358643085987594 -999 -999 -999 -999 -999 -999 -999 -999
0.328307505432746 0.00216065844363214 -999 -999 -999 -999 -999 -999 -999 -999
0.331355946229261 0.769020171641694 -999 -999 -999 -999 -999 -999 -999 -999
0.337494211509703 0.226599114519572 -999 -999 -999 -999 -999 -999 -999 -999
0.331149842261036 0.00438071383873479 -999 -999 -999 -999 -999 -999 -999 -999
0.340107022913716 0.778777364289945 -999 -999 -999 -999 -999 -999 -999 -999
0.34217695911073 0.21704129616304 -999 -999 -999 -999 -999 -999 -999 -999
0.317716017975554 0.00418133954701408 -999 -999 -999 -999 -999 -999 -999 -999
0.330490321765963 0.705772509439153 -999 -999 -999 -999 -999 -999 -999 -999
0.336060892714937 0.291306746005893 -999 -999 -999 -999 -999 -999 -999 -999
0.3334487855191 0.00292074455495307 -999 -999 -999 -999 -999 -999 -999 -999
0.316695229405058 0.848134846144529 -999 -999 -999 -999 -999 -999 -999 -999
0.355288918890273 0.145159108229755 -999 -999 -999 -999 -999 -999 -999 -999
0.328015851704669 0.00670604562571682 -999 -999 -999 -999 -999 -999 -999 -999
0.326736422027118 0.732163079587802 -999 -999 -999 -999 -999 -999 -999 -999
0.337353494032486 0.264859385235112 -999 -999 -999 -999 -999 -999 -999 -999
0.335910083940396 0.0029775351770875 -999 -999 -999 -999 -999 -999 -999 -999
0.323272828655132 0.834405128395569 -999 -999 -999 -999 -999 -999 -999 -999
0.334855065490593 0.159235901326745 -999 -999 -999 -999 -999 -999 -999 -999
0.341872105854276 0.00635897027768695 -999 -999 -999 -999 -999 -999 -999 -999
0.320988693104314 0.695000128680032 -999 -999 -999 -999 -999 -999 -999 -999
0.353853692141159 0.302409894199217 -999 -999 -999 -999 -999 -999 -999 -999
0.325157614754527 0.00258997712074979 -999 -999 -999 -999 -999 -999 -999 -999
0.348191290134879 0.647223668196653 -999 -999 -999 -999 -999 -999 -999 -999
0.318264352339803 0.350506939783203 -999 -999 -999 -999 -999 -999 -999 -999
0.333544357525318 0.0022693920201448 -999 -999 -999 -999 -999 -999 -999 -999
0.348588151253909 0.783635558728885 -999 -999 -999 -999 -999 -999 -999 -999
0.305020016559192 0.212390036598823 -999 -999 -999 -999 -999 -999 -999 -999
0.3463918321869 0.00397440467229172 -999 -999 -999 -999 -999 -999 -999 -999
0.341391051750887 0.865833166146176 -999 -999 -999 -999 -999 -999 -999 -999
0.326273305557358 0.126353695098849 -999 -999 -999 -999 -999 -999 -999 -999
0.332335642691754 0.00781313875497551 -999 -999 -999 -999 -999 -999 -999 -999
0.334219355372002 0.730345725112117 -999 -999 -999 -999 -999 -999 -999 -999
0.341886074000784 0.266496459339523 -999 -999 -999 -999 -999 -999 -999 -999
0.323894570627214 0.0031578155483605 -999 -999 -999 -999 -999 -999 -999 -999
0.3297315249948 0.762888099591039 -999 -999 -999 -999 -999 -999 -999 -999
0.329442917287744 0.233153570064885 -999 -999 -999 -999 -999 -999 -999 -999
0.340825557717456 0.00395833034407613 -999 -999 -999 -999 -999 -999 -999 -999
0.315387941599336 0.671181814633941 -999 -999 -999 -999 -999 -999 -999 -999
0.355639525132502 0.32631357188291 -999 -999 -999 -999 -999 -999 -999 -999
0.328972533268162 0.00250461348314885 -999 -999 -999 -999 -999 -999 -999 -999
0.320292122560422 0.781838989302649 -999 -999 -999 -999 -999 -999 -999 -999
0.34248728235954 0.213576202112862 -999 -999 -999 -999 -999 -999 -999 -999
0.337220595080037 0.00458480858448936 -999 -999 -999 -999 -999 -999 -999 -999
0.309889082165364 0.675948583939166 -999 -999 -999 -999 -999 -999 -999 -999
0.353537873131296 0.32152824596948 -999 -999 -999 -999 -999 -999 -999 -999
0.33657304470334 0.00252317009135306 -999 -999 -999 -999 -999 -999 -999 -999
0.340868422769542 0.675993510155234 -999 -999 -999 -999 -999 -999 -999 -999
0.305439948658135 0.321629318696221 -999 -999 -999 -999 -999 -999 -999 -999
0.353691628572323 0.00237717114854489 -999 -999 -999 -999 -999 -999 -999 -999
0.328109180825662 0.673799037136448 -999 -999 -999 -999 -999 -999 -999 -999
0.322862378326035 0.323521497549576 -999 -999 -999 -999 -999 -999 -999 -999
0.349028440848303 0.00267946531397614 -999 -999 -999 -999 -999 -999 -999 -999
0.332160786689363 0.662194768382196 -999 -999 -999 -999 -999 -999 -999 -999
0.342746934457077 0.335335136987478 -999 -999 -999 -999 -999 -999 -999 -999
0.325092278853559 0.00247009463032624 -999 -999 -999 -999 -999 -999 -999 -999
0.315735641517541 0.705487623008563 -999 -999 -999 -999 -999 -999 -999 -999
0.334635461621934 0.29169750084051 -999 -999 -999 -999 -999 -999 -999 -999
0.349628896860525 0.00281487615092646 -999 -999 -999 -999 -999 -999 -999 -999
0.33055633401969 0.770316199314775 -999 -999 -999 -999 -999 -999 -999 -999
0.348423858728137 0.225293811131592 -999 -999 -999 -999 -999 -999 -999 -999
0.321019807252173 0.00438998955363305 -999 -999 -999 -999 -999 -999 -999 -999
0.337785989961687 0.769482514335185 -999 -999 -999 -999 -999 -999 -999 -999
0.321747984000862 0.226118655097775 -999 -999 -999 -999 -999 -999 -999 -999
0.340466026037451 0.00439883056703961 -999 -999 -999 -999 -999 -999 -999 -999
0.341352368930859 0.704290217977285 -999 -999 -999 -999 -999 -999 -999 -999
0.334687554993129 0.293009999021771 -999 -999 -999 -999 -999 -999 -999 -999
0.323960076076012 0.00269978300094456 -999 -999 -999 -999 -999 -999 -999 -999
0.317410321243337 0.79011178842173 -999 -999 -999 -999 -999 -999 -999 -999
0.342797758687121 0.205370126255234 -999 -999 -999 -999 -999 -999 -999 -999
0.339791920069543 0.00451808532303668 -999 -999 -999 -999 -999 -999 -999 -999
0.328080905388344 0.786790754777453 -999 -999 -999 -999 -999 -999 -999 -999
0.344303793162138 0.208310568020281 -999 -999 -999 -999 -999 -999 -999 -999
0.327615301449518 0.00489867720226646 -999 -999 -999 -999 -999 -999 -999 -999
0.315371832352637 0.709867973722013 -999 -999 -999 -999 -999 -999 -999 -999
0.337867541084913 0.287398013513361 -999 -999 -999 -999 -999 -999 -999 -999
0.34676062656245 0.00273401276462532 -999 -999 -999 -999 -999 -999 -999 -999
0.311799919451151 0.728865228758678 -999 -999 -999 -999 -999 -999 -999 -999
0.355203603861439 0.267780193801699 -999 -999 -999 -999 -999 -999 -999 -999
0.33299647668741 0.00335457743962259 -999 -999 -999 -999 -999 -999 -999 -999
0.343449819399353 0.794125176629096 -999 -999 -999 -999 -999 -999 -999 -999
0.320275698766557 0.201055771849171 -999 -999 -999 -999 -999 -999 -999 -999
0.336274481834089 0.00481905152173365 -999 -999 -999 -999 -999 -999 -999 -999
0.315116167943495 0.747862094871935 -999 -999 -999 -999 -999 -999 -999 -999
0.334041840558192 0.248275765483341 -999 -999 -999 -999 -999 -999 -999 -999
0.350841991498314 0.00386213964472419 -999 -999 -999 -999 -999 -999 -999 -999
0.332014016574565 0.811968670250873 -999 -999 -999 -999 -999 -999 -999 -999
0.321981826001483 0.182644883790407 -999 -999 -999 -999 -999 -999 -999 -999
0.346004157423952 0.00538644595872006 -999 -999 -999 -999 -999 -999 -999 -999
0.321433919083575 0.768621020552333 -999 -999 -999 -999 -999 -999 -999 -999
0.341354344975607 0.227348190166363 -999 -999 -999 -999 -999 -999 -999 -999
0.337211735940818 0.00403078928130477 -999 -999 -999 -999 -999 -999 -999 -999
0.341738896595148 0.844334132333762 -999 -999 -999 -999 -999 -999 -999 -999
0.329516439564028 0.148843802309512 -999 -999 -999 -999 -999 -999 -999 -999
0.328744663840824 0.00682206535672513 -999 -999 -999 -999 -999 -999 -999 -999
0.338123599848776 0.686229835733593 -999 -999 -999 -999 -999 -999 -999 -999
0.339368317382114 0.311196356765585 -999 -999 -999 -999 -999 -999 -999 -999
0.32250808276911 0.00257380750082275 -999 -999 -999 -999 -999 -999 -999 -999
0.335533388254303 0.79189226582252 -999 -999 -999 -999 -999 -999 -999 -999
0.336922022824709 0.203559732625196 -999 -999 -999 -999 -999 -999 -999 -999
0.327544588920988 0.00454800155228385 -999 -999 -999 -999 -999 -999 -999 -999
0.358052762956556 0.758108092975935 -999 -999 -999 -999 -999 -999 -999 -999
0.306051371132486 0.238154052632733 -999 -999 -999 -999 -999 -999 -999 -999
0.335895865910958 0.00373785439133232 -999 -999 -999 -999 -999 -999 -999 -999
0.33548306027108 0.761230266009015 -999 -999 -999 -999 -999 -999 -999 -999
0.345938476980299 0.234611590968363 -999 -999 -999 -999 -999 -999 -999 -999
0.318578462748621 0.0041581430226228 -999 -999 -999 -999 -999 -999 -999 -999
0.340721300681285 0.792856767537236 -999 -999 -999 -999 -999 -999 -999 -999
0.325365769838666 0.202275402871895 -999 -999 -999 -999 -999 -999 -999 -999
0.333912929480049 0.00486782959086805 -999 -999 -999 -999 -999 -999 -999 -999
0.343501208654387 0.776137193904536 -999 -999 -999 -999 -999 -999 -999 -999
0.325626024521391 0.219543671062423 -999 -999 -999 -999 -999 -999 -999 -999
0.330872766824221 0.00431913503304088 -999 -999 -999 -999 -999 -999 -999 -999
0.325417662886558 0.86564712500866 -999 -999 -999 -999 -999 -999 -999 -999
0.32835798737599 0.126326343428315 -999 -999 -999 -999 -999 -999 -999 -999
0.346224349737452 0.0080265315630255 -999 -999 -999 -999 -999 -999 -999 -999
0.323444485908927 0.841056549011225 -999 -999 -999 -999 -999 -999 -999 -999
0.331748218668667 0.152524106886462 -999 -999 -999 -999 -999 -999 -999 -999
0.344807295422406 0.00641934410231354 -999 -999 -999 -999 -999 -999 -999 -999
0.341044934219751 0.762558019693824 -999 -999 -999 -999 -999 -999 -999 -999
0.336687746071027 0.233571599502826 -999 -999 -999 -999 -999 -999 -999 -999
0.322267319709222 0.00387038080334878 -999 -999 -999 -999 -999 -999 -999 -999
0.328212886881514 0.743399384238312 -999 -999 -999 -999 -999 -999 -999 -999
0.33942163383484 0.253028028097036 -999 -999 -999 -999 -999 -999 -999 -999
0.332365479283646 0.00357258766465302 -999 -999 -999 -999 -999 -999 -999 -999
0.320364108525778 0.814686831037912 -999 -999 -999 -999 -999 -999 -999 -999
0.335743262711791 0.179811623745794 -999 -999 -999 -999 -999 -999 -999 -999
0.343892628762431 0.00550154521629237 -999 -999 -999 -999 -999 -999 -999 -999
0.342377164268048 0.756438967427087 -999 -999 -999 -999 -999 -999 -999 -999
0.331963738864047 0.239865241450352 -999 -999 -999 -999 -999 -999 -999 -999
0.325659096867905 0.0036957911225609 -999 -999 -999 -999 -999 -999 -999 -999
0.339518919706635 0.758563964648888 -999 -999 -999 -999 -999 -999 -999 -999
0.323031779797596 0.23746273492506 -999 -999 -999 -999 -999 -999 -999 -999
0.337449300495769 0.00397330042605253 -999 -999 -999 -999 -999 -999 -999 -999
0.323253050607286 0.653354674874912 -999 -999 -999 -999 -999 -999 -999 -999
0.340222839054629 0.344069660555282 -999 -999 -999 -999 -999 -999 -999 -999
0.336524110338085 0.00257566456980722 -999 -999 -999 -999 -999 -999 -999 -999
0.32942863340572 0.858466402474761 -999 -999 -999 -999 -999 -999 -999 -999
0.338434754372036 0.134389267100948 -999 -999 -999 -999 -999 -999 -999 -999
0.332136612222244 0.00714433042429082 -999 -999 -999 -999 -999 -999 -999 -999
0.323669771998953 0.740270564308418 -999 -999 -999 -999 -999 -999 -999 -999
0.34501335818336 0.256084095982287 -999 -999 -999 -999 -999 -999 -999 -999
0.331316869817687 0.00364533970929508 -999 -999 -999 -999 -999 -999 -999 -999
0.353021452368487 0.738565996438716 -999 -999 -999 -999 -999 -999 -999 -999
0.33373958278296 0.257775032806729 -999 -999 -999 -999 -999 -999 -999 -999
0.313238964848554 0.00365897075455485 -999 -999 -999 -999 -999 -999 -999 -999
0.341245046697345 0.829742593378761 -999 -999 -999 -999 -999 -999 -999 -999
0.323679634007254 0.164606588827076 -999 -999 -999 -999 -999 -999 -999 -999
0.335075319295401 0.00565081779416337 -999 -999 -999 -999 -999 -999 -999 -999
0.356499852164759 0.831964773876294 -999 -999 -999 -999 -999 -999 -999 -999
0.327756054555168 0.161541697034281 -999 -999 -999 -999 -999 -999 -999 -999
0.315744093280072 0.00649352908942444 -999 -999 -999 -999 -999 -999 -999 -999
0.341813062460794 0.686202413292662 -999 -999 -999 -999 -999 -999 -999 -999
0.312592306284106 0.31104328348878 -999 -999 -999 -999 -999 -999 -999 -999
0.345594631255101 0.0027543032185593 -999 -999 -999 -999 -999 -999 -999 -999
0.32072680283425 0.802620376255452 -999 -999 -999 -999 -999 -999 -999 -999
0.350271292239396 0.192414569322131 -999 -999 -999 -999 -999 -999 -999 -999
0.329001904926354 0.00496505442241754 -999 -999 -999 -999 -999 -999 -999 -999
0.337615904086045 0.771222033544937 -999 -999 -999 -999 -999 -999 -999 -999
0.339189780762472 0.224637769716508 -999 -999 -999 -999 -999 -999 -999 -999
0.323194315151483 0.00414019673855459 -999 -999 -999 -999 -999 -999 -999 -999
0.33926209179097 0.697135180211774 -999 -999 -999 -999 -999 -999 -999 -999
0.351647272122414 0.299895486902849 -999 -999 -999 -999 -999 -999 -999 -999
0.309090636086615 0.00296933288537708 -999 -999 -999 -999 -999 -999 -999 -999
0.32214912031258 0.769900092229241 -999 -999 -999 -999 -999 -999 -999 -999
0.344782858703513 0.22595133660947 -999 -999 -999 -999 -999 -999 -999 -999
0.333068020983907 0.00414857116128948 -999 -999 -999 -999 -999 -999 -999 -999
0.353955264303124 0.8251043871602 -999 -999 -999 -999 -999 -999 -999 -999
0.32050002774154 0.16928971828909 -999 -999 -999 -999 -999 -999 -999 -999
0.325544707955336 0.00560589455071012 -999 -999 -999 -999 -999 -999 -999 -999
0.346725521155621 0.785441953310499 -999 -999 -999 -999 -999 -999 -999 -999
0.331518186983102 0.21035564766053 -999 -999 -999 -999 -999 -999 -999 -999
0.321756291861277 0.00420239902897091 -999 -999 -999 -999 -999 -999 -999 -999
0.321346432695533 0.746990276947478 -999 -999 -999 -999 -999 -999 -999 -999
0.325240319664832 0.249367410713196 -999 -999 -999 -999 -999 -999 -999 -999
0.353413247639635 0.0036423123393264 -999 -999 -999 -999 -999 -999 -999 -999
0.33485415203315 0.829665374030577 -999 -999 -999 -999 -999 -999 -999 -999
0.336150954081787 0.163764159442248 -999 -999 -999 -999 -999 -999 -999 -999
0.328994893885062 0.00657046652717514 -999 -999 -999 -999 -999 -999 -999 -999
0.323184076830121 0.720252106182192 -999 -999 -999 -999 -999 -999 -999 -999
0.332234139161844 0.27657440575013 -999 -999 -999 -999 -999 -999 -999 -999
0.344581784008035 0.00317348806767815 -999 -999 -999 -999 -999 -999 -999 -999
0.342548239376632 0.684157194974786 -999 -999 -999 -999 -999 -999 -999 -999
0.327684758456855 0.312923823831254 -999 -999 -999 -999 -999 -999 -999 -999
0.329767002166513 0.00291898119396086 -999 -999 -999 -999 -999 -999 -999 -999
0.354214237899049 0.644878696584613 -999 -999 -999 -999 -999 -999 -999 -999
0.329400762353582 0.35286027754523 -999 -999 -999 -999 -999 -999 -999 -999
0.316384999747369 0.00226102587015685 -999 -999 -999 -999 -999 -999 -999 -999
0.358773856572707 0.752282606684904 -999 -999 -999 -999 -999 -999 -999 -999
0.346811173326892 0.244185415315538 -999 -999 -999 -999 -999 -999 -999 -999
0.294414970100401 0.00353197799955785 -999 -999 -999 -999 -999 -999 -999 -999
0.313494477844469 0.723262634272089 -999 -999 -999 -999 -999 -999 -999 -999
0.332491856727385 0.273297790467388 -999 -999 -999 -999 -999 -999 -999 -999
0.354013665428145 0.00343957526052421 -999 -999 -999 -999 -999 -999 -999 -999
0.333937408264846 0.703261925560936 -999 -999 -999 -999 -999 -999 -999 -999
0.333726504036477 0.293752857206274 -999 -999 -999 -999 -999 -999 -999 -999
0.332336087698677 0.00298521723279022 -999 -999 -999 -999 -999 -999 -999 -999
0.339027582326757 0.76055916117168 -999 -999 -999 -999 -999 -999 -999 -999
0.325405102162693 0.235325866692148 -999 -999 -999 -999 -999 -999 -999 -999
0.335567315510549 0.00411497213617313 -999 -999 -999 -999 -999 -999 -999 -999
0.309548806542171 0.756087552783718 -999 -999 -999 -999 -999 -999 -999 -999
0.341214825457507 0.240023143456856 -999 -999 -999 -999 -999 -999 -999 -999
0.349236368000323 0.0038893037594267 -999 -999 -999 -999 -999 -999 -999 -999
0.341430979240306 0.730512944158615 -999 -999 -999 -999 -999 -999 -999 -999
0.328150617462066 0.266101140150335 -999 -999 -999 -999 -999 -999 -999 -999
0.330418403297628 0.00338591569105038 -999 -999 -999 -999 -999 -999 -999 -999
0.332980214706583 0.759229103750696 -999 -999 -999 -999 -999 -999 -999 -999
0.341827726540054 0.236895255664307 -999 -999 -999 -999 -999 -999 -999 -999
0.325192058753363 0.00387564058499746 -999 -999 -999 -999 -999 -999 -999 -999
0.342592947829392 0.707131410289984 -999 -999 -999 -999 -999 -999 -999 -999
0.337713119277797 0.289752735150793 -999 -999 -999 -999 -999 -999 -999 -999
0.319693932892811 0.00311585455922237 -999 -999 -999 -999 -999 -999 -999 -999
0.327623613651505 0.835155640547261 -999 -999 -999 -999 -999 -999 -999 -999
0.32524286653096 0.158830485759853 -999 -999 -999 -999 -999 -999 -999 -999
0.347133519817535 0.00601387369288555 -999 -999 -999 -999 -999 -999 -999 -999
0.331571561071989 0.812328022006122 -999 -999 -999 -999 -999 -999 -999 -999
0.362189582217763 0.182860271721116 -999 -999 -999 -999 -999 -999 -999 -999
0.306238856710248 0.00481170627276085 -999 -999 -999 -999 -999 -999 -999 -999
0.332569575670365 0.730794636730308 -999 -999 -999 -999 -999 -999 -999 -999
0.322590452171375 0.266047596329906 -999 -999 -999 -999 -999 -999 -999 -999
0.344839972158259 0.00315776693978583 -999 -999 -999 -999 -999 -999 -999 -999
0.316864159601061 0.794674218250296 -999 -999 -999 -999 -999 -999 -999 -999
0.339009373339656 0.200639648857304 -999 -999 -999 -999 -999 -999 -999 -999
0.344126467059283 0.00468613289239994 -999 -999 -999 -999 -999 -999 -999 -999
0.346061646289791 0.745857307969944 -999 -999 -999 -999 -999 -999 -999 -999
0.321071799915478 0.25040654666533 -999 -999 -999 -999 -999 -999 -999 -999
0.332866553794731 0.00373614536472665 -999 -999 -999 -999 -999 -999 -999 -999
0.327865285394055 0.872025130998705 -999 -999 -999 -999 -999 -999 -999 -999
0.341779121634585 0.12016207837161 -999 -999 -999 -999 -999 -999 -999 -999
0.33035559297136 0.00781279062968465 -999 -999 -999 -999 -999 -999 -999 -999
0.330710844719123 0.725957824980798 -999 -999 -999 -999 -999 -999 -999 -999
0.343214624185354 0.270645698333037 -999 -999 -999 -999 -999 -999 -999 -999
0.326074531095522 0.00339647668616618 -999 -999 -999 -999 -999 -999 -999 -999
0.334916442440719 0.721242633161583 -999 -999 -999 -999 -999 -999 -999 -999
0.343047942928399 0.275715771812594 -999 -999 -999 -999 -999 -999 -999 -999
0.322035614630883 0.00304159502582236 -999 -999 -999 -999 -999 -999 -999 -999
0.322551128552623 0.779344325714621 -999 -999 -999 -999 -999 -999 -999 -999
0.321867023761758 0.216024609099027 -999 -999 -999 -999 -999 -999 -999 -999
0.355581847685619 0.00463106518635108 -999 -999 -999 -999 -999 -999 -999 -999
0.350255803395461 0.790487397751602 -999 -999 -999 -999 -999 -999 -999 -999
0.333453064105925 0.204613089911659 -999 -999 -999 -999 -999 -999 -999 -999
0.316291132498615 0.00489951233673959 -999 -999 -999 -999 -999 -999 -999 -999
0.344807253775123 0.701001894468342 -999 -999 -999 -999 -999 -999 -999 -999
0.315949732873651 0.296147982854849 -999 -999 -999 -999 -999 -999 -999 -999
0.339243013351225 0.00285012267680787 -999 -999 -999 -999 -999 -999 -999 -999
0.335947427862806 0.735730148296855 -999 -999 -999 -999 -999 -999 -999 -999
0.312700745059681 0.260795042699065 -999 -999 -999 -999 -999 -999 -999 -999
0.351351827077513 0.00347480900408049 -999 -999 -999 -999 -999 -999 -999 -999
0.345679353269936 0.818657949007608 -999 -999 -999 -999 -999 -999 -999 -999
0.339859747690675 0.175562134729283 -999 -999 -999 -999 -999 -999 -999 -999
0.314460899039388 0.00577991626310826 -999 -999 -999 -999 -999 -999 -999 -999
0.339141726829456 0.79099111054647 -999 -999 -999 -999 -999 -999 -999 -999
0.342011107385617 0.204498338503178 -999 -999 -999 -999 -999 -999 -999 -999
0.318847165784926 0.00451055095035185 -999 -999 -999 -999 -999 -999 -999 -999
0.324457552333377 0.75452376864072 -999 -999 -999 -999 -999 -999 -999 -999
0.352098254948311 0.24179535664258 -999 -999 -999 -999 -999 -999 -999 -999
0.323444192718311 0.00368087471670119 -999 -999 -999 -999 -999 -999 -999 -999
0.333273288652498 0.711443589138325 -999 -999 -999 -999 -999 -999 -999 -999
0.334604796799707 0.285531112699926 -999 -999 -999 -999 -999 -999 -999 -999
0.332121914547795 0.0030252981617499 -999 -999 -999 -999 -999 -999 -999 -999
0.316590284435748 0.780070140727864 -999 -999 -999 -999 -999 -999 -999 -999
0.32862257452649 0.215353868790366 -999 -999 -999 -999 -999 -999 -999 -999
0.354787141037762 0.00457599048176925 -999 -999 -999 -999 -999 -999 -999 -999
0.346759739783917 0.804909306335499 -999 -999 -999 -999 -999 -999 -999 -999
0.315894002138168 0.190249576729653 -999 -999 -999 -999 -999 -999 -999 -999
0.337346258077915 0.00484111693484679 -999 -999 -999 -999 -999 -999 -999 -999
0.33982649922179 0.774298242228697 -999 -999 -999 -999 -999 -999 -999 -999
0.335106408439707 0.221513550368235 -999 -999 -999 -999 -999 -999 -999 -999
0.325067092338503 0.00418820740306824 -999 -999 -999 -999 -999 -999 -999 -999
0.339663385244742 0.74285985959807 -999 -999 -999 -999 -999 -999 -999 -999
0.340848539085619 0.253165387329405 -999 -999 -999 -999 -999 -999 -999 -999
0.319488075669639 0.00397475307252541 -999 -999 -999 -999 -999 -999 -999 -999
0.322311565171847 0.823061462060915 -999 -999 -999 -999 -999 -999 -999 -999
0.332955854486133 0.171474166357202 -999 -999 -999 -999 -999 -999 -999 -999
0.34473258034202 0.00546437158188343 -999 -999 -999 -999 -999 -999 -999 -999
0.320623988622499 0.806304060605004 -999 -999 -999 -999 -999 -999 -999 -999
0.33417253786814 0.189034534031281 -999 -999 -999 -999 -999 -999 -999 -999
0.34520347350936 0.00466140536371521 -999 -999 -999 -999 -999 -999 -999 -999
0.33343213277616 0.79693775348798 -999 -999 -999 -999 -999 -999 -999 -999
0.348740379619402 0.198257769671292 -999 -999 -999 -999 -999 -999 -999 -999
0.317827487604438 0.00480447684072899 -999 -999 -999 -999 -999 -999 -999 -999
0.324528415200947 0.81751143481856 -999 -999 -999 -999 -999 -999 -999 -999
0.324938658032429 0.17675609470183 -999 -999 -999 -999 -999 -999 -999 -999
0.350532926766625 0.00573247047960965 -999 -999 -999 -999 -999 -999 -999 -999
0.318850734200134 0.753529767651188 -999 -999 -999 -999 -999 -999 -999 -999
0.349488669706359 0.242622688270725 -999 -999 -999 -999 -999 -999 -999 -999
0.331660596093507 0.00384754407808645 -999 -999 -999 -999 -999 -999 -999 -999
0.308242972559752 0.677577568486916 -999 -999 -999 -999 -999 -999 -999 -999
0.332781534384938 0.320025623432075 -999 -999 -999 -999 -999 -999 -999 -999
0.358975493055309 0.00239680808100957 -999 -999 -999 -999 -999 -999 -999 -999
0.324516184614677 0.724118651840173 -999 -999 -999 -999 -999 -999 -999 -999
0.351962334298306 0.272767989162186 -999 -999 -999 -999 -999 -999 -999 -999
0.323521481087017 0.00311335899764153 -999 -999 -999 -999 -999 -999 -999 -999
0.31756816716256 0.809634929782217 -999 -999 -999 -999 -999 -999 -999 -999
0.331167683081179 0.185203934353459 -999 -999 -999 -999 -999 -999 -999 -999
0.351264149756262 0.00516113586432404 -999 -999 -999 -999 -999 -999 -999 -999
0.320993261709848 0.783603532690548 -999 -999 -999 -999 -999 -999 -999 -999
0.334509354298893 0.212278499742086 -999 -999 -999 -999 -999 -999 -999 -999
0.34449738399126 0.00411796756736695 -999 -999 -999 -999 -999 -999 -999 -999
0.332645570090793 0.742959477765952 -999 -999 -999 -999 -999 -999 -999 -999
0.345202048410606 0.253412283319032 -999 -999 -999 -999 -999 -999 -999 -999
0.322152381498601 0.00362823891501593 -999 -999 -999 -999 -999 -999 -999 -999
0.328790430574768 0.7594418387363 -999 -999 -999 -999 -999 -999 -999 -999
0.345066093311342 0.236659521159886 -999 -999 -999 -999 -999 -999 -999 -999
0.32614347611389 0.00389864010381359 -999 -999 -999 -999 -999 -999 -999 -999
0.321933434982928 0.803617459557792 -999 -999 -999 -999 -999 -999 -999 -999
0.354470561555602 0.190916136867949 -999 -999 -999 -999 -999 -999 -999 -999
0.32359600346147 0.0054664035742581 -999 -999 -999 -999 -999 -999 -999 -999
0.320680008192282 0.760265918589963 -999 -999 -999 -999 -999 -999 -999 -999
0.328778155966126 0.235742865404098 -999 -999 -999 -999 -999 -999 -999 -999
0.350541835841592 0.00399121600593867 -999 -999 -999 -999 -999 -999 -999 -999
0.325786456421364 0.677772510327891 -999 -999 -999 -999 -999 -999 -999 -999
0.336970029284706 0.31955223155631 -999 -999 -999 -999 -999 -999 -999 -999
0.33724351429393 0.00267525811579902 -999 -999 -999 -999 -999 -999 -999 -999
0.33710768925277 0.795477829369162 -999 -999 -999 -999 -999 -999 -999 -999
0.333449023228759 0.199331209560656 -999 -999 -999 -999 -999 -999 -999 -999
0.329443287518471 0.0051909610701815 -999 -999 -999 -999 -999 -999 -999 -999
0.31632344885876 0.761171506522224 -999 -999 -999 -999 -999 -999 -999 -999
0.343366825246355 0.234968988811412 -999 -999 -999 -999 -999 -999 -999 -999
0.340309725894886 0.00385950466636399 -999 -999 -999 -999 -999 -999 -999 -999
0.334167355723482 0.749616194344122 -999 -999 -999 -999 -999 -999 -999 -999
0.342957150810916 0.246770930709224 -999 -999 -999 -999 -999 -999 -999 -999
0.322875493465603 0.00361287494665322 -999 -999 -999 -999 -999 -999 -999 -999
0.343149561247662 0.746895165165464 -999 -999 -999 -999 -999 -999 -999 -999
0.308337427215374 0.249628000259534 -999 -999 -999 -999 -999 -999 -999 -999
0.348513011536964 0.0034768345750019 -999 -999 -999 -999 -999 -999 -999 -999
0.337056191650304 0.801064866435058 -999 -999 -999 -999 -999 -999 -999 -999
0.322525484094955 0.194120976212851 -999 -999 -999 -999 -999 -999 -999 -999
0.340418324254741 0.00481415735209063 -999 -999 -999 -999 -999 -999 -999 -999
0.322355004795687 0.682424189283396 -999 -999 -999 -999 -999 -999 -999 -999
0.334322686737466 0.314922776707702 -999 -999 -999 -999 -999 -999 -999 -999
0.343322308466847 0.00265303400890123 -999 -999 -999 -999 -999 -999 -999 -999
0.319381534073827 0.727281538286582 -999 -999 -999 -999 -999 -999 -999 -999
0.33161246214278 0.269514320619198 -999 -999 -999 -999 -999 -999 -999 -999
0.349006003783393 0.00320414109422053 -999 -999 -999 -999 -999 -999 -999 -999
0.322532938525839 0.677458680518366 -999 -999 -999 -999 -999 -999 -999 -999
0.337491986395343 0.320006075080382 -999 -999 -999 -999 -999 -999 -999 -999
0.339975075078818 0.00253524440125137 -999 -999 -999 -999 -999 -999 -999 -999
0.305598662399562 0.871163155708469 -999 -999 -999 -999 -999 -999 -999 -999
0.362007942957789 0.120687254482507 -999 -999 -999 -999 -999 -999 -999 -999
0.332393394642649 0.00814958980902414 -999 -999 -999 -999 -999 -999 -999 -999
0.324040132091468 0.693992835457484 -999 -999 -999 -999 -999 -999 -999 -999
0.322378407452973 0.303212375813329 -999 -999 -999 -999 -999 -999 -999 -999
0.353581460455559 0.00279478872918726 -999 -999 -999 -999 -999 -999 -999 -999
0.336748419596264 0.760434007692635 -999 -999 -999 -999 -999 -999 -999 -999
0.332735672019595 0.235553561911242 -999 -999 -999 -999 -999 -999 -999 -999
0.330515908384142 0.00401243039612311 -999 -999 -999 -999 -999 -999 -999 -999
0.335303686434999 0.611950600346634 -999 -999 -999 -999 -999 -999 -999 -999
0.345889520874987 0.386014538042175 -999 -999 -999 -999 -999 -999 -999 -999
0.318806792690013 0.00203486161119163 -999 -999 -999 -999 -999 -999 -999 -999
0.329974797063479 0.700406410483539 -999 -999 -999 -999 -999 -999 -999 -999
0.338226656879337 0.296667825874968 -999 -999 -999 -999 -999 -999 -999 -999
0.331798546057183 0.0029257636414925 -999 -999 -999 -999 -999 -999 -999 -999
0.351059688047704 0.785048505310574 -999 -999 -999 -999 -999 -999 -999 -999
0.342085293004592 0.210596760829993 -999 -999 -999 -999 -999 -999 -999 -999
0.306855018947704 0.00435473385943259 -999 -999 -999 -999 -999 -999 -999 -999
0.336999474523504 0.760438764644173 -999 -999 -999 -999 -999 -999 -999 -999
0.33392499416214 0.235467348582996 -999 -999 -999 -999 -999 -999 -999 -999
0.329075531314356 0.00409388677283194 -999 -999 -999 -999 -999 -999 -999 -999
0.347471959304807 0.79740652549331 -999 -999 -999 -999 -999 -999 -999 -999
0.31789606664937 0.197711080854068 -999 -999 -999 -999 -999 -999 -999 -999
0.334631974045823 0.00488239365262246 -999 -999 -999 -999 -999 -999 -999 -999
0.347315449298443 0.793139094376227 -999 -999 -999 -999 -999 -999 -999 -999
0.334731883109237 0.202089816729902 -999 -999 -999 -999 -999 -999 -999 -999
0.31795266759232 0.00477108889387049 -999 -999 -999 -999 -999 -999 -999 -999
0.335980877642673 0.750087463377039 -999 -999 -999 -999 -999 -999 -999 -999
0.336957871175893 0.246059861789907 -999 -999 -999 -999 -999 -999 -999 -999
0.327061251181434 0.00385267483305349 -999 -999 -999 -999 -999 -999 -999 -999
0.335598779380703 0.71960021596651 -999 -999 -999 -999 -999 -999 -999 -999
0.336262262662788 0.277457561497135 -999 -999 -999 -999 -999 -999 -999 -999
0.328138957956508 0.00294222253635369 -999 -999 -999 -999 -999 -999 -999 -999
0.323652306036276 0.803971726264808 -999 -999 -999 -999 -999 -999 -999 -999
0.330750922591642 0.191272870215086 -999 -999 -999 -999 -999 -999 -999 -999
0.345596771372082 0.00475540352010679 -999 -999 -999 -999 -999 -999 -999 -999
0.328212797545607 0.764589770898327 -999 -999 -999 -999 -999 -999 -999 -999
0.351134031607365 0.230956496195253 -999 -999 -999 -999 -999 -999 -999 -999
0.320653170847029 0.00445373290642056 -999 -999 -999 -999 -999 -999 -999 -999
0.361700185063616 0.777338311755401 -999 -999 -999 -999 -999 -999 -999 -999
0.31802034081235 0.218045934637258 -999 -999 -999 -999 -999 -999 -999 -999
0.320279474124033 0.00461575360734097 -999 -999 -999 -999 -999 -999 -999 -999
0.331407655867086 0.768092740566552 -999 -999 -999 -999 -999 -999 -999 -999
0.344860409977279 0.227788640276817 -999 -999 -999 -999 -999 -999 -999 -999
0.323731934155635 0.00411861915663229 -999 -999 -999 -999 -999 -999 -999 -999
0.318876407169039 0.827452451491134 -999 -999 -999 -999 -999 -999 -999 -999
0.347354412927909 0.166845287745515 -999 -999 -999 -999 -999 -999 -999 -999
0.33376917990305 0.00570226076335139 -999 -999 -999 -999 -999 -999 -999 -999
0.333330471397051 0.786580778303839 -999 -999 -999 -999 -999 -999 -999 -999
0.315855378969672 0.20867233577257 -999 -999 -999 -999 -999 -999 -999 -999
0.350814149633277 0.00474688592359092 -999 -999 -999 -999 -999 -999 -999 -999
0.336380448178401 0.68028383522473 -999 -999 -999 -999 -999 -999 -999 -999
0.33766147663937 0.316927072719302 -999 -999 -999 -999 -999 -999 -999 -999
0.325958075182229 0.0027890920559678 -999 -999 -999 -999 -999 -999 -999 -999
0.335935181642393 0.747887303210771 -999 -999 -999 -999 -999 -999 -999 -999
0.329019720132606 0.248351239804643 -999 -999 -999 -999 -999 -999 -999 -999
0.335045098225001 0.00376145698458649 -999 -999 -999 -999 -999 -999 -999 -999
0.330271018915373 0.735247092152343 -999 -999 -999 -999 -999 -999 -999 -999
0.349195604554222 0.261297594353561 -999 -999 -999 -999 -999 -999 -999 -999
0.320533376530405 0.00345531349409546 -999 -999 -999 -999 -999 -999 -999 -999
0.340605560343485 0.751141432312958 -999 -999 -999 -999 -999 -999 -999 -999
0.33798855532246 0.245249801132441 -999 -999 -999 -999 -999 -999 -999 -999
0.321405884334055 0.00360876655460138 -999 -999 -999 -999 -999 -999 -999 -999
0.335051830032185 0.770569852351038 -999 -999 -999 -999 -999 -999 -999 -999
0.337003182185149 0.225354136374465 -999 -999 -999 -999 -999 -999 -999 -999
0.327944987782666 0.00407601127449636 -999 -999 -999 -999 -999 -999 -999 -999
0.31407554855375 0.675879445260003 -999 -999 -999 -999 -999 -999 -999 -999
0.363627010905894 0.321456648755087 -999 -999 -999 -999 -999 -999 -999 -999
0.322297440540356 0.00266390598490979 -999 -999 -999 -999 -999 -999 -999 -999
0.346799353403953 0.760976170648532 -999 -999 -999 -999 -999 -999 -999 -999
0.310508446136725 0.235053377192501 -999 -999 -999 -999 -999 -999 -999 -999
0.342692200459322 0.00397045215896721 -999 -999 -999 -999 -999 -999 -999 -999
0.312956045738371 0.734104128506466 -999 -999 -999 -999 -999 -999 -999 -999
0.353331434487413 0.262464150052252 -999 -999 -999 -999 -999 -999 -999 -999
0.333712519774216 0.0034317214412817 -999 -999 -999 -999 -999 -999 -999 -999
0.325262408884211 0.807004578456503 -999 -999 -999 -999 -999 -999 -999 -999
0.320204304592047 0.187214011898384 -999 -999 -999 -999 -999 -999 -999 -999
0.354533286523742 0.00578140964511365 -999 -999 -999 -999 -999 -999 -999 -999
0.334979980452417 0.779392011076045 -999 -999 -999 -999 -999 -999 -999 -999
0.338754324681558 0.216116129681467 -999 -999 -999 -999 -999 -999 -999 -999
0.326265694866024 0.00449185924248828 -999 -999 -999 -999 -999 -999 -999 -999
0.335160894878072 0.827412327857987 -999 -999 -999 -999 -999 -999 -999 -999
0.341989917864451 0.166473585786264 -999 -999 -999 -999 -999 -999 -999 -999
0.322849187257478 0.00611408635574882 -999 -999 -999 -999 -999 -999 -999 -999
0.345966814103019 0.806462127176031 -999 -999 -999 -999 -999 -999 -999 -999
0.338959712965136 0.188215187375183 -999 -999 -999 -999 -999 -999 -999 -999
0.315073472931846 0.00532268544878672 -999 -999 -999 -999 -999 -999 -999 -999
0.32594438951331 0.738952703467406 -999 -999 -999 -999 -999 -999 -999 -999
0.340709138698006 0.257742606135882 -999 -999 -999 -999 -999 -999 -999 -999
0.333346471788684 0.00330469039671151 -999 -999 -999 -999 -999 -999 -999 -999
0.339967505033365 0.763891547954698 -999 -999 -999 -999 -999 -999 -999 -999
0.329885892108332 0.232208396770603 -999 -999 -999 -999 -999 -999 -999 -999
0.330146602858303 0.00390005527469872 -999 -999 -999 -999 -999 -999 -999 -999
0.319658976333965 0.7133265561899 -999 -999 -999 -999 -999 -999 -999 -999
0.33281852179719 0.283811646883431 -999 -999 -999 -999 -999 -999 -999 -999
0.347522501868844 0.00286179692666899 -999 -999 -999 -999 -999 -999 -999 -999
0.336911958780395 0.722895082207973 -999 -999 -999 -999 -999 -999 -999 -999
0.321245875158931 0.273933836580523 -999 -999 -999 -999 -999 -999 -999 -999
0.341842166060674 0.0031710812115046 -999 -999 -999 -999 -999 -999 -999 -999
0.349699481581708 0.781896492001363 -999 -999 -999 -999 -999 -999 -999 -999
0.33701408687691 0.214129640813311 -999 -999 -999 -999 -999 -999 -999 -999
0.313286431541382 0.0039738671853264 -999 -999 -999 -999 -999 -999 -999 -999
0.322351232668318 0.705314384892525 -999 -999 -999 -999 -999 -999 -999 -999
0.355265862258974 0.291734327921815 -999 -999 -999 -999 -999 -999 -999 -999
0.322382905072707 0.00295128718566017 -999 -999 -999 -999 -999 -999 -999 -999
0.333330883654947 0.70253442853713 -999 -999 -999 -999 -999 -999 -999 -999
0.329325205725331 0.294425829289063 -999 -999 -999 -999 -999 -999 -999 -999
0.337343910619721 0.00303974217380759 -999 -999 -999 -999 -999 -999 -999 -999
0.354448029931658 0.659197766569892 -999 -999 -999 -999 -999 -999 -999 -999
0.308136183404013 0.338608874716223 -999 -999 -999 -999 -999 -999 -999 -999
0.337415786664329 0.00219335871388465 -999 -999 -999 -999 -999 -999 -999 -999
0.344508556050043 0.826980601475264 -999 -999 -999 -999 -999 -999 -999 -999
0.324262369737606 0.167159248472927 -999 -999 -999 -999 -999 -999 -999 -999
0.33122907421235 0.00586015005180867 -999 -999 -999 -999 -999 -999 -999 -999
0.317571460740321 0.833111788044491 -999 -999 -999 -999 -999 -999 -999 -999
0.354864275453931 0.161048722758967 -999 -999 -999 -999 -999 -999 -999 -999
0.327564263805747 0.00583948919654159 -999 -999 -999 -999 -999 -999 -999 -999
0.349171396399082 0.720209588020553 -999 -999 -999 -999 -999 -999 -999 -999
0.323155232780696 0.276743392642285 -999 -999 -999 -999 -999 -999 -999 -999
0.327673370820223 0.00304701933716219 -999 -999 -999 -999 -999 -999 -999 -999
0.339455398947616 0.770519677676818 -999 -999 -999 -999 -999 -999 -999 -999
0.335221239402116 0.225499517287205 -999 -999 -999 -999 -999 -999 -999 -999
0.325323361650268 0.00398080503597762 -999 -999 -999 -999 -999 -999 -999 -999
0.333720617318607 0.732923026118487 -999 -999 -999 -999 -999 -999 -999 -999
0.329802259009281 0.263936013958128 -999 -999 -999 -999 -999 -999 -999 -999
0.336477123672111 0.00314095992338448 -999 -999 -999 -999 -999 -999 -999 -999
0.321792688623206 0.687606341968604 -999 -999 -999 -999 -999 -999 -999 -999
0.360883647275628 0.309679776187248 -999 -999 -999 -999 -999 -999 -999 -999
0.317323664101166 0.00271388184414885 -999 -999 -999 -999 -999 -999 -999 -999
0.327820343802741 0.772103392360284 -999 -999 -999 -999 -999 -999 -999 -999
0.340869976894229 0.223533205550289 -999 -999 -999 -999 -999 -999 -999 -999
0.33130967930303 0.00436340208942608 -999 -999 -999 -999 -999 -999 -999 -999
0.33479468948965 0.736587153960418 -999 -999 -999 -999 -999 -999 -999 -999
0.326566991409549 0.259895248131828 -999 -999 -999 -999 -999 -999 -999 -999
0.338638319100801 0.00351759790775371 -999 -999 -999 -999 -999 -999 -999 -999
0.351591862078468 0.783445506858127 -999 -999 -999 -999 -999 -999 -999 -999
0.313379619291188 0.21216357172649 -999 -999 -999 -999 -999 -999 -999 -999
0.335028518630345 0.0043909214153834 -999 -999 -999 -999 -999 -999 -999 -999
0.33259783169364 0.74016500732712 -999 -999 -999 -999 -999 -999 -999 -999
0.330984967271743 0.256218153039075 -999 -999 -999 -999 -999 -999 -999 -999
0.336417201034617 0.00361683963380455 -999 -999 -999 -999 -999 -999 -999 -999
0.343461479554368 0.815675888674305 -999 -999 -999 -999 -999 -999 -999 -999
0.327359180937789 0.178575724795522 -999 -999 -999 -999 -999 -999 -999 -999
0.329179339507843 0.00574838653017248 -999 -999 -999 -999 -999 -999 -999 -999
0.327364811607016 0.788189209159952 -999 -999 -999 -999 -999 -999 -999 -999
0.336333419961041 0.207439774256381 -999 -999 -999 -999 -999 -999 -999 -999
0.336301768431943 0.00437101658366723 -999 -999 -999 -999 -999 -999 -999 -999
0.326905197478688 0.757220180426313 -999 -999 -999 -999 -999 -999 -999 -999
0.345611553173119 0.238977121184305 -999 -999 -999 -999 -999 -999 -999 -999
0.327483249348192 0.00380269838938142 -999 -999 -999 -999 -999 -999 -999 -999
0.346480930309033 0.730808062537941 -999 -999 -999 -999 -999 -999 -999 -999
0.335171962935706 0.266006019165997 -999 -999 -999 -999 -999 -999 -999 -999
0.31834710675526 0.00318591829606186 -999 -999 -999 -999 -999 -999 -999 -999
0.322213933586163 0.680213696274563 -999 -999 -999 -999 -999 -999 -999 -999
0.34237491887383 0.317192354409295 -999 -999 -999 -999 -999 -999 -999 -999
0.335411147540007 0.00259394931614111 -999 -999 -999 -999 -999 -999 -999 -999
0.343567346855615 0.819196534447117 -999 -999 -999 -999 -999 -999 -999 -999
0.321817715595737 0.175421641443823 -999 -999 -999 -999 -999 -999 -999 -999
0.334614937548648 0.00538182410906089 -999 -999 -999 -999 -999 -999 -999 -999
0.343664538338017 0.686521639606619 -999 -999 -999 -999 -999 -999 -999 -999
0.32768470757321 0.31079652073585 -999 -999 -999 -999 -999 -999 -999 -999
0.328650754088773 0.002681839657532 -999 -999 -999 -999 -999 -999 -999 -999
0.334804994578566 0.641830424777512 -999 -999 -999 -999 -999 -999 -999 -999
0.327904549402245 0.355507462079071 -999 -999 -999 -999 -999 -999 -999 -999
0.337290456019189 0.00266211314341693 -999 -999 -999 -999 -999 -999 -999 -999
0.327025958196475 0.756531935216995 -999 -999 -999 -999 -999 -999 -999 -999
0.335567771026393 0.239730094379317 -999 -999 -999 -999 -999 -999 -999 -999
0.337406270777132 0.00373797040368804 -999 -999 -999 -999 -999 -999 -999 -999
0.319880109691753 0.722966219204296 -999 -999 -999 -999 -999 -999 -999 -999
0.331795725866957 0.273514031596947 -999 -999 -999 -999 -999 -999 -999 -999
0.348324164441291 0.00351974919875637 -999 -999 -999 -999 -999 -999 -999 -999
0.330790644053521 0.766925666755439 -999 -999 -999 -999 -999 -999 -999 -999
0.324375078954416 0.22873990829023 -999 -999 -999 -999 -999 -999 -999 -999
0.344834276992063 0.00433442495433059 -999 -999 -999 -999 -999 -999 -999 -999
0.337457876585139 0.646600330025678 -999 -999 -999 -999 -999 -999 -999 -999
0.340327292041282 0.351250033034904 -999 -999 -999 -999 -999 -999 -999 -999
0.322214831373579 0.00214963693941822 -999 -999 -999 -999 -999 -999 -999 -999
0.317503524345216 0.659515412378546 -999 -999 -999 -999 -999 -999 -999 -999
0.34680685047532 0.338259761391615 -999 -999 -999 -999 -999 -999 -999 -999
0.335689625179465 0.00222482622983799 -999 -999 -999 -999 -999 -999 -999 -999
0.353278326564571 0.62036829819977 -999 -999 -999 -999 -999 -999 -999 -999
0.332339727654077 0.377776697813313 -999 -999 -999 -999 -999 -999 -999 -999
0.314381945781352 0.00185500398691669 -999 -999 -999 -999 -999 -999 -999 -999
0.33504756600999 0.793102569933493 -999 -999 -999 -999 -999 -999 -999 -999
0.31924385768526 0.202268811635567 -999 -999 -999 -999 -999 -999 -999 -999
0.34570857630475 0.00462861843094073 -999 -999 -999 -999 -999 -999 -999 -999
0.332518170863515 0.716347257818906 -999 -999 -999 -999 -999 -999 -999 -999
0.345879089970313 0.280405280430379 -999 -999 -999 -999 -999 -999 -999 -999
0.321602739166172 0.00324746175071482 -999 -999 -999 -999 -999 -999 -999 -999
0.338685423551565 0.720664348634284 -999 -999 -999 -999 -999 -999 -999 -999
0.334509853915781 0.276113268315532 -999 -999 -999 -999 -999 -999 -999 -999
0.326804722532654 0.00322238305018299 -999 -999 -999 -999 -999 -999 -999 -999
0.331877313006129 0.724544915536206 -999 -999 -999 -999 -999 -999 -999 -999
0.333495185524434 0.272200293291596 -999 -999 -999 -999 -999 -999 -999 -999
0.334627501469437 0.00325479117219767 -999 -999 -999 -999 -999 -999 -999 -999
0.318662128733977 0.703754266104915 -999 -999 -999 -999 -999 -999 -999 -999
0.362540141636166 0.293475031299626 -999 -999 -999 -999 -999 -999 -999 -999
0.318797729629857 0.00277070259545929 -999 -999 -999 -999 -999 -999 -999 -999
0.313988027248949 0.672391187705981 -999 -999 -999 -999 -999 -999 -999 -999
0.319331736050708 0.325081532926167 -999 -999 -999 -999 -999 -999 -999 -999
0.366680236700343 0.00252727936785238 -999 -999 -999 -999 -999 -999 -999 -999
0.329265789347123 0.715177119547577 -999 -999 -999 -999 -999 -999 -999 -999
0.347510907462383 0.281713543686198 -999 -999 -999 -999 -999 -999 -999 -999
0.323223303190494 0.00310933676622557 -999 -999 -999 -999 -999 -999 -999 -999
0.339557720194402 0.788701975185004 -999 -999 -999 -999 -999 -999 -999 -999
0.3262211557083 0.206175942903185 -999 -999 -999 -999 -999 -999 -999 -999
0.334221124097299 0.00512208191181077 -999 -999 -999 -999 -999 -999 -999 -999
0.332140045569365 0.712256589966451 -999 -999 -999 -999 -999 -999 -999 -999
0.331982577858993 0.28473903792826 -999 -999 -999 -999 -999 -999 -999 -999
0.335877376571642 0.00300437210528882 -999 -999 -999 -999 -999 -999 -999 -999
0.326833910299548 0.759017577592214 -999 -999 -999 -999 -999 -999 -999 -999
0.333504725279005 0.237115992525343 -999 -999 -999 -999 -999 -999 -999 -999
0.339661364421447 0.00386642988244361 -999 -999 -999 -999 -999 -999 -999 -999
0.324639012497347 0.734030301619503 -999 -999 -999 -999 -999 -999 -999 -999
0.338697156835346 0.262699303048608 -999 -999 -999 -999 -999 -999 -999 -999
0.336663830667307 0.00327039533188969 -999 -999 -999 -999 -999 -999 -999 -999
0.345276491141665 0.774517070541018 -999 -999 -999 -999 -999 -999 -999 -999
0.340770829914913 0.22149844027956 -999 -999 -999 -999 -999 -999 -999 -999
0.313952678943422 0.00398448917942177 -999 -999 -999 -999 -999 -999 -999 -999
0.338004063897366 0.63434164754634 -999 -999 -999 -999 -999 -999 -999 -999
0.334438727282893 0.363452247845309 -999 -999 -999 -999 -999 -999 -999 -999
0.327557208819742 0.00220610460835163 -999 -999 -999 -999 -999 -999 -999 -999
0.327199390157445 0.780785860827493 -999 -999 -999 -999 -999 -999 -999 -999
0.349357869673198 0.215077677600148 -999 -999 -999 -999 -999 -999 -999 -999
0.323442740169356 0.00413646157236039 -999 -999 -999 -999 -999 -999 -999 -999
0.324776977540702 0.805228539899873 -999 -999 -999 -999 -999 -999 -999 -999
0.340447894787642 0.189432756755726 -999 -999 -999 -999 -999 -999 -999 -999
0.334775127671656 0.00533870334440096 -999 -999 -999 -999 -999 -999 -999 -999
0.332295252820226 0.70609462490123 -999 -999 -999 -999 -999 -999 -999 -999
0.338130563121499 0.29095392689545 -999 -999 -999 -999 -999 -999 -999 -999
0.329574184058275 0.00295144820332026 -999 -999 -999 -999 -999 -999 -999 -999
0.346624946992034 0.656197785240837 -999 -999 -999 -999 -999 -999 -999 -999
0.336927451387476 0.341566503576843 -999 -999 -999 -999 -999 -999 -999 -999
0.31644760162049 0.00223571118231865 -999 -999 -999 -999 -999 -999 -999 -999
-999 -999 -999 -999 -999 -999 -999 -999 -999 -999
-999 -999 -999 -999 -999 -999 -999 -999 -999 -999
-999 -999 -999 -999 -999 -999 -999 -999 -999 -999
-999 -999 -999 -999 -999 -999 -999 -999 -999 -999
-999 -999 -999 -999 -999 -999 -999 -999 -999 -999
-999 -999 -999 -999 -999 -999 -999 -999 -999 -999
