180
129
69
50
33
29
24
24
24
25
21
20
24
22
19
19
18
21
21
20
21
24
20
20
20
20
17
19
19
21
17
15
17
19
17
15
20
17
15
14
16
15
15
14
17
17
18
15
19
14
13
14
14
15
17
13
15
15
15
17
17
14
16
14
16
14
15
18
16
15
13
11
12
10
10
10
10
10
10
12
12
11
11
12
13
11
12
10
12
11
13
12
11
10
12
12
10
10
13
11
9
11
15
15
13
11
12
11
18
10
14
19
17
16
1
2
2
1
1
1
1
1
1
1
1
2
1
1
2
1
2
3
1
1
1
1
1
1
1
3
1
1
1
1
1
1
2
2
1
1
2
3
1
1
1
1
2
1
1
1
1
2
1
1
3
1
1
1
1
4
1
3
1
1
2
2
1
1
1
1
1
1
1
2
1
1
1
1
1
1
1
1
4
1
1
1
2
1
1
2
3
1
1
1
1
1
1
1
1
2
2
1
1
1
1
1
1
1
1
1
1
1
1
1
1
1
1
1
2
1
1
2
1
1
5
1
2
1
1
1
1
1
1
1
1
1
1
1
1
1
1
2
1
1
2
3
1
1
1
1
1
2
2
1
1
1
1
1
1
2
1
1
1
1
1
1
1
2
2
2
1
1
1
1
1
1
1
1
1
2
2
1
1
1
2
2
1
1
1
1
1
2
1
4
1
1
2
1
1
2
1
1
1
1
2
1
3
1
1
1
1
1
2
1
1
1
1
1
1
1
1
1
1
1
1
1
1
1
1
1
1
2
2
1
1
2
1
1
1
1
1
1
1
2
1
1
2
2
1
1
1
1
1
1
1
1
1
1
1
1
3
1
1
2
1
1
1
1
1
1
2
1
1
1
2
2
1
1
1
1
1
2
1
1
1
1
1
1
7
1
1
1
1
1
1
1
1
1
3
3
1
1
1
1
1
1
1
1
1
1
2
1
3
1
1
1
2
1
1
1
1
1
1
1
1
1
1
1
1
1
1
2
2
1
2
1
1
1
2
1
1
1
1
1
1
1
1
1
1
1
3
1
1
1
1
1
2
1
1
1
1
2
1
1
1
1
1
2
1
1
1
1
2
1
1
2
1
1
3
1
1
1
1
1
2
1
2
1
1
2
2
2
3
1
1
1
4
1
2
1
1
1
1
1
1
1
1
1
3
1
1
3
1
1
1
1
1
1
3
2
2
1
1
3
3
1
1
1
1
1
1
1
1
1
1
1
1
2
1
1
1
1
1
1
1
1
1
1
1
3
1
1
2
1
1
1
1
1
1
1
1
1
3
1
1
2
1
2
1
1
1
1
1
1
1
1
1
1
3
1
1
1
1
3
1
1
1
1
1
1
2
1
3
1
1
1
1
1
1
1
2
1
1
2
1
1
2
3
1
1
1
2
1
3
2
1
1
2
1
1
1
1
1
2
1
1
1
3
1
1
1
2
1
1
1
1
1
2
1
1
1
1
1
3
1
1
1
1
1
1
1
1
1
1
1
1
1
1
1
1
1
1
1
1
1
1
1
2
1
1
2
1
1
1
1
1
1
1
3
1
1
2
1
1
2
1
2
2
1
1
1
1
1
1
1
1
1
2
1
1
2
1
1
1
1
1
1
2
3
1
1
2
1
1
2
1
1
1
1
1
1
1
1
1
1
1
1
1
1
1
1
1
2
1
1
1
1
3
2
1
2
1
1
1
2
1
2
2
1
1
1
1
1
1
1
1
1
1
3
1
3
2
1
1
5
5
1
1
2
4
1
1
1
1
2
2
1
1
1
4
2
3
2
1
1
1
1
1
1
1
1
1
1
1
1
1
1
1
1
1
3
2
1
2
1
1
1
1
1
1
3
2
2
1
1
2
1
1
1
1
1
1
1
1
1
1
1
1
1
1
1
1
2
3
1
2
2
1
1
2
1
2
2
1
1
2
2
1
1
1
1
1
1
1
1
1
1
1
1
1
1
1
1
1
2
1
1
9
2
1
1
1
2
1
1
1
1
1
1
1
2
1
1
1
1
1
1
1
2
1
1
1
1
1
1
1
1
1
1
1
1
1
1
2
1
1
2
2
1
1
1
1
2
1
1
2
1
1
1
2
1
1
1
1
1
2
2
1
2
1
1
1
1
1
1
1
1
1
1
1
1
1
4
2
1
1
4
1
1
1
1
1
1
1
3
1
3
1
1
2
1
2
1
1
1
1
1
1
1
1
1
1
1
1
1
1
1
1
1
1
1
2
3
1
1
1
1
1
1
1
