0.330990147445922 0.722372458154829 -999 -999 -999 -999 -999 -999 -999 -999
0.333354947641384 0.274115198094273 -999 -999 -999 -999 -999 -999 -999 -999
0.335654904912694 0.0035123437508983 -999 -999 -999 -999 -999 -999 -999 -999
0.312665798411036 0.751098104641432 -999 -999 -999 -999 -999 -999 -999 -999
0.373663140673629 0.245236130552585 -999 -999 -999 -999 -999 -999 -999 -999
0.313671060915335 0.00366576480598317 -999 -999 -999 -999 -999 -999 -999 -999
0.345000287233465 0.660786228567371 -999 -999 -999 -999 -999 -999 -999 -999
0.332746903411029 0.336859723206849 -999 -999 -999 -999 -999 -999 -999 -999
0.322252809355506 0.00235404822577955 -999 -999 -999 -999 -999 -999 -999 -999
0.329086937836859 0.823284431326801 -999 -999 -999 -999 -999 -999 -999 -999
0.335896091477741 0.171134099515333 -999 -999 -999 -999 -999 -999 -999 -999
0.3350169706854 0.00558146915786513 -999 -999 -999 -999 -999 -999 -999 -999
0.331014784304655 0.60235006026159 -999 -999 -999 -999 -999 -999 -999 -999
0.342319321846947 0.395859826298087 -999 -999 -999 -999 -999 -999 -999 -999
0.326665893848398 0.00179011344032355 -999 -999 -999 -999 -999 -999 -999 -999
0.344593976686585 0.682096539725532 -999 -999 -999 -999 -999 -999 -999 -999
0.330223764332469 0.315098395171824 -999 -999 -999 -999 -999 -999 -999 -999
0.325182258980946 0.00280506510264462 -999 -999 -999 -999 -999 -999 -999 -999
0.33021982326989 0.889706491812571 -999 -999 -999 -999 -999 -999 -999 -999
0.338852160483006 0.100460233731018 -999 -999 -999 -999 -999 -999 -999 -999
0.330928016247104 0.00983327445641011 -999 -999 -999 -999 -999 -999 -999 -999
0.333272523253475 0.652252963930904 -999 -999 -999 -999 -999 -999 -999 -999
0.349585364973009 0.345335085827144 -999 -999 -999 -999 -999 -999 -999 -999
0.317142111773516 0.00241195024195257 -999 -999 -999 -999 -999 -999 -999 -999
0.3200964895009 0.849059392122756 -999 -999 -999 -999 -999 -999 -999 -999
0.347576191987777 0.144873577221679 -999 -999 -999 -999 -999 -999 -999 -999
0.332327318511322 0.00606703065556487 -999 -999 -999 -999 -999 -999 -999 -999
0.323967188675659 0.63828464940319 -999 -999 -999 -999 -999 -999 -999 -999
0.344999902531983 0.35944148114748 -999 -999 -999 -999 -999 -999 -999 -999
0.331032908792358 0.00227386944933042 -999 -999 -999 -999 -999 -999 -999 -999
0.341742533009914 0.768875597990145 -999 -999 -999 -999 -999 -999 -999 -999
0.322510727544257 0.226731357116681 -999 -999 -999 -999 -999 -999 -999 -999
0.335746739445829 0.00439304489317429 -999 -999 -999 -999 -999 -999 -999 -999
0.330721580221478 0.777447373796424 -999 -999 -999 -999 -999 -999 -999 -999
0.334811259726679 0.218521992949662 -999 -999 -999 -999 -999 -999 -999 -999
0.334467160051842 0.00403063325391305 -999 -999 -999 -999 -999 -999 -999 -999
0.342382931663331 0.705322555069804 -999 -999 -999 -999 -999 -999 -999 -999
0.338000351475927 0.291721962313083 -999 -999 -999 -999 -999 -999 -999 -999
0.319616716860741 0.00295548261711291 -999 -999 -999 -999 -999 -999 -999 -999
0.338912056648834 0.850268364871348 -999 -999 -999 -999 -999 -999 -999 -999
0.339505103154593 0.14334329090476 -999 -999 -999 -999 -999 -999 -999 -999
0.321582840196574 0.00638834422389315 -999 -999 -999 -999 -999 -999 -999 -999
0.339117709429487 0.732312354545191 -999 -999 -999 -999 -999 -999 -999 -999
0.315271256458334 0.264164321783604 -999 -999 -999 -999 -999 -999 -999 -999
0.345611034112179 0.00352332367120439 -999 -999 -999 -999 -999 -999 -999 -999
0.32033731136125 0.836083903200167 -999 -999 -999 -999 -999 -999 -999 -999
0.327108069086448 0.157626403600635 -999 -999 -999 -999 -999 -999 -999 -999
0.352554619552302 0.00628969319919704 -999 -999 -999 -999 -999 -999 -999 -999
0.326074292680691 0.696646513207352 -999 -999 -999 -999 -999 -999 -999 -999
0.351484532720201 0.300414752493881 -999 -999 -999 -999 -999 -999 -999 -999
0.322441174599108 0.00293873429876712 -999 -999 -999 -999 -999 -999 -999 -999
0.344357220945151 0.646655461540623 -999 -999 -999 -999 -999 -999 -999 -999
0.316861282153963 0.350993810703972 -999 -999 -999 -999 -999 -999 -999 -999
0.338781496900887 0.0023507277554055 -999 -999 -999 -999 -999 -999 -999 -999
0.357810607459146 0.784564112927978 -999 -999 -999 -999 -999 -999 -999 -999
0.324482424922056 0.211073037649309 -999 -999 -999 -999 -999 -999 -999 -999
0.317706967618798 0.00436284942271332 -999 -999 -999 -999 -999 -999 -999 -999
0.339870572860544 0.86622051063943 -999 -999 -999 -999 -999 -999 -999 -999
0.34357763513883 0.125771115514834 -999 -999 -999 -999 -999 -999 -999 -999
0.316551792000626 0.0080083738457363 -999 -999 -999 -999 -999 -999 -999 -999
0.332116014120599 0.731365564700319 -999 -999 -999 -999 -999 -999 -999 -999
0.322032147675617 0.265181336283026 -999 -999 -999 -999 -999 -999 -999 -999
0.345851838203784 0.00345309901665505 -999 -999 -999 -999 -999 -999 -999 -999
0.333205825477267 0.7628477017782 -999 -999 -999 -999 -999 -999 -999 -999
0.32901351514885 0.232898009999509 -999 -999 -999 -999 -999 -999 -999 -999
0.337780659373883 0.00425428822229073 -999 -999 -999 -999 -999 -999 -999 -999
0.331445364005355 0.671987903254403 -999 -999 -999 -999 -999 -999 -999 -999
0.316442724982405 0.325719399048876 -999 -999 -999 -999 -999 -999 -999 -999
0.35211191101224 0.00229269769672064 -999 -999 -999 -999 -999 -999 -999 -999
0.324133401917412 0.782743935172218 -999 -999 -999 -999 -999 -999 -999 -999
0.34966662733386 0.21249439517136 -999 -999 -999 -999 -999 -999 -999 -999
0.326199970748728 0.00476166965642182 -999 -999 -999 -999 -999 -999 -999 -999
0.35633358514101 0.675595855519077 -999 -999 -999 -999 -999 -999 -999 -999
0.330942706047901 0.321763721010871 -999 -999 -999 -999 -999 -999 -999 -999
0.312723708811089 0.00264042347005335 -999 -999 -999 -999 -999 -999 -999 -999
0.321555277685092 0.676177712931246 -999 -999 -999 -999 -999 -999 -999 -999
0.349597959652922 0.321259929567595 -999 -999 -999 -999 -999 -999 -999 -999
0.328846762661986 0.00256235750115937 -999 -999 -999 -999 -999 -999 -999 -999
0.332562161744713 0.675023404641967 -999 -999 -999 -999 -999 -999 -999 -999
0.348003917895588 0.322348529865786 -999 -999 -999 -999 -999 -999 -999 -999
0.3194339203597 0.0026280654922472 -999 -999 -999 -999 -999 -999 -999 -999
0.348146991949716 0.663171455285916 -999 -999 -999 -999 -999 -999 -999 -999
0.330103366383296 0.33432871632999 -999 -999 -999 -999 -999 -999 -999 -999
0.321749641666987 0.00249982838409369 -999 -999 -999 -999 -999 -999 -999 -999
0.328869011479096 0.703928207170774 -999 -999 -999 -999 -999 -999 -999 -999
0.329422671182252 0.293120550438676 -999 -999 -999 -999 -999 -999 -999 -999
0.341708317338651 0.00295124239055051 -999 -999 -999 -999 -999 -999 -999 -999
0.331839055410759 0.769164163208435 -999 -999 -999 -999 -999 -999 -999 -999
0.323934091856954 0.226955102217772 -999 -999 -999 -999 -999 -999 -999 -999
0.344226852732288 0.0038807345737932 -999 -999 -999 -999 -999 -999 -999 -999
0.332847130688338 0.769438117549089 -999 -999 -999 -999 -999 -999 -999 -999
0.337092461929259 0.226021929081508 -999 -999 -999 -999 -999 -999 -999 -999
0.330060407382403 0.00453995336940265 -999 -999 -999 -999 -999 -999 -999 -999
0.349004266039933 0.703311044746649 -999 -999 -999 -999 -999 -999 -999 -999
0.33697958786823 0.293919420118803 -999 -999 -999 -999 -999 -999 -999 -999
0.314016146091837 0.00276953513454864 -999 -999 -999 -999 -999 -999 -999 -999
0.335926446350212 0.790594594265714 -999 -999 -999 -999 -999 -999 -999 -999
0.35019346547016 0.205382121470298 -999 -999 -999 -999 -999 -999 -999 -999
0.313880088179628 0.00402328426398704 -999 -999 -999 -999 -999 -999 -999 -999
0.337708983777292 0.786982528633049 -999 -999 -999 -999 -999 -999 -999 -999
0.344504362717065 0.207952669808405 -999 -999 -999 -999 -999 -999 -999 -999
0.317786653505643 0.00506480155854538 -999 -999 -999 -999 -999 -999 -999 -999
0.34395170061914 0.711157465649159 -999 -999 -999 -999 -999 -999 -999 -999
0.323660625724809 0.285773631702003 -999 -999 -999 -999 -999 -999 -999 -999
0.332387673656051 0.00306890264883821 -999 -999 -999 -999 -999 -999 -999 -999
0.327001956369101 0.728945345559788 -999 -999 -999 -999 -999 -999 -999 -999
0.328698969513709 0.267500902707207 -999 -999 -999 -999 -999 -999 -999 -999
0.34429907411719 0.00355375173300582 -999 -999 -999 -999 -999 -999 -999 -999
0.327278909525791 0.795087661265065 -999 -999 -999 -999 -999 -999 -999 -999
0.329627609663618 0.200331910324813 -999 -999 -999 -999 -999 -999 -999 -999
0.343093480810591 0.00458042841012119 -999 -999 -999 -999 -999 -999 -999 -999
0.330782493909033 0.748848091797946 -999 -999 -999 -999 -999 -999 -999 -999
0.321370580960427 0.247498441255842 -999 -999 -999 -999 -999 -999 -999 -999
0.34784692513054 0.00365346694621248 -999 -999 -999 -999 -999 -999 -999 -999
0.346786056431468 0.810319722553846 -999 -999 -999 -999 -999 -999 -999 -999
0.3270907186804 0.183687328926899 -999 -999 -999 -999 -999 -999 -999 -999
0.326123224888132 0.0059929485192547 -999 -999 -999 -999 -999 -999 -999 -999
0.336516942527707 0.769881810036364 -999 -999 -999 -999 -999 -999 -999 -999
0.325060506305024 0.225973058840254 -999 -999 -999 -999 -999 -999 -999 -999
0.338422551167269 0.00414513112338213 -999 -999 -999 -999 -999 -999 -999 -999
0.314764339685626 0.844134401900236 -999 -999 -999 -999 -999 -999 -999 -999
0.349059806971153 0.149213157309401 -999 -999 -999 -999 -999 -999 -999 -999
0.336175853343221 0.00665244079036296 -999 -999 -999 -999 -999 -999 -999 -999
0.348141202496037 0.686672987717694 -999 -999 -999 -999 -999 -999 -999 -999
0.330759748470877 0.310501943143409 -999 -999 -999 -999 -999 -999 -999 -999
0.321099049033087 0.00282506913889762 -999 -999 -999 -999 -999 -999 -999 -999
0.353002571210047 0.791179234189289 -999 -999 -999 -999 -999 -999 -999 -999
0.330586145914537 0.204077932535175 -999 -999 -999 -999 -999 -999 -999 -999
0.316411282875416 0.00474283327553377 -999 -999 -999 -999 -999 -999 -999 -999
0.333546033206834 0.757976041733951 -999 -999 -999 -999 -999 -999 -999 -999
0.348996448013188 0.238139525600643 -999 -999 -999 -999 -999 -999 -999 -999
0.317457518779978 0.00388443266540515 -999 -999 -999 -999 -999 -999 -999 -999
0.351506172151826 0.759897985223598 -999 -999 -999 -999 -999 -999 -999 -999
0.325970372937597 0.236250381132131 -999 -999 -999 -999 -999 -999 -999 -999
0.322523454910577 0.00385163364427007 -999 -999 -999 -999 -999 -999 -999 -999
0.314116855342396 0.791626933631663 -999 -999 -999 -999 -999 -999 -999 -999
0.329088468922399 0.203510008203256 -999 -999 -999 -999 -999 -999 -999 -999
0.356794675735205 0.00486305816508076 -999 -999 -999 -999 -999 -999 -999 -999
0.342807229695098 0.778022345503547 -999 -999 -999 -999 -999 -999 -999 -999
0.333572069907889 0.217562322769738 -999 -999 -999 -999 -999 -999 -999 -999
0.323620700397013 0.00441533172671479 -999 -999 -999 -999 -999 -999 -999 -999
0.325100917784442 0.865596700032887 -999 -999 -999 -999 -999 -999 -999 -999
0.337403199251523 0.126310094958223 -999 -999 -999 -999 -999 -999 -999 -999
0.337495882964035 0.00809320500888956 -999 -999 -999 -999 -999 -999 -999 -999
0.3312109829412 0.842966800484697 -999 -999 -999 -999 -999 -999 -999 -999
0.320468929408399 0.15049172552234 -999 -999 -999 -999 -999 -999 -999 -999
0.348320087650401 0.00654147399296279 -999 -999 -999 -999 -999 -999 -999 -999
0.337002364112429 0.762673548205693 -999 -999 -999 -999 -999 -999 -999 -999
0.330027050736497 0.233711818290975 -999 -999 -999 -999 -999 -999 -999 -999
0.332970585151075 0.00361463350333285 -999 -999 -999 -999 -999 -999 -999 -999
0.344134038849084 0.741261564851485 -999 -999 -999 -999 -999 -999 -999 -999
0.314041561538123 0.254911458622663 -999 -999 -999 -999 -999 -999 -999 -999
0.341824399612793 0.00382697652585283 -999 -999 -999 -999 -999 -999 -999 -999
0.339541593174746 0.815530700194529 -999 -999 -999 -999 -999 -999 -999 -999
0.331728983164718 0.179070817306323 -999 -999 -999 -999 -999 -999 -999 -999
0.328729423660536 0.00539848249914873 -999 -999 -999 -999 -999 -999 -999 -999
0.340467765772328 0.756865166478991 -999 -999 -999 -999 -999 -999 -999 -999
0.339757641268787 0.238936282587012 -999 -999 -999 -999 -999 -999 -999 -999
0.319774592958885 0.00419855093399706 -999 -999 -999 -999 -999 -999 -999 -999
0.325497848470535 0.758025821631482 -999 -999 -999 -999 -999 -999 -999 -999
0.337170145195476 0.238242481491618 -999 -999 -999 -999 -999 -999 -999 -999
0.337332006333989 0.00373169687690059 -999 -999 -999 -999 -999 -999 -999 -999
0.358692408081282 0.655603955726226 -999 -999 -999 -999 -999 -999 -999 -999
0.328026198776127 0.342087164677856 -999 -999 -999 -999 -999 -999 -999 -999
0.313281393142591 0.00230887959591765 -999 -999 -999 -999 -999 -999 -999 -999
0.331041883894231 0.858075053541599 -999 -999 -999 -999 -999 -999 -999 -999
0.318313421836326 0.134807129107083 -999 -999 -999 -999 -999 -999 -999 -999
0.350644694269444 0.0071178173513175 -999 -999 -999 -999 -999 -999 -999 -999
0.339550606051247 0.741384713876957 -999 -999 -999 -999 -999 -999 -999 -999
0.327111133733489 0.254929145276476 -999 -999 -999 -999 -999 -999 -999 -999
0.333338260215265 0.00368614084656694 -999 -999 -999 -999 -999 -999 -999 -999
0.341572761389502 0.740650942717499 -999 -999 -999 -999 -999 -999 -999 -999
0.297712492668162 0.256032954832805 -999 -999 -999 -999 -999 -999 -999 -999
0.360714745942336 0.00331610244969717 -999 -999 -999 -999 -999 -999 -999 -999
0.327957449707109 0.82994820381174 -999 -999 -999 -999 -999 -999 -999 -999
0.320645633773321 0.164396814469043 -999 -999 -999 -999 -999 -999 -999 -999
0.351396916519569 0.00565498171921642 -999 -999 -999 -999 -999 -999 -999 -999
0.318860680163535 0.832630870151543 -999 -999 -999 -999 -999 -999 -999 -999
0.346262116568814 0.161487260677817 -999 -999 -999 -999 -999 -999 -999 -999
0.33487720326765 0.0058818691706395 -999 -999 -999 -999 -999 -999 -999 -999
0.336861270656919 0.686625546912688 -999 -999 -999 -999 -999 -999 -999 -999
0.330458359861895 0.310659156099508 -999 -999 -999 -999 -999 -999 -999 -999
0.332680369481186 0.00271529698780407 -999 -999 -999 -999 -999 -999 -999 -999
0.333710916311394 0.803365641432445 -999 -999 -999 -999 -999 -999 -999 -999
0.330823826959467 0.191833209801475 -999 -999 -999 -999 -999 -999 -999 -999
0.335465256729139 0.00480114876608063 -999 -999 -999 -999 -999 -999 -999 -999
0.348920512997066 0.77172204462091 -999 -999 -999 -999 -999 -999 -999 -999
0.319860649831958 0.223949655650217 -999 -999 -999 -999 -999 -999 -999 -999
0.331218837170976 0.00432829972887337 -999 -999 -999 -999 -999 -999 -999 -999
0.360806066532733 0.696541026509009 -999 -999 -999 -999 -999 -999 -999 -999
0.301861611170038 0.300449671427676 -999 -999 -999 -999 -999 -999 -999 -999
0.337332322297229 0.00300930206331607 -999 -999 -999 -999 -999 -999 -999 -999
0.313408788359191 0.770464448768662 -999 -999 -999 -999 -999 -999 -999 -999
0.340018344081497 0.225649694907073 -999 -999 -999 -999 -999 -999 -999 -999
0.346572867559313 0.00388585632426488 -999 -999 -999 -999 -999 -999 -999 -999
0.337004945257002 0.825680374377647 -999 -999 -999 -999 -999 -999 -999 -999
0.345305584357823 0.168109069187818 -999 -999 -999 -999 -999 -999 -999 -999
0.317689470385175 0.00621055643453558 -999 -999 -999 -999 -999 -999 -999 -999
0.341139107064766 0.787158387055839 -999 -999 -999 -999 -999 -999 -999 -999
0.339219820381604 0.208512188350303 -999 -999 -999 -999 -999 -999 -999 -999
0.319641072553631 0.00432942459385746 -999 -999 -999 -999 -999 -999 -999 -999
0.351158967995322 0.745415295475008 -999 -999 -999 -999 -999 -999 -999 -999
0.327177919456237 0.25096064273502 -999 -999 -999 -999 -999 -999 -999 -999
0.321663112548442 0.0036240617899712 -999 -999 -999 -999 -999 -999 -999 -999
0.338461119814193 0.830082129745706 -999 -999 -999 -999 -999 -999 -999 -999
0.317175398067436 0.164195118315168 -999 -999 -999 -999 -999 -999 -999 -999
0.344363482118371 0.00572275193912646 -999 -999 -999 -999 -999 -999 -999 -999
0.32364393468399 0.722625461723426 -999 -999 -999 -999 -999 -999 -999 -999
0.336036213742483 0.274018080801895 -999 -999 -999 -999 -999 -999 -999 -999
0.340319851573527 0.00335645747467883 -999 -999 -999 -999 -999 -999 -999 -999
0.352276369143232 0.687415820748148 -999 -999 -999 -999 -999 -999 -999 -999
0.307621010747922 0.310189261174946 -999 -999 -999 -999 -999 -999 -999 -999
0.340102620108846 0.00239491807690656 -999 -999 -999 -999 -999 -999 -999 -999
0.333983326807752 0.646313614872188 -999 -999 -999 -999 -999 -999 -999 -999
0.326036830407189 0.351454399193546 -999 -999 -999 -999 -999 -999 -999 -999
0.33997984278506 0.00223198593426564 -999 -999 -999 -999 -999 -999 -999 -999
0.323127390966274 0.752987094647679 -999 -999 -999 -999 -999 -999 -999 -999
0.350152136982613 0.243265156925592 -999 -999 -999 -999 -999 -999 -999 -999
0.326720472051113 0.00374774842672944 -999 -999 -999 -999 -999 -999 -999 -999
0.333607553838488 0.725554355151438 -999 -999 -999 -999 -999 -999 -999 -999
0.340722014657931 0.271183372682059 -999 -999 -999 -999 -999 -999 -999 -999
0.32567043150358 0.00326227216650263 -999 -999 -999 -999 -999 -999 -999 -999
0.350459011413365 0.703260875269865 -999 -999 -999 -999 -999 -999 -999 -999
0.334407493903555 0.293832169364143 -999 -999 -999 -999 -999 -999 -999 -999
0.31513349468308 0.00290695536599194 -999 -999 -999 -999 -999 -999 -999 -999
0.330759941149116 0.760113731294127 -999 -999 -999 -999 -999 -999 -999 -999
0.327947997216835 0.235776563937267 -999 -999 -999 -999 -999 -999 -999 -999
0.341292061634049 0.0041097047686065 -999 -999 -999 -999 -999 -999 -999 -999
0.331815983532176 0.755254315335368 -999 -999 -999 -999 -999 -999 -999 -999
0.335441467433522 0.241011179069574 -999 -999 -999 -999 -999 -999 -999 -999
0.332742549034302 0.0037345055950576 -999 -999 -999 -999 -999 -999 -999 -999
0.351840487449935 0.729380681989046 -999 -999 -999 -999 -999 -999 -999 -999
0.342129259935779 0.267371196628454 -999 -999 -999 -999 -999 -999 -999 -999
0.306030252614286 0.00324812138250068 -999 -999 -999 -999 -999 -999 -999 -999
0.336119986090712 0.759239576467415 -999 -999 -999 -999 -999 -999 -999 -999
0.30887545612901 0.236632009693073 -999 -999 -999 -999 -999 -999 -999 -999
0.355004557780278 0.0041284138395121 -999 -999 -999 -999 -999 -999 -999 -999
0.335531473726728 0.706737467314233 -999 -999 -999 -999 -999 -999 -999 -999
0.324787971709427 0.290146546812456 -999 -999 -999 -999 -999 -999 -999 -999
0.339680554563845 0.0031159858733111 -999 -999 -999 -999 -999 -999 -999 -999
0.347896904421463 0.834236354111418 -999 -999 -999 -999 -999 -999 -999 -999
0.330617873476101 0.159817772244738 -999 -999 -999 -999 -999 -999 -999 -999
0.321485222102436 0.00594587364384488 -999 -999 -999 -999 -999 -999 -999 -999
0.328772682455404 0.814537756431622 -999 -999 -999 -999 -999 -999 -999 -999
0.34308242197929 0.18042767127195 -999 -999 -999 -999 -999 -999 -999 -999
0.328144895565306 0.00503457229642725 -999 -999 -999 -999 -999 -999 -999 -999
0.337042733465056 0.729362127816085 -999 -999 -999 -999 -999 -999 -999 -999
0.362952239168266 0.267418657515169 -999 -999 -999 -999 -999 -999 -999 -999
0.300005027366678 0.00321921466874594 -999 -999 -999 -999 -999 -999 -999 -999
0.349917152164386 0.79566258375894 -999 -999 -999 -999 -999 -999 -999 -999
0.326431351734171 0.199852580975298 -999 -999 -999 -999 -999 -999 -999 -999
0.323651496101442 0.00448483526576189 -999 -999 -999 -999 -999 -999 -999 -999
0.32933544488955 0.744546564596623 -999 -999 -999 -999 -999 -999 -999 -999
0.348329569278546 0.251744233609521 -999 -999 -999 -999 -999 -999 -999 -999
0.322334985831904 0.00370920179385445 -999 -999 -999 -999 -999 -999 -999 -999
0.35558264093311 0.872355753107396 -999 -999 -999 -999 -999 -999 -999 -999
0.334312681389071 0.119391521941759 -999 -999 -999 -999 -999 -999 -999 -999
0.31010467767782 0.00825272495084584 -999 -999 -999 -999 -999 -999 -999 -999
0.317083006940638 0.727333914735269 -999 -999 -999 -999 -999 -999 -999 -999
0.348281974001419 0.269344805674721 -999 -999 -999 -999 -999 -999 -999 -999
0.334635019057943 0.00332127959000952 -999 -999 -999 -999 -999 -999 -999 -999
0.334590869571723 0.721088188603659 -999 -999 -999 -999 -999 -999 -999 -999
0.329142454204823 0.275539268921002 -999 -999 -999 -999 -999 -999 -999 -999
0.336266676223454 0.00337254247533966 -999 -999 -999 -999 -999 -999 -999 -999
0.321009388872823 0.780536643615838 -999 -999 -999 -999 -999 -999 -999 -999
0.339843684971541 0.215295035458993 -999 -999 -999 -999 -999 -999 -999 -999
0.339146926155636 0.00416832092516911 -999 -999 -999 -999 -999 -999 -999 -999
0.334350811636733 0.790685545738362 -999 -999 -999 -999 -999 -999 -999 -999
0.367559515122527 0.20448951169434 -999 -999 -999 -999 -999 -999 -999 -999
0.298089673240739 0.00482494256729896 -999 -999 -999 -999 -999 -999 -999 -999
0.3162894015285 0.700649905600003 -999 -999 -999 -999 -999 -999 -999 -999
0.351829543286187 0.296421447371989 -999 -999 -999 -999 -999 -999 -999 -999
0.331881055185314 0.00292864702800817 -999 -999 -999 -999 -999 -999 -999 -999
0.332292793695961 0.736880204306305 -999 -999 -999 -999 -999 -999 -999 -999
0.346224442826289 0.259675761762603 -999 -999 -999 -999 -999 -999 -999 -999
0.321482763477749 0.00344403393109238 -999 -999 -999 -999 -999 -999 -999 -999
0.369380489630967 0.819069522984299 -999 -999 -999 -999 -999 -999 -999 -999
0.310751507575243 0.175106242197344 -999 -999 -999 -999 -999 -999 -999 -999
0.319868002793791 0.00582423481835644 -999 -999 -999 -999 -999 -999 -999 -999
0.327636299451396 0.790745082441091 -999 -999 -999 -999 -999 -999 -999 -999
0.311481662407922 0.204695195585954 -999 -999 -999 -999 -999 -999 -999 -999
0.360882038140682 0.00455972197295566 -999 -999 -999 -999 -999 -999 -999 -999
0.346352523674909 0.754463471450063 -999 -999 -999 -999 -999 -999 -999 -999
0.337411457817311 0.241315134413087 -999 -999 -999 -999 -999 -999 -999 -999
0.31623601850778 0.00422139413684918 -999 -999 -999 -999 -999 -999 -999 -999
0.318336779530277 0.711732091205424 -999 -999 -999 -999 -999 -999 -999 -999
0.343717941535449 0.2854465477444 -999 -999 -999 -999 -999 -999 -999 -999
0.337945278934275 0.00282136105017648 -999 -999 -999 -999 -999 -999 -999 -999
0.353028559316804 0.779694678812807 -999 -999 -999 -999 -999 -999 -999 -999
0.324841795130552 0.216010552941403 -999 -999 -999 -999 -999 -999 -999 -999
0.322129645552644 0.00429476824578872 -999 -999 -999 -999 -999 -999 -999 -999
0.343527747484334 0.805529159540635 -999 -999 -999 -999 -999 -999 -999 -999
0.32317314084691 0.189403581954971 -999 -999 -999 -999 -999 -999 -999 -999
0.333299111668756 0.00506725850439342 -999 -999 -999 -999 -999 -999 -999 -999
0.336275779258073 0.774043749167379 -999 -999 -999 -999 -999 -999 -999 -999
0.32883032214561 0.221558382497059 -999 -999 -999 -999 -999 -999 -999 -999
0.334893898596316 0.00439786833556243 -999 -999 -999 -999 -999 -999 -999 -999
0.335090841058546 0.743079128828173 -999 -999 -999 -999 -999 -999 -999 -999
0.333917922451589 0.253306645484898 -999 -999 -999 -999 -999 -999 -999 -999
0.330991236489865 0.00361422568692987 -999 -999 -999 -999 -999 -999 -999 -999
0.341231593332274 0.822610004705401 -999 -999 -999 -999 -999 -999 -999 -999
0.313091166222003 0.171171473909582 -999 -999 -999 -999 -999 -999 -999 -999
0.345677240445723 0.00621852138501703 -999 -999 -999 -999 -999 -999 -999 -999
0.328997498689501 0.805320408849296 -999 -999 -999 -999 -999 -999 -999 -999
0.337996124791033 0.189419166487174 -999 -999 -999 -999 -999 -999 -999 -999
0.333006376519465 0.00526042466353074 -999 -999 -999 -999 -999 -999 -999 -999
0.344279130536066 0.794815566717804 -999 -999 -999 -999 -999 -999 -999 -999
0.33313310036397 0.200668595670152 -999 -999 -999 -999 -999 -999 -999 -999
0.322587769099964 0.00451583761204412 -999 -999 -999 -999 -999 -999 -999 -999
0.339167213823736 0.81793205008869 -999 -999 -999 -999 -999 -999 -999 -999
0.325593711525387 0.177033953078993 -999 -999 -999 -999 -999 -999 -999 -999
0.335239074650877 0.00503399683231617 -999 -999 -999 -999 -999 -999 -999 -999
0.32476873185665 0.754242992994947 -999 -999 -999 -999 -999 -999 -999 -999
0.328042961274958 0.242254701189484 -999 -999 -999 -999 -999 -999 -999 -999
0.347188306868392 0.00350230581556866 -999 -999 -999 -999 -999 -999 -999 -999
0.3393363379373 0.677394685196937 -999 -999 -999 -999 -999 -999 -999 -999
0.319124229239981 0.319962579157557 -999 -999 -999 -999 -999 -999 -999 -999
0.341539432822719 0.00264273564550614 -999 -999 -999 -999 -999 -999 -999 -999
0.346325139027502 0.723673162100302 -999 -999 -999 -999 -999 -999 -999 -999
0.327370275948044 0.272881512790107 -999 -999 -999 -999 -999 -999 -999 -999
0.326304585024454 0.00344532510959069 -999 -999 -999 -999 -999 -999 -999 -999
0.343355127389032 0.809267941355997 -999 -999 -999 -999 -999 -999 -999 -999
0.339983067938807 0.185575681979211 -999 -999 -999 -999 -999 -999 -999 -999
0.316661804672162 0.00515637666479174 -999 -999 -999 -999 -999 -999 -999 -999
0.338713563456145 0.783917174100684 -999 -999 -999 -999 -999 -999 -999 -999
0.324545625180999 0.211544618985708 -999 -999 -999 -999 -999 -999 -999 -999
0.336740811362856 0.00453820691360806 -999 -999 -999 -999 -999 -999 -999 -999
0.32004832751623 0.743453956440778 -999 -999 -999 -999 -999 -999 -999 -999
0.335123626228048 0.252681164693728 -999 -999 -999 -999 -999 -999 -999 -999
0.344828046255722 0.00386487886549452 -999 -999 -999 -999 -999 -999 -999 -999
0.344955457268991 0.761694493689393 -999 -999 -999 -999 -999 -999 -999 -999
0.319058690548535 0.234371228550011 -999 -999 -999 -999 -999 -999 -999 -999
0.335985852182474 0.00393427776059734 -999 -999 -999 -999 -999 -999 -999 -999
0.329514988386099 0.805559385158908 -999 -999 -999 -999 -999 -999 -999 -999
0.342176356653431 0.189626745912565 -999 -999 -999 -999 -999 -999 -999 -999
0.328308654960469 0.00481386892852682 -999 -999 -999 -999 -999 -999 -999 -999
0.340387238595115 0.760705308405334 -999 -999 -999 -999 -999 -999 -999 -999
0.329192315319909 0.235104909742866 -999 -999 -999 -999 -999 -999 -999 -999
0.330420446084976 0.00418978185179988 -999 -999 -999 -999 -999 -999 -999 -999
0.310115288677632 0.677071617917304 -999 -999 -999 -999 -999 -999 -999 -999
0.349208305329581 0.320620094083186 -999 -999 -999 -999 -999 -999 -999 -999
0.340676405992788 0.0023082879995098 -999 -999 -999 -999 -999 -999 -999 -999
0.316005186594475 0.796321458679979 -999 -999 -999 -999 -999 -999 -999 -999
0.345270821922782 0.199075811478638 -999 -999 -999 -999 -999 -999 -999 -999
0.338723991482743 0.00460272984138267 -999 -999 -999 -999 -999 -999 -999 -999
0.329823520175291 0.761082119428927 -999 -999 -999 -999 -999 -999 -999 -999
0.358202051151199 0.235235747040765 -999 -999 -999 -999 -999 -999 -999 -999
0.31197442867351 0.0036821335303091 -999 -999 -999 -999 -999 -999 -999 -999
0.345339336536736 0.75093326919437 -999 -999 -999 -999 -999 -999 -999 -999
0.32497350517168 0.245134214100005 -999 -999 -999 -999 -999 -999 -999 -999
0.329687158291584 0.00393251670562454 -999 -999 -999 -999 -999 -999 -999 -999
0.321187937258337 0.747947761060023 -999 -999 -999 -999 -999 -999 -999 -999
0.338818677211151 0.248668425093506 -999 -999 -999 -999 -999 -999 -999 -999
0.339993385530512 0.00338381384646995 -999 -999 -999 -999 -999 -999 -999 -999
0.309938957592575 0.799444564381652 -999 -999 -999 -999 -999 -999 -999 -999
0.33087676594507 0.194993559531327 -999 -999 -999 -999 -999 -999 -999 -999
0.359184276462354 0.00556187608701944 -999 -999 -999 -999 -999 -999 -999 -999
0.351049791862837 0.684437072836855 -999 -999 -999 -999 -999 -999 -999 -999
0.318283349823235 0.312971167726637 -999 -999 -999 -999 -999 -999 -999 -999
0.330666858313928 0.00259175943650804 -999 -999 -999 -999 -999 -999 -999 -999
0.353963933552524 0.726274540292952 -999 -999 -999 -999 -999 -999 -999 -999
0.331295106871709 0.27076675860915 -999 -999 -999 -999 -999 -999 -999 -999
0.314740959575767 0.00295870109789767 -999 -999 -999 -999 -999 -999 -999 -999
0.301947704725438 0.676716136781098 -999 -999 -999 -999 -999 -999 -999 -999
0.331197524917297 0.320556004178988 -999 -999 -999 -999 -999 -999 -999 -999
0.366854770357264 0.00272785903991323 -999 -999 -999 -999 -999 -999 -999 -999
0.323140491669105 0.870947758568011 -999 -999 -999 -999 -999 -999 -999 -999
0.325442108490841 0.121119658307849 -999 -999 -999 -999 -999 -999 -999 -999
0.351417399840054 0.00793258312414014 -999 -999 -999 -999 -999 -999 -999 -999
0.313305642504679 0.693263830001515 -999 -999 -999 -999 -999 -999 -999 -999
0.339880248926759 0.304045430116763 -999 -999 -999 -999 -999 -999 -999 -999
0.346814108568561 0.00269073988172097 -999 -999 -999 -999 -999 -999 -999 -999
0.30464821069712 0.757841179180119 -999 -999 -999 -999 -999 -999 -999 -999
0.326916719521334 0.238264240949829 -999 -999 -999 -999 -999 -999 -999 -999
0.368435069781546 0.00389457987005156 -999 -999 -999 -999 -999 -999 -999 -999
0.331330018159691 0.611689651902995 -999 -999 -999 -999 -999 -999 -999 -999
0.331983570375806 0.38653170380464 -999 -999 -999 -999 -999 -999 -999 -999
0.336686411464503 0.00177864429236458 -999 -999 -999 -999 -999 -999 -999 -999
0.342381178328838 0.700964213392586 -999 -999 -999 -999 -999 -999 -999 -999
0.336674176478427 0.296076652758655 -999 -999 -999 -999 -999 -999 -999 -999
0.320944645192735 0.00295913384875979 -999 -999 -999 -999 -999 -999 -999 -999
0.326412447622727 0.78807196820686 -999 -999 -999 -999 -999 -999 -999 -999
0.33578879716373 0.2075112837443 -999 -999 -999 -999 -999 -999 -999 -999
0.337798755213543 0.00441674804884001 -999 -999 -999 -999 -999 -999 -999 -999
0.323035134130633 0.761800193186361 -999 -999 -999 -999 -999 -999 -999 -999
0.347819166333682 0.234257216210948 -999 -999 -999 -999 -999 -999 -999 -999
0.329145699535686 0.0039425906026903 -999 -999 -999 -999 -999 -999 -999 -999
0.341905876052481 0.798290069146601 -999 -999 -999 -999 -999 -999 -999 -999
0.334328084237439 0.196761083310653 -999 -999 -999 -999 -999 -999 -999 -999
0.32376603971008 0.00494884754274734 -999 -999 -999 -999 -999 -999 -999 -999
0.34161009434442 0.793349356103231 -999 -999 -999 -999 -999 -999 -999 -999
0.315001095913998 0.201654580494169 -999 -999 -999 -999 -999 -999 -999 -999
0.343388809741582 0.00499606340260032 -999 -999 -999 -999 -999 -999 -999 -999
0.331101935027914 0.750132124276741 -999 -999 -999 -999 -999 -999 -999 -999
0.306427148836223 0.245960637465503 -999 -999 -999 -999 -999 -999 -999 -999
0.362470916135864 0.00390723825775539 -999 -999 -999 -999 -999 -999 -999 -999
0.312453553502038 0.718363216719132 -999 -999 -999 -999 -999 -999 -999 -999
0.323928533115535 0.278322141717735 -999 -999 -999 -999 -999 -999 -999 -999
0.363617913382428 0.00331464156313264 -999 -999 -999 -999 -999 -999 -999 -999
0.337619310838133 0.802163532146346 -999 -999 -999 -999 -999 -999 -999 -999
0.31668133548097 0.19274028751987 -999 -999 -999 -999 -999 -999 -999 -999
0.345699353680896 0.00509618033378413 -999 -999 -999 -999 -999 -999 -999 -999
0.351017707783338 0.763598982413239 -999 -999 -999 -999 -999 -999 -999 -999
0.324082941070959 0.232371296275296 -999 -999 -999 -999 -999 -999 -999 -999
0.324899351145704 0.00402972131146481 -999 -999 -999 -999 -999 -999 -999 -999
0.329559212930988 0.777564876030695 -999 -999 -999 -999 -999 -999 -999 -999
0.326212750019973 0.218305100198161 -999 -999 -999 -999 -999 -999 -999 -999
0.344228037049039 0.00413002377114443 -999 -999 -999 -999 -999 -999 -999 -999
0.332847578041329 0.766643576431313 -999 -999 -999 -999 -999 -999 -999 -999
0.353365574373836 0.228980346117769 -999 -999 -999 -999 -999 -999 -999 -999
0.313786847584834 0.00437607745091783 -999 -999 -999 -999 -999 -999 -999 -999
0.316635206507097 0.827076372276893 -999 -999 -999 -999 -999 -999 -999 -999
0.352305635784922 0.167492988260646 -999 -999 -999 -999 -999 -999 -999 -999
0.331059157707981 0.00543063946246195 -999 -999 -999 -999 -999 -999 -999 -999
0.321712984461695 0.787292337995181 -999 -999 -999 -999 -999 -999 -999 -999
0.351613370327777 0.20810098198269 -999 -999 -999 -999 -999 -999 -999 -999
0.326673645210527 0.00460668002212958 -999 -999 -999 -999 -999 -999 -999 -999
0.315511467790809 0.680288394205438 -999 -999 -999 -999 -999 -999 -999 -999
0.337638260450254 0.31700207612423 -999 -999 -999 -999 -999 -999 -999 -999
0.346850271758938 0.00270952967033137 -999 -999 -999 -999 -999 -999 -999 -999
0.340101708166304 0.746884502279853 -999 -999 -999 -999 -999 -999 -999 -999
0.345239394399094 0.249846431238676 -999 -999 -999 -999 -999 -999 -999 -999
0.314658897434603 0.00326906648146986 -999 -999 -999 -999 -999 -999 -999 -999
0.335470165421881 0.736958935023049 -999 -999 -999 -999 -999 -999 -999 -999
0.31097521552812 0.259492559639003 -999 -999 -999 -999 -999 -999 -999 -999
0.353554619049999 0.00354850533794814 -999 -999 -999 -999 -999 -999 -999 -999
0.331216143841002 0.751467943431323 -999 -999 -999 -999 -999 -999 -999 -999
0.344656103270416 0.245007755647044 -999 -999 -999 -999 -999 -999 -999 -999
0.324127752888581 0.00352430092163266 -999 -999 -999 -999 -999 -999 -999 -999
0.329776785181742 0.770065309645837 -999 -999 -999 -999 -999 -999 -999 -999
0.309033714731377 0.225721532811243 -999 -999 -999 -999 -999 -999 -999 -999
0.361189500086881 0.00421315754291985 -999 -999 -999 -999 -999 -999 -999 -999
0.334700222190585 0.675470659487586 -999 -999 -999 -999 -999 -999 -999 -999
0.338301523097216 0.321999340440326 -999 -999 -999 -999 -999 -999 -999 -999
0.326998254712199 0.00253000007208767 -999 -999 -999 -999 -999 -999 -999 -999
0.325206642564197 0.758995647969628 -999 -999 -999 -999 -999 -999 -999 -999
0.344964329087372 0.237192754406085 -999 -999 -999 -999 -999 -999 -999 -999
0.329829028348431 0.00381159762428659 -999 -999 -999 -999 -999 -999 -999 -999
0.335178386898039 0.733856815194262 -999 -999 -999 -999 -999 -999 -999 -999
0.323584396443989 0.262915752507253 -999 -999 -999 -999 -999 -999 -999 -999
0.341237216657971 0.00322743229848522 -999 -999 -999 -999 -999 -999 -999 -999
0.344481940068725 0.808444797371686 -999 -999 -999 -999 -999 -999 -999 -999
0.341152509576317 0.187003577551702 -999 -999 -999 -999 -999 -999 -999 -999
0.314365550354958 0.00455162507661208 -999 -999 -999 -999 -999 -999 -999 -999
0.328824377216084 0.7786917445124 -999 -999 -999 -999 -999 -999 -999 -999
0.318946850230843 0.216963648864914 -999 -999 -999 -999 -999 -999 -999 -999
0.352228772553073 0.00434460662268697 -999 -999 -999 -999 -999 -999 -999 -999
0.339454534272128 0.827432129851868 -999 -999 -999 -999 -999 -999 -999 -999
0.325479088702066 0.165864721824459 -999 -999 -999 -999 -999 -999 -999 -999
0.335066377025807 0.00670314832367292 -999 -999 -999 -999 -999 -999 -999 -999
0.349368375190694 0.806585311716443 -999 -999 -999 -999 -999 -999 -999 -999
0.338088679752019 0.188218116851754 -999 -999 -999 -999 -999 -999 -999 -999
0.312542945057287 0.00519657143180235 -999 -999 -999 -999 -999 -999 -999 -999
0.322897549196678 0.738561984587678 -999 -999 -999 -999 -999 -999 -999 -999
0.346933361816337 0.257925568443128 -999 -999 -999 -999 -999 -999 -999 -999
0.330169088986985 0.00351244696919466 -999 -999 -999 -999 -999 -999 -999 -999
0.341441240631651 0.765403705099187 -999 -999 -999 -999 -999 -999 -999 -999
0.334875637732656 0.230624795377467 -999 -999 -999 -999 -999 -999 -999 -999
0.323683121635693 0.00397149952334643 -999 -999 -999 -999 -999 -999 -999 -999
0.323090651010827 0.712910666134011 -999 -999 -999 -999 -999 -999 -999 -999
0.31828699852852 0.284283599848616 -999 -999 -999 -999 -999 -999 -999 -999
0.358622350460652 0.00280573401737247 -999 -999 -999 -999 -999 -999 -999 -999
0.321853301688645 0.722131204986384 -999 -999 -999 -999 -999 -999 -999 -999
0.365210420817793 0.274589284544399 -999 -999 -999 -999 -999 -999 -999 -999
0.312936277493562 0.00327951046921612 -999 -999 -999 -999 -999 -999 -999 -999
0.335444037937734 0.780826175585179 -999 -999 -999 -999 -999 -999 -999 -999
0.343501602647906 0.214968894283192 -999 -999 -999 -999 -999 -999 -999 -999
0.32105435941436 0.00420493013162902 -999 -999 -999 -999 -999 -999 -999 -999
0.343968075412941 0.705578843124879 -999 -999 -999 -999 -999 -999 -999 -999
0.318225780838833 0.291447619016209 -999 -999 -999 -999 -999 -999 -999 -999
0.337806143748225 0.00297353785891279 -999 -999 -999 -999 -999 -999 -999 -999
0.338159540136693 0.703585505790065 -999 -999 -999 -999 -999 -999 -999 -999
0.331849574640086 0.293408165832483 -999 -999 -999 -999 -999 -999 -999 -999
0.329990885223221 0.00300632837745142 -999 -999 -999 -999 -999 -999 -999 -999
0.327065177313602 0.658193953125178 -999 -999 -999 -999 -999 -999 -999 -999
0.32637721021761 0.339661634771639 -999 -999 -999 -999 -999 -999 -999 -999
0.346557612468788 0.00214441210318295 -999 -999 -999 -999 -999 -999 -999 -999
0.312126414760275 0.825808126505247 -999 -999 -999 -999 -999 -999 -999 -999
0.343397148382121 0.168454975765424 -999 -999 -999 -999 -999 -999 -999 -999
0.344476436857604 0.00573689772932904 -999 -999 -999 -999 -999 -999 -999 -999
0.338445319321307 0.833594626246061 -999 -999 -999 -999 -999 -999 -999 -999
0.334931098673266 0.160203565646102 -999 -999 -999 -999 -999 -999 -999 -999
0.326623582005427 0.0062018081078367 -999 -999 -999 -999 -999 -999 -999 -999
0.33219412155519 0.719682472895715 -999 -999 -999 -999 -999 -999 -999 -999
0.319878553706245 0.276926134324542 -999 -999 -999 -999 -999 -999 -999 -999
0.347927324738566 0.00339139277974274 -999 -999 -999 -999 -999 -999 -999 -999
0.321565200899117 0.770483192506752 -999 -999 -999 -999 -999 -999 -999 -999
0.335994429011735 0.225504852771817 -999 -999 -999 -999 -999 -999 -999 -999
0.342440370089148 0.00401195472143112 -999 -999 -999 -999 -999 -999 -999 -999
0.341840986919042 0.734055423999965 -999 -999 -999 -999 -999 -999 -999 -999
0.326041157294768 0.262674175637074 -999 -999 -999 -999 -999 -999 -999 -999
0.33211785578619 0.00327040036296039 -999 -999 -999 -999 -999 -999 -999 -999
0.343631417573617 0.686210442925451 -999 -999 -999 -999 -999 -999 -999 -999
0.315933673627073 0.311043168094151 -999 -999 -999 -999 -999 -999 -999 -999
0.34043490879931 0.00274638898039804 -999 -999 -999 -999 -999 -999 -999 -999
0.330561168680692 0.773265524543019 -999 -999 -999 -999 -999 -999 -999 -999
0.347755045467168 0.222705021251914 -999 -999 -999 -999 -999 -999 -999 -999
0.321683785852141 0.00402945420506738 -999 -999 -999 -999 -999 -999 -999 -999
0.332171631594005 0.737158234708355 -999 -999 -999 -999 -999 -999 -999 -999
0.331205729524238 0.259126434894259 -999 -999 -999 -999 -999 -999 -999 -999
0.336622638881757 0.00371533039738564 -999 -999 -999 -999 -999 -999 -999 -999
0.328760854864926 0.782911400309192 -999 -999 -999 -999 -999 -999 -999 -999
0.335353271526144 0.212677825369788 -999 -999 -999 -999 -999 -999 -999 -999
0.33588587360893 0.00441077432102011 -999 -999 -999 -999 -999 -999 -999 -999
0.344408409558734 0.738608477049251 -999 -999 -999 -999 -999 -999 -999 -999
0.313644286317817 0.25790855410843 -999 -999 -999 -999 -999 -999 -999 -999
0.341947304123448 0.00348296884231906 -999 -999 -999 -999 -999 -999 -999 -999
0.328940406617186 0.81587084314513 -999 -999 -999 -999 -999 -999 -999 -999
0.352391417154915 0.178798201743954 -999 -999 -999 -999 -999 -999 -999 -999
0.318668176227899 0.00533095511091656 -999 -999 -999 -999 -999 -999 -999 -999
0.317909190876085 0.787040899423342 -999 -999 -999 -999 -999 -999 -999 -999
0.357958647513115 0.208132545985053 -999 -999 -999 -999 -999 -999 -999 -999
0.3241321616108 0.00482655459160461 -999 -999 -999 -999 -999 -999 -999 -999
0.343407534658939 0.757497028807206 -999 -999 -999 -999 -999 -999 -999 -999
0.30114810896582 0.238516201668477 -999 -999 -999 -999 -999 -999 -999 -999
0.355444356375241 0.00398676952431561 -999 -999 -999 -999 -999 -999 -999 -999
0.321379132212424 0.730378831783876 -999 -999 -999 -999 -999 -999 -999 -999
0.326773110670579 0.266162403896272 -999 -999 -999 -999 -999 -999 -999 -999
0.351847757116997 0.00345876431985111 -999 -999 -999 -999 -999 -999 -999 -999
0.332378811590901 0.681306371561484 -999 -999 -999 -999 -999 -999 -999 -999
0.317300213833531 0.31612865025244 -999 -999 -999 -999 -999 -999 -999 -999
0.350320974575568 0.00256497818607572 -999 -999 -999 -999 -999 -999 -999 -999
0.350601930103546 0.819237636477279 -999 -999 -999 -999 -999 -999 -999 -999
0.311202940252565 0.175356657989597 -999 -999 -999 -999 -999 -999 -999 -999
0.33819512964389 0.00540570553312449 -999 -999 -999 -999 -999 -999 -999 -999
0.355974220603554 0.686268616150738 -999 -999 -999 -999 -999 -999 -999 -999
0.336774714082183 0.311019082539649 -999 -999 -999 -999 -999 -999 -999 -999
0.307251065314262 0.00271230130961259 -999 -999 -999 -999 -999 -999 -999 -999
0.326910336569728 0.642108567130771 -999 -999 -999 -999 -999 -999 -999 -999
0.335471185060945 0.355714577039941 -999 -999 -999 -999 -999 -999 -999 -999
0.337618478369327 0.00217685582928738 -999 -999 -999 -999 -999 -999 -999 -999
0.326571837153591 0.756297020898063 -999 -999 -999 -999 -999 -999 -999 -999
0.362129491230348 0.239858393972112 -999 -999 -999 -999 -999 -999 -999 -999
0.311298671616061 0.00384458512982402 -999 -999 -999 -999 -999 -999 -999 -999
0.33459449591291 0.722973823769636 -999 -999 -999 -999 -999 -999 -999 -999
0.322663763284317 0.273669841854361 -999 -999 -999 -999 -999 -999 -999 -999
0.342741740802773 0.00335633437600288 -999 -999 -999 -999 -999 -999 -999 -999
0.328568712435778 0.769269202736787 -999 -999 -999 -999 -999 -999 -999 -999
0.340752642592951 0.226949046729422 -999 -999 -999 -999 -999 -999 -999 -999
0.33067864497127 0.00378175053379127 -999 -999 -999 -999 -999 -999 -999 -999
0.334677645756819 0.649278918103765 -999 -999 -999 -999 -999 -999 -999 -999
0.33409684067509 0.348283467348494 -999 -999 -999 -999 -999 -999 -999 -999
0.331225513568091 0.0024376145477408 -999 -999 -999 -999 -999 -999 -999 -999
0.341399429178738 0.659010339591376 -999 -999 -999 -999 -999 -999 -999 -999
0.340849340910572 0.338470497141978 -999 -999 -999 -999 -999 -999 -999 -999
0.31775122991069 0.00251916326664655 -999 -999 -999 -999 -999 -999 -999 -999
0.328207038083314 0.620064235988311 -999 -999 -999 -999 -999 -999 -999 -999
0.346356321504532 0.377884932155836 -999 -999 -999 -999 -999 -999 -999 -999
0.325436640412154 0.00205083185585227 -999 -999 -999 -999 -999 -999 -999 -999
0.348251262670483 0.793306100321075 -999 -999 -999 -999 -999 -999 -999 -999
0.333055184384784 0.202139769789573 -999 -999 -999 -999 -999 -999 -999 -999
0.318693552944733 0.00455412988935266 -999 -999 -999 -999 -999 -999 -999 -999
0.319159825737048 0.71598416735413 -999 -999 -999 -999 -999 -999 -999 -999
0.367200552745239 0.280830786654257 -999 -999 -999 -999 -999 -999 -999 -999
0.313639621517713 0.00318504599161301 -999 -999 -999 -999 -999 -999 -999 -999
0.332262865069926 0.719204912462654 -999 -999 -999 -999 -999 -999 -999 -999
0.330690838541517 0.27787148745315 -999 -999 -999 -999 -999 -999 -999 -999
0.337046296388557 0.00292360008419563 -999 -999 -999 -999 -999 -999 -999 -999
0.326704393758919 0.72451950933232 -999 -999 -999 -999 -999 -999 -999 -999
0.33148287175351 0.272374066472885 -999 -999 -999 -999 -999 -999 -999 -999
0.341812734487571 0.00310642419479488 -999 -999 -999 -999 -999 -999 -999 -999
0.3426121046056 0.701611020081115 -999 -999 -999 -999 -999 -999 -999 -999
0.341268972405846 0.295482528703605 -999 -999 -999 -999 -999 -999 -999 -999
0.316118922988554 0.00290645121528013 -999 -999 -999 -999 -999 -999 -999 -999
0.362555958746233 0.670923509612914 -999 -999 -999 -999 -999 -999 -999 -999
0.301005651927849 0.326399857696853 -999 -999 -999 -999 -999 -999 -999 -999
0.336438389325918 0.00267663269023359 -999 -999 -999 -999 -999 -999 -999 -999
0.339728892586367 0.714903614810611 -999 -999 -999 -999 -999 -999 -999 -999
0.330465319916755 0.282193455568041 -999 -999 -999 -999 -999 -999 -999 -999
0.329805787496878 0.0029029296213481 -999 -999 -999 -999 -999 -999 -999 -999
0.334816805291714 0.788403997957648 -999 -999 -999 -999 -999 -999 -999 -999
0.338493259132612 0.206877470734501 -999 -999 -999 -999 -999 -999 -999 -999
0.326689935575674 0.004718531307851 -999 -999 -999 -999 -999 -999 -999 -999
0.343155687218207 0.712425771640439 -999 -999 -999 -999 -999 -999 -999 -999
0.325428960276161 0.284275823639894 -999 -999 -999 -999 -999 -999 -999 -999
0.331415352505632 0.00329840471966646 -999 -999 -999 -999 -999 -999 -999 -999
0.332059227435584 0.755907757340623 -999 -999 -999 -999 -999 -999 -999 -999
0.328988444198878 0.239945629261155 -999 -999 -999 -999 -999 -999 -999 -999
0.338952328365538 0.00414661339822212 -999 -999 -999 -999 -999 -999 -999 -999
0.313384438070239 0.733375875430715 -999 -999 -999 -999 -999 -999 -999 -999
0.345164373717732 0.26287611175877 -999 -999 -999 -999 -999 -999 -999 -999
0.341451188212028 0.00374801281051563 -999 -999 -999 -999 -999 -999 -999 -999
0.338700714553343 0.774138541552855 -999 -999 -999 -999 -999 -999 -999 -999
0.344263457077626 0.221810599691622 -999 -999 -999 -999 -999 -999 -999 -999
0.31703582836903 0.00405085875552319 -999 -999 -999 -999 -999 -999 -999 -999
0.351298488454102 0.633630360967414 -999 -999 -999 -999 -999 -999 -999 -999
0.336279590520815 0.364143816409933 -999 -999 -999 -999 -999 -999 -999 -999
0.312421921025083 0.00222582262265335 -999 -999 -999 -999 -999 -999 -999 -999
0.331920111311642 0.782233247642067 -999 -999 -999 -999 -999 -999 -999 -999
0.338448357209586 0.213321164540706 -999 -999 -999 -999 -999 -999 -999 -999
0.329631531478772 0.00444558781722649 -999 -999 -999 -999 -999 -999 -999 -999
0.325234242111297 0.806267511538821 -999 -999 -999 -999 -999 -999 -999 -999
0.336030937397336 0.188226407980579 -999 -999 -999 -999 -999 -999 -999 -999
0.338734820491367 0.00550608048059969 -999 -999 -999 -999 -999 -999 -999 -999
0.34196244748265 0.704696331325373 -999 -999 -999 -999 -999 -999 -999 -999
0.34678634738987 0.292087218972249 -999 -999 -999 -999 -999 -999 -999 -999
0.31125120512748 0.00321644970237764 -999 -999 -999 -999 -999 -999 -999 -999
0.342697873500888 0.655685793095453 -999 -999 -999 -999 -999 -999 -999 -999
0.330054031050731 0.341948152460141 -999 -999 -999 -999 -999 -999 -999 -999
0.327248095448381 0.00236605444440607 -999 -999 -999 -999 -999 -999 -999 -999
-999 -999 -999 -999 -999 -999 -999 -999 -999 -999
-999 -999 -999 -999 -999 -999 -999 -999 -999 -999
-999 -999 -999 -999 -999 -999 -999 -999 -999 -999
-999 -999 -999 -999 -999 -999 -999 -999 -999 -999
-999 -999 -999 -999 -999 -999 -999 -999 -999 -999
-999 -999 -999 -999 -999 -999 -999 -999 -999 -999
