215
154
65
29
23
24
28
27
18
18
20
19
17
16
15
15
13
15
15
14
16
15
15
15
13
16
16
10
9
13
12
11
14
10
12
12
11
11
10
10
8
7
7
6
6
6
7
6
6
7
6
6
6
6
6
7
6
7
6
7
8
3
3
3
2
1
1
1
1
1
1
1
1
1
1
1
1
1
1
1
1
1
1
1
1
1
1
1
1
1
2
1
1
1
1
1
1
1
1
1
2
5
1
3
2
1
1
1
1
2
2
1
1
1
1
1
1
1
1
1
1
1
1
3
3
1
1
1
2
1
1
1
1
1
1
1
2
1
2
1
1
1
1
1
1
2
1
1
1
1
1
1
1
1
1
2
1
1
4
1
1
1
1
3
1
1
1
2
2
2
1
1
3
1
1
1
2
1
1
1
1
1
1
1
1
1
1
1
1
1
2
1
2
4
1
2
2
2
1
1
1
2
1
2
2
2
1
1
1
1
1
1
1
1
1
6
1
1
1
1
1
1
2
1
2
2
1
1
1
1
1
1
1
3
1
1
1
9
1
1
2
1
1
1
1
1
2
1
1
2
1
1
2
1
1
1
1
2
2
1
1
3
1
1
1
1
1
1
1
2
1
2
1
1
1
1
1
1
2
1
1
1
1
2
1
1
1
1
1
1
2
1
1
4
1
1
1
1
1
2
2
1
1
1
1
1
1
1
1
1
1
1
1
1
1
1
3
1
1
1
1
3
3
1
1
1
1
2
2
4
2
1
1
1
2
4
1
1
2
1
1
1
2
3
1
1
1
1
2
3
1
2
1
1
2
1
2
3
1
1
1
1
1
1
1
1
1
1
1
2
1
1
1
1
2
1
2
1
1
1
1
1
1
1
1
2
1
3
2
1
1
2
2
1
1
1
1
1
1
1
1
1
1
1
1
1
1
1
1
1
1
1
1
1
1
3
1
1
1
1
2
1
1
1
1
1
1
1
1
1
1
5
1
3
1
1
1
1
1
1
1
1
1
1
1
1
1
1
3
1
1
1
2
1
1
1
1
1
1
1
2
1
1
1
1
1
1
2
1
1
1
2
1
1
1
1
1
1
1
1
1
3
1
1
1
1
1
2
1
1
1
1
1
1
1
1
1
1
1
1
1
1
1
1
1
2
1
1
1
1
1
1
3
1
1
2
6
2
1
1
1
1
1
1
2
1
1
2
1
1
1
2
1
2
1
1
1
2
1
1
1
2
1
1
1
1
1
1
1
1
2
2
1
1
1
1
1
1
1
2
1
1
1
1
1
1
1
1
1
3
1
1
2
1
2
1
1
1
2
1
1
1
2
1
1
1
1
1
1
1
1
1
2
1
1
1
4
1
1
1
1
1
1
1
2
1
1
1
1
1
1
1
1
1
1
1
1
1
2
1
1
2
1
4
1
1
1
2
1
1
1
1
1
1
1
1
2
1
1
1
2
1
1
1
1
1
2
5
1
1
1
4
2
7
1
2
1
1
1
2
1
1
1
1
1
1
1
1
3
3
1
1
1
1
2
1
2
1
1
1
1
1
1
1
2
1
1
2
1
1
1
1
1
1
1
1
1
1
1
1
4
1
1
1
1
1
1
1
2
1
2
1
1
1
1
1
3
1
3
1
1
1
1
1
1
1
1
1
2
1
2
1
1
1
1
1
1
1
1
1
1
1
1
1
1
1
1
1
1
1
3
1
1
1
1
1
4
1
1
1
1
1
2
1
1
1
1
1
1
1
1
1
1
1
1
2
2
2
1
1
1
1
2
1
1
1
2
1
1
1
1
2
1
1
1
1
1
1
1
2
2
1
1
1
2
2
3
1
1
5
3
1
1
1
1
1
1
1
1
1
1
1
1
3
1
3
1
1
1
1
1
1
2
1
1
1
1
1
1
2
1
1
8
1
1
1
1
1
1
1
1
1
1
1
1
1
2
2
1
1
1
1
1
1
3
1
2
1
1
1
2
1
1
2
4
1
1
1
3
2
3
1
1
2
1
1
1
1
1
2
1
2
1
1
2
1
1
1
1
1
2
1
1
1
1
1
1
2
1
1
1
1
1
4
1
1
1
1
1
1
2
1
1
1
1
3
1
1
2
1
1
1
1
3
1
1
2
3
2
1
4
1
1
1
2
1
1
1
1
1
2
2
1
1
1
1
2
1
1
1
1
1
2
1
1
1
2
1
1
3
1
1
1
3
1
2
2
2
1
1
1
2
1
1
1
1
1
1
1
3
1
1
1
1
2
1
1
1
1
2
