0.723024029773774 0.32194405363697 -999 -999 -999 -999 -999 -999 -999 -999
0.273632053072463 0.350637678926896 -999 -999 -999 -999 -999 -999 -999 -999
0.0033439171537636 0.327418267436134 -999 -999 -999 -999 -999 -999 -999 -999
0.7519392591684 0.324622211062754 -999 -999 -999 -999 -999 -999 -999 -999
0.244447639045839 0.324377795292551 -999 -999 -999 -999 -999 -999 -999 -999
0.00361310178576116 0.350999993644694 -999 -999 -999 -999 -999 -999 -999 -999
0.660678481135087 0.333578047402927 -999 -999 -999 -999 -999 -999 -999 -999
0.336932891393708 0.347136561145509 -999 -999 -999 -999 -999 -999 -999 -999
0.00238862747120492 0.319285391451564 -999 -999 -999 -999 -999 -999 -999 -999
0.823356257228626 0.331836753859652 -999 -999 -999 -999 -999 -999 -999 -999
0.170962249351103 0.327349458017877 -999 -999 -999 -999 -999 -999 -999 -999
0.00568149342027057 0.340813788122471 -999 -999 -999 -999 -999 -999 -999 -999
0.601156225122733 0.318375851502615 -999 -999 -999 -999 -999 -999 -999 -999
0.397091518388111 0.345628168810478 -999 -999 -999 -999 -999 -999 -999 -999
0.00175225648915587 0.335995979686907 -999 -999 -999 -999 -999 -999 -999 -999
0.680734771492281 0.341292431198873 -999 -999 -999 -999 -999 -999 -999 -999
0.316330999195888 0.33259276560699 -999 -999 -999 -999 -999 -999 -999 -999
0.00293422931183066 0.326114803194137 -999 -999 -999 -999 -999 -999 -999 -999
0.889581146803741 0.323286593380925 -999 -999 -999 -999 -999 -999 -999 -999
0.100554725841697 0.347221021095758 -999 -999 -999 -999 -999 -999 -999 -999
0.00986412735456299 0.329492385523317 -999 -999 -999 -999 -999 -999 -999 -999
0.65284517768358 0.342972580357927 -999 -999 -999 -999 -999 -999 -999 -999
0.344798316129273 0.349638666319612 -999 -999 -999 -999 -999 -999 -999 -999
0.00235650618714677 0.30738875332246 -999 -999 -999 -999 -999 -999 -999 -999
0.846791713753178 0.331620781840472 -999 -999 -999 -999 -999 -999 -999 -999
0.146143602796741 0.322293581375207 -999 -999 -999 -999 -999 -999 -999 -999
0.00706468345008041 0.346085636784322 -999 -999 -999 -999 -999 -999 -999 -999
0.637057246558253 0.345368607577713 -999 -999 -999 -999 -999 -999 -999 -999
0.360528461519035 0.311674605334686 -999 -999 -999 -999 -999 -999 -999 -999
0.00241429192271163 0.342956787087601 -999 -999 -999 -999 -999 -999 -999 -999
0.769574888774913 0.309851742668665 -999 -999 -999 -999 -999 -999 -999 -999
0.22652513873571 0.339315053890978 -999 -999 -999 -999 -999 -999 -999 -999
0.00389997248937675 0.350833203440358 -999 -999 -999 -999 -999 -999 -999 -999
0.7778138857867 0.324830647211898 -999 -999 -999 -999 -999 -999 -999 -999
0.217503227881815 0.342125825006835 -999 -999 -999 -999 -999 -999 -999 -999
0.00468288633148467 0.333043527781268 -999 -999 -999 -999 -999 -999 -999 -999
0.705862283486217 0.347832837513433 -999 -999 -999 -999 -999 -999 -999 -999
0.291095769248414 0.321256476950599 -999 -999 -999 -999 -999 -999 -999 -999
0.00304194726536899 0.330910685535969 -999 -999 -999 -999 -999 -999 -999 -999
0.850796732235634 0.321214055369883 -999 -999 -999 -999 -999 -999 -999 -999
0.142719435436082 0.345278904845736 -999 -999 -999 -999 -999 -999 -999 -999
0.00648383232828353 0.33350703978438 -999 -999 -999 -999 -999 -999 -999 -999
0.731660209836058 0.346471516101781 -999 -999 -999 -999 -999 -999 -999 -999
0.264927287435541 0.317792208532923 -999 -999 -999 -999 -999 -999 -999 -999
0.00341250272840022 0.335736275365297 -999 -999 -999 -999 -999 -999 -999 -999
0.835713684885429 0.326850621124128 -999 -999 -999 -999 -999 -999 -999 -999
0.158420777851261 0.332185935469247 -999 -999 -999 -999 -999 -999 -999 -999
0.00586553726331001 0.340963443406625 -999 -999 -999 -999 -999 -999 -999 -999
0.696589684554462 0.351240163017343 -999 -999 -999 -999 -999 -999 -999 -999
0.300471768333137 0.325429115171921 -999 -999 -999 -999 -999 -999 -999 -999
0.00293854711239975 0.323330721810736 -999 -999 -999 -999 -999 -999 -999 -999
0.648569325341045 0.325893336924102 -999 -999 -999 -999 -999 -999 -999 -999
0.349123220815038 0.327982384198139 -999 -999 -999 -999 -999 -999 -999 -999
0.00230745384391716 0.346124278877759 -999 -999 -999 -999 -999 -999 -999 -999
0.783668627708513 0.33676391906565 -999 -999 -999 -999 -999 -999 -999 -999
0.211950973451907 0.32998352465665 -999 -999 -999 -999 -999 -999 -999 -999
0.00438039883957958 0.3332525562777 -999 -999 -999 -999 -999 -999 -999 -999
0.865491114466102 0.346625389590915 -999 -999 -999 -999 -999 -999 -999 -999
0.126576074410813 0.316872953096095 -999 -999 -999 -999 -999 -999 -999 -999
0.00793281112308503 0.33650165731299 -999 -999 -999 -999 -999 -999 -999 -999
0.731128281446884 0.351704030654486 -999 -999 -999 -999 -999 -999 -999 -999
0.265570188853284 0.334857298544606 -999 -999 -999 -999 -999 -999 -999 -999
0.00330152969983295 0.313438670800907 -999 -999 -999 -999 -999 -999 -999 -999
0.763299710090917 0.319949157417004 -999 -999 -999 -999 -999 -999 -999 -999
0.232526003210341 0.33012621481842 -999 -999 -999 -999 -999 -999 -999 -999
0.00417428669874244 0.349924627764577 -999 -999 -999 -999 -999 -999 -999 -999
0.6712931407607 0.319075003743508 -999 -999 -999 -999 -999 -999 -999 -999
0.326303021705525 0.343972255695565 -999 -999 -999 -999 -999 -999 -999 -999
0.00240383753377453 0.336952740560927 -999 -999 -999 -999 -999 -999 -999 -999
0.781951273590126 0.331568592643336 -999 -999 -999 -999 -999 -999 -999 -999
0.213402402474746 0.329500341584301 -999 -999 -999 -999 -999 -999 -999 -999
0.00464632393512741 0.338931065772363 -999 -999 -999 -999 -999 -999 -999 -999
0.67936928484735 0.333834511217649 -999 -999 -999 -999 -999 -999 -999 -999
0.318104843067852 0.337816164333567 -999 -999 -999 -999 -999 -999 -999 -999
0.00252587208479859 0.328349324448784 -999 -999 -999 -999 -999 -999 -999 -999
0.676029469753195 0.328913822740153 -999 -999 -999 -999 -999 -999 -999 -999
0.321370593519424 0.331619135241195 -999 -999 -999 -999 -999 -999 -999 -999
0.00259993672738126 0.339467042018652 -999 -999 -999 -999 -999 -999 -999 -999
0.673399099478329 0.333582901862307 -999 -999 -999 -999 -999 -999 -999 -999
0.323893328838799 0.342584822557795 -999 -999 -999 -999 -999 -999 -999 -999
0.00270757168287304 0.323832275579898 -999 -999 -999 -999 -999 -999 -999 -999
0.662591772092754 0.331884967876247 -999 -999 -999 -999 -999 -999 -999 -999
0.335226134696988 0.330126152238214 -999 -999 -999 -999 -999 -999 -999 -999
0.0021820932102581 0.337988879885539 -999 -999 -999 -999 -999 -999 -999 -999
0.704316214017198 0.322640718172582 -999 -999 -999 -999 -999 -999 -999 -999
0.292733105674371 0.343137156532231 -999 -999 -999 -999 -999 -999 -999 -999
0.0029506803084325 0.334222125295187 -999 -999 -999 -999 -999 -999 -999 -999
0.770359670241857 0.334979674704407 -999 -999 -999 -999 -999 -999 -999 -999
0.225375884984474 0.324268991112399 -999 -999 -999 -999 -999 -999 -999 -999
0.00426444477366975 0.340751334183194 -999 -999 -999 -999 -999 -999 -999 -999
0.766375473864067 0.33374823151373 -999 -999 -999 -999 -999 -999 -999 -999
0.229658543396152 0.354639529186839 -999 -999 -999 -999 -999 -999 -999 -999
0.00396598273978187 0.31161223929943 -999 -999 -999 -999 -999 -999 -999 -999
0.70310957479709 0.329186675376878 -999 -999 -999 -999 -999 -999 -999 -999
0.293956828442903 0.329217320923111 -999 -999 -999 -999 -999 -999 -999 -999
0.00293359676000658 0.341596003700011 -999 -999 -999 -999 -999 -999 -999 -999
0.789208796210984 0.348764306404319 -999 -999 -999 -999 -999 -999 -999 -999
0.205931630027273 0.331568821505848 -999 -999 -999 -999 -999 -999 -999 -999
0.00485957376174221 0.319666872089833 -999 -999 -999 -999 -999 -999 -999 -999
0.785888868560988 0.32083838102873 -999 -999 -999 -999 -999 -999 -999 -999
0.209615959592796 0.349224877607422 -999 -999 -999 -999 -999 -999 -999 -999
0.00449517184621643 0.329936741363848 -999 -999 -999 -999 -999 -999 -999 -999
0.710822406289398 0.344425327941828 -999 -999 -999 -999 -999 -999 -999 -999
0.286300218618105 0.325899451358943 -999 -999 -999 -999 -999 -999 -999 -999
0.00287737509249666 0.32967522069923 -999 -999 -999 -999 -999 -999 -999 -999
0.729154639624834 0.304360044644106 -999 -999 -999 -999 -999 -999 -999 -999
0.267817827263766 0.341188352984463 -999 -999 -999 -999 -999 -999 -999 -999
0.00302753311140002 0.354451602371431 -999 -999 -999 -999 -999 -999 -999 -999
0.794319034939681 0.319184083506631 -999 -999 -999 -999 -999 -999 -999 -999
0.20057656282584 0.347161944284537 -999 -999 -999 -999 -999 -999 -999 -999
0.00510440223447784 0.333653972208831 -999 -999 -999 -999 -999 -999 -999 -999
0.748920080350417 0.330820777227652 -999 -999 -999 -999 -999 -999 -999 -999
0.247109929134266 0.337028184072945 -999 -999 -999 -999 -999 -999 -999 -999
0.0039699905153167 0.332151038699402 -999 -999 -999 -999 -999 -999 -999 -999
0.812491652581557 0.321100025391062 -999 -999 -999 -999 -999 -999 -999 -999
0.182640391649036 0.322506990567894 -999 -999 -999 -999 -999 -999 -999 -999
0.00486795576940657 0.356392984041044 -999 -999 -999 -999 -999 -999 -999 -999
0.768993421146713 0.331990384347535 -999 -999 -999 -999 -999 -999 -999 -999
0.226825134836565 0.325867772558201 -999 -999 -999 -999 -999 -999 -999 -999
0.00418144401672187 0.342141843094264 -999 -999 -999 -999 -999 -999 -999 -999
0.843154570825441 0.322277996455264 -999 -999 -999 -999 -999 -999 -999 -999
0.15020509350265 0.334230728235585 -999 -999 -999 -999 -999 -999 -999 -999
0.00664033567191007 0.343491275309152 -999 -999 -999 -999 -999 -999 -999 -999
0.686046331326321 0.342030198731207 -999 -999 -999 -999 -999 -999 -999 -999
0.311137388563768 0.328520763053701 -999 -999 -999 -999 -999 -999 -999 -999
0.00281628010991155 0.329449038215093 -999 -999 -999 -999 -999 -999 -999 -999
0.790903703873448 0.338432946221847 -999 -999 -999 -999 -999 -999 -999 -999
0.204610537590699 0.324591122894866 -999 -999 -999 -999 -999 -999 -999 -999
0.0044857585358536 0.336975930883287 -999 -999 -999 -999 -999 -999 -999 -999
0.757070374018779 0.333834908689715 -999 -999 -999 -999 -999 -999 -999 -999
0.239044065581593 0.339934452871917 -999 -999 -999 -999 -999 -999 -999 -999
0.00388556039962772 0.326230638438369 -999 -999 -999 -999 -999 -999 -999 -999
0.761496287356311 0.339337092060013 -999 -999 -999 -999 -999 -999 -999 -999
0.234285644150062 0.32245838414714 -999 -999 -999 -999 -999 -999 -999 -999
0.00421806849362712 0.338204523792847 -999 -999 -999 -999 -999 -999 -999 -999
0.794312034878879 0.339891405462045 -999 -999 -999 -999 -999 -999 -999 -999
0.200692935106615 0.328242235549433 -999 -999 -999 -999 -999 -999 -999 -999
0.00499503001450689 0.331866358988522 -999 -999 -999 -999 -999 -999 -999 -999
0.776096955053454 0.341539517117168 -999 -999 -999 -999 -999 -999 -999 -999
0.21917519827443 0.339825791359529 -999 -999 -999 -999 -999 -999 -999 -999
0.00472784667211648 0.318634691523303 -999 -999 -999 -999 -999 -999 -999 -999
0.867208627941026 0.336109218546149 -999 -999 -999 -999 -999 -999 -999 -999
0.125545990711596 0.327079221649176 -999 -999 -999 -999 -999 -999 -999 -999
0.00724538134737846 0.336811559804675 -999 -999 -999 -999 -999 -999 -999 -999
0.841407927230362 0.319503053505665 -999 -999 -999 -999 -999 -999 -999 -999
0.152238975343949 0.339802788066717 -999 -999 -999 -999 -999 -999 -999 -999
0.00635309742568947 0.340694158427618 -999 -999 -999 -999 -999 -999 -999 -999
0.760818821497192 0.329076532222369 -999 -999 -999 -999 -999 -999 -999 -999
0.235452938130484 0.350191437708432 -999 -999 -999 -999 -999 -999 -999 -999
0.00372824037232367 0.320732030069199 -999 -999 -999 -999 -999 -999 -999 -999
0.74320316724666 0.341816638476763 -999 -999 -999 -999 -999 -999 -999 -999
0.253367226369465 0.330786439556153 -999 -999 -999 -999 -999 -999 -999 -999
0.00342960638387437 0.327396921967083 -999 -999 -999 -999 -999 -999 -999 -999
0.815187492109921 0.356032858881457 -999 -999 -999 -999 -999 -999 -999 -999
0.179646329108665 0.335806683630425 -999 -999 -999 -999 -999 -999 -999 -999
0.00516617878141479 0.308160457488118 -999 -999 -999 -999 -999 -999 -999 -999
0.756641404847945 0.322838604251339 -999 -999 -999 -999 -999 -999 -999 -999
0.239523178989096 0.33638509079854 -999 -999 -999 -999 -999 -999 -999 -999
0.00383541616295832 0.340776304950122 -999 -999 -999 -999 -999 -999 -999 -999
0.758736941919171 0.306683315261551 -999 -999 -999 -999 -999 -999 -999 -999
0.237104426352472 0.33723617438896 -999 -999 -999 -999 -999 -999 -999 -999
0.0041586317283579 0.356080510349489 -999 -999 -999 -999 -999 -999 -999 -999
0.654003923305122 0.342701823515354 -999 -999 -999 -999 -999 -999 -999 -999
0.343629515774918 0.331627630172824 -999 -999 -999 -999 -999 -999 -999 -999
0.00236656091995955 0.325670546311821 -999 -999 -999 -999 -999 -999 -999 -999
0.858367599382501 0.339987880392247 -999 -999 -999 -999 -999 -999 -999 -999
0.134118993340535 0.317086589985061 -999 -999 -999 -999 -999 -999 -999 -999
0.00751340727696405 0.342925529622692 -999 -999 -999 -999 -999 -999 -999 -999
0.740873566127565 0.326165655877075 -999 -999 -999 -999 -999 -999 -999 -999
0.255652474059692 0.359400092075464 -999 -999 -999 -999 -999 -999 -999 -999
0.00347395981274189 0.314434252047461 -999 -999 -999 -999 -999 -999 -999 -999
0.740709586194662 0.314284215045893 -999 -999 -999 -999 -999 -999 -999 -999
0.256080667933804 0.339854738167104 -999 -999 -999 -999 -999 -999 -999 -999
0.00320974587153351 0.345861046787004 -999 -999 -999 -999 -999 -999 -999 -999
0.828471402971945 0.367646407904236 -999 -999 -999 -999 -999 -999 -999 -999
0.165386101374725 0.310964795580762 -999 -999 -999 -999 -999 -999 -999 -999
0.00614249565333095 0.321388796515002 -999 -999 -999 -999 -999 -999 -999 -999
0.832141630970897 0.324101537944675 -999 -999 -999 -999 -999 -999 -999 -999
0.162261389346174 0.345261861928916 -999 -999 -999 -999 -999 -999 -999 -999
0.00559697968292861 0.330636600126409 -999 -999 -999 -999 -999 -999 -999 -999
0.686642193978834 0.331712183117516 -999 -999 -999 -999 -999 -999 -999 -999
0.310496413214274 0.346024354353437 -999 -999 -999 -999 -999 -999 -999 -999
0.00286139280689154 0.322263462529048 -999 -999 -999 -999 -999 -999 -999 -999
0.801865075100272 0.322932566045286 -999 -999 -999 -999 -999 -999 -999 -999
0.193141359333133 0.323129493884715 -999 -999 -999 -999 -999 -999 -999 -999
0.00499356556659462 0.353937940069998 -999 -999 -999 -999 -999 -999 -999 -999
0.769422759362581 0.328332155169565 -999 -999 -999 -999 -999 -999 -999 -999
0.226617028766949 0.35128398260992 -999 -999 -999 -999 -999 -999 -999 -999
0.0039602118704689 0.320383862220514 -999 -999 -999 -999 -999 -999 -999 -999
0.698858965902127 0.348331310988424 -999 -999 -999 -999 -999 -999 -999 -999
0.298303790306005 0.315265566667657 -999 -999 -999 -999 -999 -999 -999 -999
0.00283724379186762 0.336403122343919 -999 -999 -999 -999 -999 -999 -999 -999
0.770770243790706 0.33336369835559 -999 -999 -999 -999 -999 -999 -999 -999
0.22537814474709 0.330562554540998 -999 -999 -999 -999 -999 -999 -999 -999
0.00385161146220449 0.336073747103412 -999 -999 -999 -999 -999 -999 -999 -999
0.824281517519662 0.324087516983151 -999 -999 -999 -999 -999 -999 -999 -999
0.170063882709764 0.35563624080693 -999 -999 -999 -999 -999 -999 -999 -999
0.00565459977057418 0.32027624220992 -999 -999 -999 -999 -999 -999 -999 -999
0.784402351428677 0.347178860079164 -999 -999 -999 -999 -999 -999 -999 -999
0.210942099853275 0.329517670702654 -999 -999 -999 -999 -999 -999 -999 -999
0.0046555487180475 0.323303469218182 -999 -999 -999 -999 -999 -999 -999 -999
0.746979601934391 0.340284298408624 -999 -999 -999 -999 -999 -999 -999 -999
0.249303560033823 0.329981126452677 -999 -999 -999 -999 -999 -999 -999 -999
0.00371683803178644 0.3297345751387 -999 -999 -999 -999 -999 -999 -999 -999
0.829907407279873 0.330060243858184 -999 -999 -999 -999 -999 -999 -999 -999
0.16470671590952 0.352985286608445 -999 -999 -999 -999 -999 -999 -999 -999
0.00538587681060579 0.316954469533371 -999 -999 -999 -999 -999 -999 -999 -999
0.722111664531336 0.315070168280242 -999 -999 -999 -999 -999 -999 -999 -999
0.274651668398871 0.350003170154961 -999 -999 -999 -999 -999 -999 -999 -999
0.00323666706979374 0.334926661564797 -999 -999 -999 -999 -999 -999 -999 -999
0.684933504942109 0.328746265227645 -999 -999 -999 -999 -999 -999 -999 -999
0.31222515529651 0.323944799904441 -999 -999 -999 -999 -999 -999 -999 -999
0.00284133976138127 0.347308934867914 -999 -999 -999 -999 -999 -999 -999 -999
0.646980083820086 0.325844742124039 -999 -999 -999 -999 -999 -999 -999 -999
0.350858801356631 0.353128152198783 -999 -999 -999 -999 -999 -999 -999 -999
0.00216111482328322 0.321027105677178 -999 -999 -999 -999 -999 -999 -999 -999
0.752242583187795 0.331666637893982 -999 -999 -999 -999 -999 -999 -999 -999
0.24415840649579 0.319962296496127 -999 -999 -999 -999 -999 -999 -999 -999
0.00359901031641537 0.348371065609891 -999 -999 -999 -999 -999 -999 -999 -999
0.724933143468824 0.323856051384214 -999 -999 -999 -999 -999 -999 -999 -999
0.271635320869308 0.33943001691234 -999 -999 -999 -999 -999 -999 -999 -999
0.00343153566186763 0.336713931703445 -999 -999 -999 -999 -999 -999 -999 -999
0.701534162179806 0.324575593615741 -999 -999 -999 -999 -999 -999 -999 -999
0.295279589557429 0.336319493942203 -999 -999 -999 -999 -999 -999 -999 -999
0.00318624826276484 0.339104912442056 -999 -999 -999 -999 -999 -999 -999 -999
0.761105105695802 0.298533080677937 -999 -999 -999 -999 -999 -999 -999 -999
0.235076823447953 0.355159823277931 -999 -999 -999 -999 -999 -999 -999 -999
0.00381807085624509 0.346307096044132 -999 -999 -999 -999 -999 -999 -999 -999
0.756186610114157 0.330179571269107 -999 -999 -999 -999 -999 -999 -999 -999
0.239832483671872 0.335831521820518 -999 -999 -999 -999 -999 -999 -999 -999
0.00398090621397045 0.333988906910375 -999 -999 -999 -999 -999 -999 -999 -999
0.730196919281533 0.310985524505131 -999 -999 -999 -999 -999 -999 -999 -999
0.266960781244007 0.325456129144601 -999 -999 -999 -999 -999 -999 -999 -999
0.0028422994744607 0.363558346350267 -999 -999 -999 -999 -999 -999 -999 -999
0.75957337459874 0.341763281668693 -999 -999 -999 -999 -999 -999 -999 -999
0.236748406746324 0.335115085572778 -999 -999 -999 -999 -999 -999 -999 -999
0.00367821865493616 0.32312163275853 -999 -999 -999 -999 -999 -999 -999 -999
0.70753339715661 0.342686076937143 -999 -999 -999 -999 -999 -999 -999 -999
0.289345465447441 0.341310192706541 -999 -999 -999 -999 -999 -999 -999 -999
0.00312113739594833 0.316003730356316 -999 -999 -999 -999 -999 -999 -999 -999
0.833799223613416 0.327248710553689 -999 -999 -999 -999 -999 -999 -999 -999
0.159531101211367 0.322774066180311 -999 -999 -999 -999 -999 -999 -999 -999
0.00666967517521678 0.349977223265999 -999 -999 -999 -999 -999 -999 -999 -999
0.812720028071909 0.330784851381753 -999 -999 -999 -999 -999 -999 -999 -999
0.181534001714881 0.32665404050982 -999 -999 -999 -999 -999 -999 -999 -999
0.00574597021321001 0.342561108108427 -999 -999 -999 -999 -999 -999 -999 -999
0.729590287418644 0.322990799694702 -999 -999 -999 -999 -999 -999 -999 -999
0.267441170627488 0.321739998045046 -999 -999 -999 -999 -999 -999 -999 -999
0.00296854195386797 0.355269202260252 -999 -999 -999 -999 -999 -999 -999 -999
0.79577563721399 0.322830650371138 -999 -999 -999 -999 -999 -999 -999 -999
0.199434846355002 0.335409838859198 -999 -999 -999 -999 -999 -999 -999 -999
0.00478951643100852 0.341759510769664 -999 -999 -999 -999 -999 -999 -999 -999
0.744813529580908 0.329590597912846 -999 -999 -999 -999 -999 -999 -999 -999
0.251743121487599 0.323649927414989 -999 -999 -999 -999 -999 -999 -999 -999
0.00344334893149287 0.346759474672165 -999 -999 -999 -999 -999 -999 -999 -999
0.87116468364198 0.322350417224918 -999 -999 -999 -999 -999 -999 -999 -999
0.120489283566597 0.331366305665404 -999 -999 -999 -999 -999 -999 -999 -999
0.00834603279142211 0.346283277109677 -999 -999 -999 -999 -999 -999 -999 -999
0.727885549965882 0.327222718172486 -999 -999 -999 -999 -999 -999 -999 -999
0.268619943831606 0.342025578086539 -999 -999 -999 -999 -999 -999 -999 -999
0.00349450620251208 0.330751703740975 -999 -999 -999 -999 -999 -999 -999 -999
0.719692190042141 0.330652641299406 -999 -999 -999 -999 -999 -999 -999 -999
0.277353189513133 0.345601539398388 -999 -999 -999 -999 -999 -999 -999 -999
0.00295462044472602 0.323745819302206 -999 -999 -999 -999 -999 -999 -999 -999
0.780748686251531 0.354955341712364 -999 -999 -999 -999 -999 -999 -999 -999
0.215062028416669 0.340100458835171 -999 -999 -999 -999 -999 -999 -999 -999
0.00418928533179919 0.304944199452464 -999 -999 -999 -999 -999 -999 -999 -999
0.790885531716152 0.357268462116427 -999 -999 -999 -999 -999 -999 -999 -999
0.204753833994287 0.305171297569691 -999 -999 -999 -999 -999 -999 -999 -999
0.00436063428956122 0.337560240313883 -999 -999 -999 -999 -999 -999 -999 -999
0.701381509090564 0.323053431067639 -999 -999 -999 -999 -999 -999 -999 -999
0.295880550558476 0.32099881002125 -999 -999 -999 -999 -999 -999 -999 -999
0.00273794035096021 0.355947758911111 -999 -999 -999 -999 -999 -999 -999 -999
0.735107077727768 0.335210942053545 -999 -999 -999 -999 -999 -999 -999 -999
0.261431731651762 0.340461761233025 -999 -999 -999 -999 -999 -999 -999 -999
0.00346119062046957 0.32432729671343 -999 -999 -999 -999 -999 -999 -999 -999
0.818240370778449 0.330939358089254 -999 -999 -999 -999 -999 -999 -999 -999
0.176467626554144 0.341060676276634 -999 -999 -999 -999 -999 -999 -999 -999
0.00529200266740703 0.327999965634112 -999 -999 -999 -999 -999 -999 -999 -999
0.792041902098672 0.348667073593176 -999 -999 -999 -999 -999 -999 -999 -999
0.203592708964486 0.337251679495436 -999 -999 -999 -999 -999 -999 -999 -999
0.00436538893684181 0.314081246911389 -999 -999 -999 -999 -999 -999 -999 -999
0.755476502880833 0.327705473524268 -999 -999 -999 -999 -999 -999 -999 -999
0.240501403960014 0.323557492793675 -999 -999 -999 -999 -999 -999 -999 -999
0.00402209315915294 0.348737033682056 -999 -999 -999 -999 -999 -999 -999 -999
0.710654292522125 0.331773194850978 -999 -999 -999 -999 -999 -999 -999 -999
0.286228935286484 0.327092045482583 -999 -999 -999 -999 -999 -999 -999 -999
0.00311677219139217 0.341134759666439 -999 -999 -999 -999 -999 -999 -999 -999
0.778308265660433 0.356406702869934 -999 -999 -999 -999 -999 -999 -999 -999
0.217137306515048 0.337910082344541 -999 -999 -999 -999 -999 -999 -999 -999
0.00455442782451808 0.305683214785525 -999 -999 -999 -999 -999 -999 -999 -999
0.804806357423478 0.331297506263407 -999 -999 -999 -999 -999 -999 -999 -999
0.190278218033942 0.328477484896672 -999 -999 -999 -999 -999 -999 -999 -999
0.00491542454258087 0.340225008839921 -999 -999 -999 -999 -999 -999 -999 -999
0.776486491386313 0.343482896599088 -999 -999 -999 -999 -999 -999 -999 -999
0.219766110533376 0.339421468927514 -999 -999 -999 -999 -999 -999 -999 -999
0.00374739808031209 0.317095634473399 -999 -999 -999 -999 -999 -999 -999 -999
0.744644784881156 0.308392006902949 -999 -999 -999 -999 -999 -999 -999 -999
0.251676018586432 0.344478223351345 -999 -999 -999 -999 -999 -999 -999 -999
0.00367919653241112 0.347129769745706 -999 -999 -999 -999 -999 -999 -999 -999
0.821611682925559 0.314152567825558 -999 -999 -999 -999 -999 -999 -999 -999
0.172949969320039 0.339911054564616 -999 -999 -999 -999 -999 -999 -999 -999
0.00543834775440335 0.345936377609827 -999 -999 -999 -999 -999 -999 -999 -999
0.805761623213009 0.311832395527984 -999 -999 -999 -999 -999 -999 -999 -999
0.18898165073902 0.347302648981429 -999 -999 -999 -999 -999 -999 -999 -999
0.00525672604797098 0.340864955490586 -999 -999 -999 -999 -999 -999 -999 -999
0.795311385037331 0.32884748296001 -999 -999 -999 -999 -999 -999 -999 -999
0.200026000913235 0.339183839315425 -999 -999 -999 -999 -999 -999 -999 -999
0.00466261404943356 0.331968677724564 -999 -999 -999 -999 -999 -999 -999 -999
0.818391468401308 0.325755006160783 -999 -999 -999 -999 -999 -999 -999 -999
0.17644468909895 0.352820836171097 -999 -999 -999 -999 -999 -999 -999 -999
0.00516384249974249 0.32142415766812 -999 -999 -999 -999 -999 -999 -999 -999
0.754279946502117 0.313769162910059 -999 -999 -999 -999 -999 -999 -999 -999
0.242181718490767 0.337319536223573 -999 -999 -999 -999 -999 -999 -999 -999
0.00353833500711493 0.348911300866368 -999 -999 -999 -999 -999 -999 -999 -999
0.676495666913109 0.314864864638426 -999 -999 -999 -999 -999 -999 -999 -999
0.320776137716016 0.335992723964107 -999 -999 -999 -999 -999 -999 -999 -999
0.00272819537087547 0.349142411397466 -999 -999 -999 -999 -999 -999 -999 -999
0.723236981719669 0.343111379356743 -999 -999 -999 -999 -999 -999 -999 -999
0.273473548523368 0.332881337250747 -999 -999 -999 -999 -999 -999 -999 -999
0.00328946975696288 0.32400728339251 -999 -999 -999 -999 -999 -999 -999 -999
0.809694535596838 0.316595501275279 -999 -999 -999 -999 -999 -999 -999 -999
0.184882973569752 0.351502060575126 -999 -999 -999 -999 -999 -999 -999 -999
0.00542249083341042 0.331902438149595 -999 -999 -999 -999 -999 -999 -999 -999
0.784444178755928 0.326493084387857 -999 -999 -999 -999 -999 -999 -999 -999
0.211228200025727 0.322523390877491 -999 -999 -999 -999 -999 -999 -999 -999
0.00432762121834532 0.350983524734652 -999 -999 -999 -999 -999 -999 -999 -999
0.743628828264756 0.333011484917589 -999 -999 -999 -999 -999 -999 -999 -999
0.253021473404661 0.327277611347504 -999 -999 -999 -999 -999 -999 -999 -999
0.0033496983305824 0.339710903734906 -999 -999 -999 -999 -999 -999 -999 -999
0.761055334584907 0.345348253714145 -999 -999 -999 -999 -999 -999 -999 -999
0.234832845677281 0.320953066348721 -999 -999 -999 -999 -999 -999 -999 -999
0.00411181973781221 0.333698679937133 -999 -999 -999 -999 -999 -999 -999 -999
0.803829727221576 0.338860727673664 -999 -999 -999 -999 -999 -999 -999 -999
0.19084589101225 0.326627472904546 -999 -999 -999 -999 -999 -999 -999 -999
0.00532438176617427 0.33451179942179 -999 -999 -999 -999 -999 -999 -999 -999
0.759872295435407 0.311530147388326 -999 -999 -999 -999 -999 -999 -999 -999
0.236276309587867 0.341309602926679 -999 -999 -999 -999 -999 -999 -999 -999
0.00385139497672546 0.347160249684994 -999 -999 -999 -999 -999 -999 -999 -999
0.678177554980705 0.329852135331807 -999 -999 -999 -999 -999 -999 -999 -999
0.31921122903537 0.33738893278632 -999 -999 -999 -999 -999 -999 -999 -999
0.00261121598392446 0.332758931881873 -999 -999 -999 -999 -999 -999 -999 -999
0.794662757590851 0.333191149312721 -999 -999 -999 -999 -999 -999 -999 -999
0.200676193645957 0.331611566458801 -999 -999 -999 -999 -999 -999 -999 -999
0.00466104876319185 0.335197284228478 -999 -999 -999 -999 -999 -999 -999 -999
0.76104550566705 0.341026205780131 -999 -999 -999 -999 -999 -999 -999 -999
0.235062762325121 0.321981509809924 -999 -999 -999 -999 -999 -999 -999 -999
0.00389173200782888 0.336992284409946 -999 -999 -999 -999 -999 -999 -999 -999
0.750187779952592 0.343619166761892 -999 -999 -999 -999 -999 -999 -999 -999
0.245662050155012 0.313660309200986 -999 -999 -999 -999 -999 -999 -999 -999
0.00415016989239507 0.342720524037122 -999 -999 -999 -999 -999 -999 -999 -999
0.747315049331053 0.323141327250861 -999 -999 -999 -999 -999 -999 -999 -999
0.249110820354139 0.335646097747935 -999 -999 -999 -999 -999 -999 -999 -999
0.00357413031480916 0.341212575001203 -999 -999 -999 -999 -999 -999 -999 -999
0.801724349110019 0.334201805525283 -999 -999 -999 -999 -999 -999 -999 -999
0.193588522594263 0.344994488765396 -999 -999 -999 -999 -999 -999 -999 -999
0.00468712829571839 0.320803705709321 -999 -999 -999 -999 -999 -999 -999 -999
0.683989907787409 0.313457827664784 -999 -999 -999 -999 -999 -999 -999 -999
0.313528525682566 0.335494514842209 -999 -999 -999 -999 -999 -999 -999 -999
0.00248156653002613 0.351047657493007 -999 -999 -999 -999 -999 -999 -999 -999
0.727942616926163 0.321200021145572 -999 -999 -999 -999 -999 -999 -999 -999
0.268775136926886 0.352166423298521 -999 -999 -999 -999 -999 -999 -999 -999
0.00328224614695081 0.326633555555907 -999 -999 -999 -999 -999 -999 -999 -999
0.676908687745191 0.356687044183925 -999 -999 -999 -999 -999 -999 -999 -999
0.320376989230659 0.318710263784276 -999 -999 -999 -999 -999 -999 -999 -999
0.00271432302415026 0.3246026920318 -999 -999 -999 -999 -999 -999 -999 -999
0.870908185474592 0.350699450902983 -999 -999 -999 -999 -999 -999 -999 -999
0.120441286921934 0.328524561036082 -999 -999 -999 -999 -999 -999 -999 -999
0.00865052760347412 0.320775988060935 -999 -999 -999 -999 -999 -999 -999 -999
0.692324838467263 0.330800648623989 -999 -999 -999 -999 -999 -999 -999 -999
0.304819726547326 0.320630333535554 -999 -999 -999 -999 -999 -999 -999 -999
0.00285543498541079 0.348569017840457 -999 -999 -999 -999 -999 -999 -999 -999
0.760743842768221 0.324802553549824 -999 -999 -999 -999 -999 -999 -999 -999
0.235636163174618 0.329758059962443 -999 -999 -999 -999 -999 -999 -999 -999
0.00361999405716145 0.345439386487733 -999 -999 -999 -999 -999 -999 -999 -999
0.612031284568167 0.326011445952231 -999 -999 -999 -999 -999 -999 -999 -999
0.385931469033647 0.325643934800199 -999 -999 -999 -999 -999 -999 -999 -999
0.00203724639818625 0.34834461924757 -999 -999 -999 -999 -999 -999 -999 -999
0.70016841909029 0.330581016977632 -999 -999 -999 -999 -999 -999 -999 -999
0.296918250051618 0.331528010211935 -999 -999 -999 -999 -999 -999 -999 -999
0.00291333085809237 0.337890972810432 -999 -999 -999 -999 -999 -999 -999 -999
0.787834922454186 0.305313967504148 -999 -999 -999 -999 -999 -999 -999 -999
0.207391712244629 0.365834967921377 -999 -999 -999 -999 -999 -999 -999 -999
0.0047733653011858 0.328851064574475 -999 -999 -999 -999 -999 -999 -999 -999
0.760218871283664 0.344120101456704 -999 -999 -999 -999 -999 -999 -999 -999
0.235551948222302 0.327488914451052 -999 -999 -999 -999 -999 -999 -999 -999
0.00422918049403413 0.328390984092244 -999 -999 -999 -999 -999 -999 -999 -999
0.796793348523657 0.315504225582808 -999 -999 -999 -999 -999 -999 -999 -999
0.198237286231152 0.336427775633474 -999 -999 -999 -999 -999 -999 -999 -999
0.00496936524519049 0.348067998783717 -999 -999 -999 -999 -999 -999 -999 -999
0.792061545026631 0.321364478604719 -999 -999 -999 -999 -999 -999 -999 -999
0.203076014026049 0.337552839939219 -999 -999 -999 -999 -999 -999 -999 -999
0.00486244094731851 0.341082681456062 -999 -999 -999 -999 -999 -999 -999 -999
0.750541650131435 0.364991361528104 -999 -999 -999 -999 -999 -999 -999 -999
0.245703899153832 0.323523320445392 -999 -999 -999 -999 -999 -999 -999 -999
0.00375445071473326 0.311485318026504 -999 -999 -999 -999 -999 -999 -999 -999
0.719897428666437 0.342948102215822 -999 -999 -999 -999 -999 -999 -999 -999
0.276946805837952 0.338670024628212 -999 -999 -999 -999 -999 -999 -999 -999
0.00315576549561178 0.318381873155967 -999 -999 -999 -999 -999 -999 -999 -999
0.803354160284458 0.32231990511077 -999 -999 -999 -999 -999 -999 -999 -999
0.191790437566052 0.355151878640424 -999 -999 -999 -999 -999 -999 -999 -999
0.00485540214949009 0.322528216248806 -999 -999 -999 -999 -999 -999 -999 -999
0.763873521725661 0.319411002724893 -999 -999 -999 -999 -999 -999 -999 -999
0.232333754527642 0.337852842352842 -999 -999 -999 -999 -999 -999 -999 -999
0.00379272374669778 0.342736154922264 -999 -999 -999 -999 -999 -999 -999 -999
0.77754960200252 0.322568798306337 -999 -999 -999 -999 -999 -999 -999 -999
0.21790043869043 0.348068944528251 -999 -999 -999 -999 -999 -999 -999 -999
0.00454995930705014 0.329362257165412 -999 -999 -999 -999 -999 -999 -999 -999
0.766201860033379 0.31469073188304 -999 -999 -999 -999 -999 -999 -999 -999
0.229425804507776 0.320228534068691 -999 -999 -999 -999 -999 -999 -999 -999
0.00437233545884503 0.365080734048269 -999 -999 -999 -999 -999 -999 -999 -999
0.829339134475141 0.331093473615846 -999 -999 -999 -999 -999 -999 -999 -999
0.164588530833454 0.331715021746166 -999 -999 -999 -999 -999 -999 -999 -999
0.00607233469140443 0.337191504637989 -999 -999 -999 -999 -999 -999 -999 -999
0.787206324137303 0.346577893881016 -999 -999 -999 -999 -999 -999 -999 -999
0.208135413382528 0.336060845731823 -999 -999 -999 -999 -999 -999 -999 -999
0.00465826248016846 0.317361260387161 -999 -999 -999 -999 -999 -999 -999 -999
0.680945544655047 0.327271739035673 -999 -999 -999 -999 -999 -999 -999 -999
0.316513331046873 0.345122456066456 -999 -999 -999 -999 -999 -999 -999 -999
0.00254112429808108 0.327605804897871 -999 -999 -999 -999 -999 -999 -999 -999
0.747038193368145 0.333221722081624 -999 -999 -999 -999 -999 -999 -999 -999
0.249076341807161 0.32675238633076 -999 -999 -999 -999 -999 -999 -999 -999
0.00388546482469342 0.340025891587616 -999 -999 -999 -999 -999 -999 -999 -999
0.736461276847229 0.320561778147625 -999 -999 -999 -999 -999 -999 -999 -999
0.260177709082134 0.348416532265932 -999 -999 -999 -999 -999 -999 -999 -999
0.00336101407063731 0.331021689586443 -999 -999 -999 -999 -999 -999 -999 -999
0.751566076136489 0.319009683074631 -999 -999 -999 -999 -999 -999 -999 -999
0.244430593119666 0.340061759488874 -999 -999 -999 -999 -999 -999 -999 -999
0.00400333074384511 0.340928557436494 -999 -999 -999 -999 -999 -999 -999 -999
0.768984317081739 0.330774383938548 -999 -999 -999 -999 -999 -999 -999 -999
0.226741191352152 0.326396464334105 -999 -999 -999 -999 -999 -999 -999 -999
0.00427449156610963 0.342829151727346 -999 -999 -999 -999 -999 -999 -999 -999
0.676336512409037 0.327440113032178 -999 -999 -999 -999 -999 -999 -999 -999
0.32094443040211 0.321355793017353 -999 -999 -999 -999 -999 -999 -999 -999
0.00271905718885396 0.351204093950469 -999 -999 -999 -999 -999 -999 -999 -999
0.759793550945157 0.347968047540145 -999 -999 -999 -999 -999 -999 -999 -999
0.236252799248142 0.334610398884968 -999 -999 -999 -999 -999 -999 -999 -999
0.00395364980670118 0.317421553574886 -999 -999 -999 -999 -999 -999 -999 -999
0.736436856277757 0.332563806217997 -999 -999 -999 -999 -999 -999 -999 -999
0.260466604691395 0.325068317977829 -999 -999 -999 -999 -999 -999 -999 -999
0.0030965390308473 0.342367875804174 -999 -999 -999 -999 -999 -999 -999 -999
0.807456677430703 0.324545235480452 -999 -999 -999 -999 -999 -999 -999 -999
0.187754272034697 0.32835874710415 -999 -999 -999 -999 -999 -999 -999 -999
0.00478905053460067 0.347096017415398 -999 -999 -999 -999 -999 -999 -999 -999
0.781326719400982 0.357839372340283 -999 -999 -999 -999 -999 -999 -999 -999
0.214425096237771 0.310847000978679 -999 -999 -999 -999 -999 -999 -999 -999
0.00424818436124754 0.331313626681038 -999 -999 -999 -999 -999 -999 -999 -999
0.828782769140538 0.327983776332932 -999 -999 -999 -999 -999 -999 -999 -999
0.165256486118583 0.343992992432897 -999 -999 -999 -999 -999 -999 -999 -999
0.00596074474087938 0.32802323123417 -999 -999 -999 -999 -999 -999 -999 -999
0.806434808168828 0.332979502943547 -999 -999 -999 -999 -999 -999 -999 -999
0.188265245821517 0.33753635578802 -999 -999 -999 -999 -999 -999 -999 -999
0.00529994600965457 0.329484141268434 -999 -999 -999 -999 -999 -999 -999 -999
0.738741382502754 0.327836009298041 -999 -999 -999 -999 -999 -999 -999 -999
0.257897120252772 0.34426127710827 -999 -999 -999 -999 -999 -999 -999 -999
0.00336149724447326 0.327902713593689 -999 -999 -999 -999 -999 -999 -999 -999
0.764897813672988 0.309662435107498 -999 -999 -999 -999 -999 -999 -999 -999
0.231252304034451 0.329657115934602 -999 -999 -999 -999 -999 -999 -999 -999
0.0038498822925601 0.360680448957899 -999 -999 -999 -999 -999 -999 -999 -999
0.711966569560866 0.321282414209153 -999 -999 -999 -999 -999 -999 -999 -999
0.284941774854527 0.348448813981073 -999 -999 -999 -999 -999 -999 -999 -999
0.00309165558460626 0.330268771809774 -999 -999 -999 -999 -999 -999 -999 -999
0.722211465220241 0.309466456531004 -999 -999 -999 -999 -999 -999 -999 -999
0.27425308160833 0.347595622252103 -999 -999 -999 -999 -999 -999 -999 -999
0.00353545317143004 0.342937921216892 -999 -999 -999 -999 -999 -999 -999 -999
0.779866735399248 0.338791132635417 -999 -999 -999 -999 -999 -999 -999 -999
0.21596175466339 0.320936625386318 -999 -999 -999 -999 -999 -999 -999 -999
0.0041715099373625 0.340272241978265 -999 -999 -999 -999 -999 -999 -999 -999
0.704761240841721 0.322559924980572 -999 -999 -999 -999 -999 -999 -999 -999
0.292309780315644 0.332897331655144 -999 -999 -999 -999 -999 -999 -999 -999
0.00292897884263532 0.344542743364284 -999 -999 -999 -999 -999 -999 -999 -999
0.701913790751071 0.319263883740265 -999 -999 -999 -999 -999 -999 -999 -999
0.295126149403988 0.344803079605999 -999 -999 -999 -999 -999 -999 -999 -999
0.00296005984494051 0.335933036653736 -999 -999 -999 -999 -999 -999 -999 -999
0.659026854242112 0.325500076507207 -999 -999 -999 -999 -999 -999 -999 -999
0.338694729243561 0.35173844562599 -999 -999 -999 -999 -999 -999 -999 -999
0.00227841651432678 0.322761477866804 -999 -999 -999 -999 -999 -999 -999 -999
0.825705335149542 0.326156581386179 -999 -999 -999 -999 -999 -999 -999 -999
0.168323170062563 0.320222822477205 -999 -999 -999 -999 -999 -999 -999 -999
0.00597149478789475 0.353620596136616 -999 -999 -999 -999 -999 -999 -999 -999
0.831335315866969 0.360706712259146 -999 -999 -999 -999 -999 -999 -999 -999
0.162291098211616 0.321146552460736 -999 -999 -999 -999 -999 -999 -999 -999
0.00637358592141525 0.318146735280118 -999 -999 -999 -999 -999 -999 -999 -999
0.721514396533202 0.325025735385388 -999 -999 -999 -999 -999 -999 -999 -999
0.275335759367481 0.347525206870195 -999 -999 -999 -999 -999 -999 -999 -999
0.00314984409931793 0.327449057744417 -999 -999 -999 -999 -999 -999 -999 -999
0.770334780319542 0.340372944540548 -999 -999 -999 -999 -999 -999 -999 -999
0.225650692699585 0.32393969107502 -999 -999 -999 -999 -999 -999 -999 -999
0.00401452698087326 0.335687364384432 -999 -999 -999 -999 -999 -999 -999 -999
0.734831338872676 0.322376295777057 -999 -999 -999 -999 -999 -999 -999 -999
0.261626799162918 0.342497384409931 -999 -999 -999 -999 -999 -999 -999 -999
0.00354186196440504 0.335126319813011 -999 -999 -999 -999 -999 -999 -999 -999
0.687006702728523 0.344670991152549 -999 -999 -999 -999 -999 -999 -999 -999
0.310154267412721 0.329690873544353 -999 -999 -999 -999 -999 -999 -999 -999
0.0028390298587562 0.325638135303098 -999 -999 -999 -999 -999 -999 -999 -999
0.773854612376566 0.353818143532606 -999 -999 -999 -999 -999 -999 -999 -999
0.221956219624519 0.323531282140822 -999 -999 -999 -999 -999 -999 -999 -999
0.00418916799891515 0.322650574326572 -999 -999 -999 -999 -999 -999 -999 -999
0.736246568162983 0.340328123647776 -999 -999 -999 -999 -999 -999 -999 -999
0.26042678329541 0.337506810433986 -999 -999 -999 -999 -999 -999 -999 -999
0.00332664854160718 0.322165065918238 -999 -999 -999 -999 -999 -999 -999 -999
0.783512660602359 0.330705192381214 -999 -999 -999 -999 -999 -999 -999 -999
0.211913865524625 0.310247158392777 -999 -999 -999 -999 -999 -999 -999 -999
0.00457347387301669 0.359047649226008 -999 -999 -999 -999 -999 -999 -999 -999
0.740305917739917 0.343201979642853 -999 -999 -999 -999 -999 -999 -999 -999
0.256405348530011 0.332234158614138 -999 -999 -999 -999 -999 -999 -999 -999
0.00328873373007144 0.324563861743009 -999 -999 -999 -999 -999 -999 -999 -999
0.81702738847162 0.328910923831903 -999 -999 -999 -999 -999 -999 -999 -999
0.177855545605714 0.334235232349884 -999 -999 -999 -999 -999 -999 -999 -999
0.00511706592266605 0.336853843818213 -999 -999 -999 -999 -999 -999 -999 -999
0.786486111112905 0.349815380628016 -999 -999 -999 -999 -999 -999 -999 -999
0.209185201476159 0.337306607432654 -999 -999 -999 -999 -999 -999 -999 -999
0.00432868741093671 0.312878011939331 -999 -999 -999 -999 -999 -999 -999 -999
0.759140956247049 0.361125209816458 -999 -999 -999 -999 -999 -999 -999 -999
0.236973992393762 0.339318675299714 -999 -999 -999 -999 -999 -999 -999 -999
0.00388505135918852 0.299556114883829 -999 -999 -999 -999 -999 -999 -999 -999
0.730401930579428 0.321034495159543 -999 -999 -999 -999 -999 -999 -999 -999
0.266337113399723 0.349451355732714 -999 -999 -999 -999 -999 -999 -999 -999
0.00326095602084834 0.329514149107743 -999 -999 -999 -999 -999 -999 -999 -999
0.680545359319267 0.330028229627529 -999 -999 -999 -999 -999 -999 -999 -999
0.316701061340729 0.320208371360739 -999 -999 -999 -999 -999 -999 -999 -999
0.00275357934000419 0.349763399011732 -999 -999 -999 -999 -999 -999 -999 -999
0.819717897358667 0.325157862924083 -999 -999 -999 -999 -999 -999 -999 -999
0.174770145580013 0.349072625466805 -999 -999 -999 -999 -999 -999 -999 -999
0.00551195706132045 0.325769511609112 -999 -999 -999 -999 -999 -999 -999 -999
0.687026520653634 0.347975690223706 -999 -999 -999 -999 -999 -999 -999 -999
0.310452073450007 0.324686244701022 -999 -999 -999 -999 -999 -999 -999 -999
0.00252140589635776 0.327338065075272 -999 -999 -999 -999 -999 -999 -999 -999
0.640635454460187 0.325954786588788 -999 -999 -999 -999 -999 -999 -999 -999
0.357133720134746 0.33454075622151 -999 -999 -999 -999 -999 -999 -999 -999
0.00223082540506688 0.339504457189702 -999 -999 -999 -999 -999 -999 -999 -999
0.754584993464391 0.316880714096277 -999 -999 -999 -999 -999 -999 -999 -999
0.241701437222504 0.34312413793078 -999 -999 -999 -999 -999 -999 -999 -999
0.00371356931310524 0.339995147972942 -999 -999 -999 -999 -999 -999 -999 -999
0.723467049657748 0.349244899900348 -999 -999 -999 -999 -999 -999 -999 -999
0.273399766790474 0.319353031845357 -999 -999 -999 -999 -999 -999 -999 -999
0.00313318355177836 0.331402068254296 -999 -999 -999 -999 -999 -999 -999 -999
0.768242332235532 0.344656274143947 -999 -999 -999 -999 -999 -999 -999 -999
0.227813493076358 0.320856873861781 -999 -999 -999 -999 -999 -999 -999 -999
0.00394417468810954 0.334486851994272 -999 -999 -999 -999 -999 -999 -999 -999
0.649652791186508 0.329237604495486 -999 -999 -999 -999 -999 -999 -999 -999
0.34814000568823 0.345451392949287 -999 -999 -999 -999 -999 -999 -999 -999
0.00220720312526186 0.325311002555227 -999 -999 -999 -999 -999 -999 -999 -999
0.660209516936068 0.311272954714546 -999 -999 -999 -999 -999 -999 -999 -999
0.337588030507615 0.345649926906338 -999 -999 -999 -999 -999 -999 -999 -999
0.00220245255631641 0.343077118379116 -999 -999 -999 -999 -999 -999 -999 -999
0.619497611411594 0.340056794508286 -999 -999 -999 -999 -999 -999 -999 -999
0.378492529790641 0.342734877627965 -999 -999 -999 -999 -999 -999 -999 -999
0.00200985879776473 0.317208327863749 -999 -999 -999 -999 -999 -999 -999 -999
0.793542538605346 0.338381421995667 -999 -999 -999 -999 -999 -999 -999 -999
0.201507385096281 0.324259509485321 -999 -999 -999 -999 -999 -999 -999 -999
0.00495007629837289 0.337359068519012 -999 -999 -999 -999 -999 -999 -999 -999
0.715880290144436 0.332273787000881 -999 -999 -999 -999 -999 -999 -999 -999
0.280884240993181 0.308512489633755 -999 -999 -999 -999 -999 -999 -999 -999
0.00323546886238349 0.359213723365365 -999 -999 -999 -999 -999 -999 -999 -999
0.721210852818332 0.344067285774255 -999 -999 -999 -999 -999 -999 -999 -999
0.275534580390512 0.333235879111194 -999 -999 -999 -999 -999 -999 -999 -999
0.00325456679115513 0.322696835114552 -999 -999 -999 -999 -999 -999 -999 -999
0.725204073825857 0.328635640350963 -999 -999 -999 -999 -999 -999 -999 -999
0.2714834819908 0.315336785033717 -999 -999 -999 -999 -999 -999 -999 -999
0.00331244418334266 0.356027574615321 -999 -999 -999 -999 -999 -999 -999 -999
0.702324737740867 0.316694517006145 -999 -999 -999 -999 -999 -999 -999 -999
0.294878372908708 0.342976782214669 -999 -999 -999 -999 -999 -999 -999 -999
0.00279688935042424 0.340328700779185 -999 -999 -999 -999 -999 -999 -999 -999
0.672813758471511 0.351750791519925 -999 -999 -999 -999 -999 -999 -999 -999
0.324587573512621 0.343886683800025 -999 -999 -999 -999 -999 -999 -999 -999
0.00259866801586874 0.304362524680049 -999 -999 -999 -999 -999 -999 -999 -999
0.71503306616727 0.323936106267245 -999 -999 -999 -999 -999 -999 -999 -999
0.281710679893391 0.335481571064858 -999 -999 -999 -999 -999 -999 -999 -999
0.00325625393933818 0.340582322667897 -999 -999 -999 -999 -999 -999 -999 -999
0.788692898862603 0.341606210755071 -999 -999 -999 -999 -999 -999 -999 -999
0.206392803860431 0.29617368730333 -999 -999 -999 -999 -999 -999 -999 -999
0.00491429727696741 0.3622201019416 -999 -999 -999 -999 -999 -999 -999 -999
0.712151295250349 0.345427125899489 -999 -999 -999 -999 -999 -999 -999 -999
0.284652154218053 0.332024194997408 -999 -999 -999 -999 -999 -999 -999 -999
0.00319655053159673 0.322548679103104 -999 -999 -999 -999 -999 -999 -999 -999
0.75984289351142 0.325403476248146 -999 -999 -999 -999 -999 -999 -999 -999
0.23663132190031 0.326595956245721 -999 -999 -999 -999 -999 -999 -999 -999
0.00352578458826949 0.348000567506133 -999 -999 -999 -999 -999 -999 -999 -999
0.734010528513344 0.327789276311168 -999 -999 -999 -999 -999 -999 -999 -999
0.262660007481953 0.330872591949928 -999 -999 -999 -999 -999 -999 -999 -999
0.00332946400470389 0.341338131738905 -999 -999 -999 -999 -999 -999 -999 -999
0.772634608925806 0.337450373927196 -999 -999 -999 -999 -999 -999 -999 -999
0.222921977025728 0.344587324073796 -999 -999 -999 -999 -999 -999 -999 -999
0.00444341404846579 0.317962301999008 -999 -999 -999 -999 -999 -999 -999 -999
0.63277476335978 0.333081420257886 -999 -999 -999 -999 -999 -999 -999 -999
0.365110403083254 0.329542373147183 -999 -999 -999 -999 -999 -999 -999 -999
0.00211483355696643 0.337376206594931 -999 -999 -999 -999 -999 -999 -999 -999
0.781427095070616 0.333006698340342 -999 -999 -999 -999 -999 -999 -999 -999
0.214483275206661 0.339888029006766 -999 -999 -999 -999 -999 -999 -999 -999
0.00408962972272179 0.327105272652893 -999 -999 -999 -999 -999 -999 -999 -999
0.806355205921078 0.333027818690798 -999 -999 -999 -999 -999 -999 -999 -999
0.188836985851358 0.329256950064821 -999 -999 -999 -999 -999 -999 -999 -999
0.00480780822756298 0.337715231244381 -999 -999 -999 -999 -999 -999 -999 -999
0.705165496343403 0.346739348043169 -999 -999 -999 -999 -999 -999 -999 -999
0.291713950538934 0.331762497847967 -999 -999 -999 -999 -999 -999 -999 -999
0.00312055311766367 0.321498154108864 -999 -999 -999 -999 -999 -999 -999 -999
0.655801290880227 0.311132106225178 -999 -999 -999 -999 -999 -999 -999 -999
0.341947383758427 0.324936717670396 -999 -999 -999 -999 -999 -999 -999 -999
0.00225132536134601 0.363931176104426 -999 -999 -999 -999 -999 -999 -999 -999
-999 -999 -999 -999 -999 -999 -999 -999 -999 -999
-999 -999 -999 -999 -999 -999 -999 -999 -999 -999
-999 -999 -999 -999 -999 -999 -999 -999 -999 -999
-999 -999 -999 -999 -999 -999 -999 -999 -999 -999
-999 -999 -999 -999 -999 -999 -999 -999 -999 -999
-999 -999 -999 -999 -999 -999 -999 -999 -999 -999
