345
305
241
164
93
47
39
38
34
32
32
29
32
26
29
28
29
28
31
28
25
23
23
22
24
21
23
19
19
18
19
21
19
19
20
19
17
17
15
16
15
16
18
17
16
18
15
15
14
16
16
18
16
16
16
14
15
15
18
15
16
17
16
18
15
17
15
14
16
14
16
18
15
16
17
16
14
15
15
19
15
17
15
17
16
16
16
14
14
15
13
17
16
14
15
15
15
14
15
15
33
23
29
25
34
20
38
27
33
28
29
29
24
28
29
26
28
33
33
31
25
25
28
36
22
28
27
32
31
30
18
32
26
24
23
23
21
25
28
28
22
30
37
28
28
21
28
25
30
29
26
34
34
31
28
25
26
26
19
25
24
23
1
1
1
1
1
1
1
1
1
1
3
1
1
1
1
1
3
1
1
1
1
1
2
1
1
1
1
1
1
1
1
1
1
1
1
4
3
4
1
1
2
2
2
2
1
1
4
2
1
1
1
1
2
1
1
2
1
1
1
2
1
1
3
1
1
1
2
2
1
1
1
1
1
1
2
1
3
1
1
2
2
1
1
1
1
2
1
1
1
1
1
1
3
1
1
1
1
1
3
2
1
2
1
1
1
1
3
1
1
1
1
1
1
1
1
1
1
1
1
3
1
1
1
1
1
2
1
1
1
1
1
1
1
1
1
1
1
1
1
1
2
3
1
1
1
1
1
3
1
2
1
1
2
1
1
1
1
1
1
2
1
1
1
1
1
1
1
1
1
1
1
1
2
2
1
2
3
1
1
1
1
1
2
1
1
1
1
1
1
4
2
1
1
1
1
1
1
1
1
1
1
4
2
1
1
3
1
1
1
1
1
1
3
2
1
2
1
1
1
1
4
1
1
1
1
1
2
1
2
1
1
1
1
1
1
1
1
1
2
1
1
2
3
1
2
1
1
1
1
1
2
2
1
3
1
1
1
1
1
2
1
1
2
1
1
1
1
1
1
1
1
1
1
2
1
1
1
1
1
1
1
1
1
1
2
2
2
1
1
1
3
1
1
2
1
1
1
1
1
2
1
1
1
1
1
2
3
3
1
2
1
3
1
1
1
1
1
1
2
1
2
1
1
1
1
1
1
1
2
3
1
2
1
1
1
1
1
2
1
3
2
1
6
1
1
1
1
2
1
1
4
2
1
1
1
1
1
1
1
1
1
2
1
1
1
1
1
1
1
1
4
2
1
1
1
1
1
1
1
2
1
3
2
1
1
1
1
1
2
1
1
2
1
1
1
1
1
1
1
1
1
1
1
1
1
1
1
3
1
1
1
1
1
2
1
1
1
1
1
1
1
1
1
1
1
1
1
1
2
2
1
1
2
1
1
1
1
2
1
1
1
1
2
1
1
1
1
1
1
2
1
1
1
1
1
1
1
1
1
2
1
1
3
1
1
2
2
4
2
1
1
1
1
1
1
3
1
3
1
2
1
1
1
1
2
1
1
3
1
1
1
1
3
4
1
2
1
1
1
1
1
1
2
1
2
1
1
1
1
1
2
2
1
1
2
2
1
2
1
1
1
1
1
1
2
1
2
1
1
2
1
1
1
1
1
1
1
1
1
1
4
3
3
1
1
1
1
1
1
1
1
2
3
1
1
1
1
1
3
1
1
1
1
1
1
1
1
2
1
1
1
1
1
1
1
1
1
1
1
1
3
1
1
1
1
1
3
1
1
1
1
2
1
1
1
1
2
2
1
2
1
2
1
1
1
1
1
1
1
1
1
3
1
2
1
1
1
1
1
1
1
1
2
1
2
1
1
1
2
1
1
1
1
2
1
1
2
1
1
1
1
1
1
2
1
1
1
1
1
1
1
1
1
2
1
1
1
2
1
1
1
1
1
1
1
2
3
1
1
1
1
1
1
1
1
1
1
1
1
1
1
1
1
1
1
1
1
1
2
1
2
1
1
1
1
1
1
1
2
1
1
1
1
1
1
1
3
1
1
1
1
1
1
2
1
2
1
4
2
2
1
1
1
1
1
1
1
1
1
1
1
1
1
1
2
1
1
1
1
1
1
2
2
6
1
1
1
1
1
1
1
1
1
1
1
1
1
1
1
3
1
1
2
2
1
1
1
1
1
1
2
1
1
1
1
1
1
1
1
4
1
1
2
1
1
1
1
1
1
3
1
1
1
1
1
1
1
1
1
1
1
4
1
4
1
1
1
1
1
1
1
1
2
2
1
1
1
2
1
3
1
1
1
1
1
2
1
1
1
1
2
4
1
1
4
1
1
1
