0.722499272987493 0.349549106001979 -999 -999 -999 -999 -999 -999 -999 -999
0.274187745653164 0.330497659684237 -999 -999 -999 -999 -999 -999 -999 -999
0.00331298135934321 0.319953234313784 -999 -999 -999 -999 -999 -999 -999 -999
0.753582848362808 0.329673640822306 -999 -999 -999 -999 -999 -999 -999 -999
0.242970244112956 0.328415865541646 -999 -999 -999 -999 -999 -999 -999 -999
0.00344690752423481 0.341910493636048 -999 -999 -999 -999 -999 -999 -999 -999
0.66136827533841 0.3135713965612 -999 -999 -999 -999 -999 -999 -999 -999
0.336200560776373 0.338537444405006 -999 -999 -999 -999 -999 -999 -999 -999
0.00243116388521798 0.347891159033794 -999 -999 -999 -999 -999 -999 -999 -999
0.821812112812467 0.302088944883988 -999 -999 -999 -999 -999 -999 -999 -999
0.172060153997687 0.361023320755331 -999 -999 -999 -999 -999 -999 -999 -999
0.00612773318984664 0.336887734360681 -999 -999 -999 -999 -999 -999 -999 -999
0.600249633240906 0.321536013643428 -999 -999 -999 -999 -999 -999 -999 -999
0.397702155723117 0.33346674718858 -999 -999 -999 -999 -999 -999 -999 -999
0.002048211035977 0.344997239167991 -999 -999 -999 -999 -999 -999 -999 -999
0.681910546560658 0.336804605254248 -999 -999 -999 -999 -999 -999 -999 -999
0.315515678952524 0.315385047886094 -999 -999 -999 -999 -999 -999 -999 -999
0.00257377448681825 0.347810346859658 -999 -999 -999 -999 -999 -999 -999 -999
0.890320213901942 0.3270899694592 -999 -999 -999 -999 -999 -999 -999 -999
0.100376682474259 0.356220944635167 -999 -999 -999 -999 -999 -999 -999 -999
0.00930310362379972 0.316689085905633 -999 -999 -999 -999 -999 -999 -999 -999
0.652755896980795 0.312429056852108 -999 -999 -999 -999 -999 -999 -999 -999
0.344928242952364 0.351789178790483 -999 -999 -999 -999 -999 -999 -999 -999
0.00231586006684084 0.335781764357408 -999 -999 -999 -999 -999 -999 -999 -999
0.846638773816147 0.322635828577298 -999 -999 -999 -999 -999 -999 -999 -999
0.146444825781099 0.331928675305584 -999 -999 -999 -999 -999 -999 -999 -999
0.00691640040275298 0.345435496117118 -999 -999 -999 -999 -999 -999 -999 -999
0.637922668873344 0.330958426705693 -999 -999 -999 -999 -999 -999 -999 -999
0.359980426073327 0.33359681078325 -999 -999 -999 -999 -999 -999 -999 -999
0.00209690505332835 0.335444762511056 -999 -999 -999 -999 -999 -999 -999 -999
0.770440851890724 0.339321855387092 -999 -999 -999 -999 -999 -999 -999 -999
0.22525385971242 0.340354305996992 -999 -999 -999 -999 -999 -999 -999 -999
0.00430528839685619 0.320323838615915 -999 -999 -999 -999 -999 -999 -999 -999
0.776699420386172 0.319458504240243 -999 -999 -999 -999 -999 -999 -999 -999
0.219044301936571 0.339999572472297 -999 -999 -999 -999 -999 -999 -999 -999
0.0042562776772566 0.34054192328746 -999 -999 -999 -999 -999 -999 -999 -999
0.705435613852487 0.329217208711232 -999 -999 -999 -999 -999 -999 -999 -999
0.291554876455475 0.344075985227437 -999 -999 -999 -999 -999 -999 -999 -999
0.00300950969203915 0.326706806061331 -999 -999 -999 -999 -999 -999 -999 -999
0.849722285758322 0.334613752734106 -999 -999 -999 -999 -999 -999 -999 -999
0.14394670979335 0.325776303188597 -999 -999 -999 -999 -999 -999 -999 -999
0.00633100444832827 0.339609944077297 -999 -999 -999 -999 -999 -999 -999 -999
0.73224200872036 0.370753058011171 -999 -999 -999 -999 -999 -999 -999 -999
0.264167189085792 0.323238742945112 -999 -999 -999 -999 -999 -999 -999 -999
0.00359080219384822 0.306008199043716 -999 -999 -999 -999 -999 -999 -999 -999
0.834856912897745 0.341853608596755 -999 -999 -999 -999 -999 -999 -999 -999
0.159167224311621 0.336199301197844 -999 -999 -999 -999 -999 -999 -999 -999
0.00597586279063301 0.321947090205401 -999 -999 -999 -999 -999 -999 -999 -999
0.694664063862146 0.327612550172462 -999 -999 -999 -999 -999 -999 -999 -999
0.302390738167692 0.34462867245972 -999 -999 -999 -999 -999 -999 -999 -999
0.00294519797016059 0.327758777367818 -999 -999 -999 -999 -999 -999 -999 -999
0.645464943157251 0.315415116551182 -999 -999 -999 -999 -999 -999 -999 -999
0.352061453501877 0.351068907291581 -999 -999 -999 -999 -999 -999 -999 -999
0.00247360334087165 0.333515976157237 -999 -999 -999 -999 -999 -999 -999 -999
0.783531274563342 0.328953683533643 -999 -999 -999 -999 -999 -999 -999 -999
0.211982963434803 0.328049080087945 -999 -999 -999 -999 -999 -999 -999 -999
0.00448576200185337 0.342997236378412 -999 -999 -999 -999 -999 -999 -999 -999
0.865937165013932 0.330368804948183 -999 -999 -999 -999 -999 -999 -999 -999
0.126046593427346 0.33176285026053 -999 -999 -999 -999 -999 -999 -999 -999
0.00801624155872288 0.337868344791286 -999 -999 -999 -999 -999 -999 -999 -999
0.731382619788059 0.331082931274182 -999 -999 -999 -999 -999 -999 -999 -999
0.265264625515962 0.344095667841366 -999 -999 -999 -999 -999 -999 -999 -999
0.00335275469597832 0.324821400884452 -999 -999 -999 -999 -999 -999 -999 -999
0.761716232861068 0.356092182594757 -999 -999 -999 -999 -999 -999 -999 -999
0.234365187585186 0.327327112406725 -999 -999 -999 -999 -999 -999 -999 -999
0.00391857955374658 0.316580704998517 -999 -999 -999 -999 -999 -999 -999 -999
0.671683851718846 0.33494709190497 -999 -999 -999 -999 -999 -999 -999 -999
0.325626869837789 0.332709757697193 -999 -999 -999 -999 -999 -999 -999 -999
0.00268927844336535 0.332343150397837 -999 -999 -999 -999 -999 -999 -999 -999
0.782928563258179 0.347072508214953 -999 -999 -999 -999 -999 -999 -999 -999
0.213060281749328 0.341441842892467 -999 -999 -999 -999 -999 -999 -999 -999
0.0040111549924942 0.31148564889258 -999 -999 -999 -999 -999 -999 -999 -999
0.677086749579076 0.353350311089968 -999 -999 -999 -999 -999 -999 -999 -999
0.32016766295095 0.316755045984039 -999 -999 -999 -999 -999 -999 -999 -999
0.00274558746997353 0.329894642925993 -999 -999 -999 -999 -999 -999 -999 -999
0.675618954117229 0.353686509571668 -999 -999 -999 -999 -999 -999 -999 -999
0.321981123265415 0.31663996378592 -999 -999 -999 -999 -999 -999 -999 -999
0.00239992261735546 0.329673526642411 -999 -999 -999 -999 -999 -999 -999 -999
0.673239797511799 0.352843858896442 -999 -999 -999 -999 -999 -999 -999 -999
0.324085472787577 0.315662943623092 -999 -999 -999 -999 -999 -999 -999 -999
0.0026747297006241 0.331493197480466 -999 -999 -999 -999 -999 -999 -999 -999
0.662548136661749 0.331515257697232 -999 -999 -999 -999 -999 -999 -999 -999
0.335137007930569 0.320875588511726 -999 -999 -999 -999 -999 -999 -999 -999
0.00231485540768208 0.347609153791043 -999 -999 -999 -999 -999 -999 -999 -999
0.704825714002072 0.344119098717411 -999 -999 -999 -999 -999 -999 -999 -999
0.292287817177053 0.318763829026922 -999 -999 -999 -999 -999 -999 -999 -999
0.00288646882087545 0.337117072255667 -999 -999 -999 -999 -999 -999 -999 -999
0.768528575866599 0.335070822865951 -999 -999 -999 -999 -999 -999 -999 -999
0.22734846206221 0.337422386190413 -999 -999 -999 -999 -999 -999 -999 -999
0.00412296207119128 0.327506790943636 -999 -999 -999 -999 -999 -999 -999 -999
0.76917918921815 0.334866871620994 -999 -999 -999 -999 -999 -999 -999 -999
0.226771034270044 0.354633319603047 -999 -999 -999 -999 -999 -999 -999 -999
0.00404977651180745 0.310499808775959 -999 -999 -999 -999 -999 -999 -999 -999
0.704116049859264 0.338977756125908 -999 -999 -999 -999 -999 -999 -999 -999
0.292719266570163 0.335758886504234 -999 -999 -999 -999 -999 -999 -999 -999
0.00316468357057336 0.325263357369858 -999 -999 -999 -999 -999 -999 -999 -999
0.791693211367822 0.326913527714739 -999 -999 -999 -999 -999 -999 -999 -999
0.203841337983399 0.344066796749125 -999 -999 -999 -999 -999 -999 -999 -999
0.00446545064877903 0.329019675536135 -999 -999 -999 -999 -999 -999 -999 -999
0.787997666246134 0.320494311874596 -999 -999 -999 -999 -999 -999 -999 -999
0.20785150785444 0.335555763315714 -999 -999 -999 -999 -999 -999 -999 -999
0.00415082589942592 0.34394992480969 -999 -999 -999 -999 -999 -999 -999 -999
0.71047516874283 0.35768928715553 -999 -999 -999 -999 -999 -999 -999 -999
0.286470574859119 0.327696422458997 -999 -999 -999 -999 -999 -999 -999 -999
0.00305425639805082 0.314614290385473 -999 -999 -999 -999 -999 -999 -999 -999
0.730475712838472 0.338356783319345 -999 -999 -999 -999 -999 -999 -999 -999
0.265976229963089 0.324343931758312 -999 -999 -999 -999 -999 -999 -999 -999
0.00354805719843867 0.337299284922343 -999 -999 -999 -999 -999 -999 -999 -999
0.794883889878055 0.328814474750633 -999 -999 -999 -999 -999 -999 -999 -999
0.200132712440383 0.346985097261373 -999 -999 -999 -999 -999 -999 -999 -999
0.00498339768156151 0.324200427987994 -999 -999 -999 -999 -999 -999 -999 -999
0.748124689051919 0.329755497623056 -999 -999 -999 -999 -999 -999 -999 -999
0.247926067969677 0.318843371357027 -999 -999 -999 -999 -999 -999 -999 -999
0.00394924297840491 0.351401131019917 -999 -999 -999 -999 -999 -999 -999 -999
0.811276768916017 0.318876682094703 -999 -999 -999 -999 -999 -999 -999 -999
0.183683638007252 0.318003176708187 -999 -999 -999 -999 -999 -999 -999 -999
0.00503959307673162 0.36312014119711 -999 -999 -999 -999 -999 -999 -999 -999
0.769886978586767 0.318236204480482 -999 -999 -999 -999 -999 -999 -999 -999
0.225976990973337 0.340994869898622 -999 -999 -999 -999 -999 -999 -999 -999
0.0041360304398964 0.340768925620897 -999 -999 -999 -999 -999 -999 -999 -999
0.842774572880733 0.326084293672313 -999 -999 -999 -999 -999 -999 -999 -999
0.151028067521257 0.33787820278477 -999 -999 -999 -999 -999 -999 -999 -999
0.006197359598011 0.336037503542917 -999 -999 -999 -999 -999 -999 -999 -999
0.685977919525791 0.327205861097418 -999 -999 -999 -999 -999 -999 -999 -999
0.311277480709502 0.338167994524164 -999 -999 -999 -999 -999 -999 -999 -999
0.00274459976470703 0.334626144378418 -999 -999 -999 -999 -999 -999 -999 -999
0.791140739816664 0.317933497884608 -999 -999 -999 -999 -999 -999 -999 -999
0.204426913833932 0.327496676521236 -999 -999 -999 -999 -999 -999 -999 -999
0.00443234634940357 0.354569825594156 -999 -999 -999 -999 -999 -999 -999 -999
0.757231408284474 0.343234736123985 -999 -999 -999 -999 -999 -999 -999 -999
0.238693131844181 0.330543823102627 -999 -999 -999 -999 -999 -999 -999 -999
0.00407545987134448 0.326221440773388 -999 -999 -999 -999 -999 -999 -999 -999
0.760639969398307 0.338772970900985 -999 -999 -999 -999 -999 -999 -999 -999
0.235631224164077 0.327954267186117 -999 -999 -999 -999 -999 -999 -999 -999
0.0037288064376161 0.333272761912898 -999 -999 -999 -999 -999 -999 -999 -999
0.793673657442304 0.350947709524511 -999 -999 -999 -999 -999 -999 -999 -999
0.201725615715034 0.323326401404913 -999 -999 -999 -999 -999 -999 -999 -999
0.00460072684266302 0.325725889070576 -999 -999 -999 -999 -999 -999 -999 -999
0.777181308934335 0.317914275740915 -999 -999 -999 -999 -999 -999 -999 -999
0.218704800474453 0.337497681983059 -999 -999 -999 -999 -999 -999 -999 -999
0.00411389059121142 0.344588042276026 -999 -999 -999 -999 -999 -999 -999 -999
0.866477098495673 0.328862793259526 -999 -999 -999 -999 -999 -999 -999 -999
0.12587411389931 0.328210493724516 -999 -999 -999 -999 -999 -999 -999 -999
0.00764878760501676 0.342926713015958 -999 -999 -999 -999 -999 -999 -999 -999
0.841043829549338 0.346185709504153 -999 -999 -999 -999 -999 -999 -999 -999
0.152367700483446 0.334590830429919 -999 -999 -999 -999 -999 -999 -999 -999
0.00658846996721683 0.319223460065928 -999 -999 -999 -999 -999 -999 -999 -999
0.761592986956766 0.326667331414958 -999 -999 -999 -999 -999 -999 -999 -999
0.234410070259707 0.336714347359284 -999 -999 -999 -999 -999 -999 -999 -999
0.00399694278352806 0.336618321225758 -999 -999 -999 -999 -999 -999 -999 -999
0.743069375114334 0.317428064804596 -999 -999 -999 -999 -999 -999 -999 -999
0.253436566028664 0.32878449373523 -999 -999 -999 -999 -999 -999 -999 -999
0.00349405885700176 0.353787441460174 -999 -999 -999 -999 -999 -999 -999 -999
0.814809699258035 0.324313978834376 -999 -999 -999 -999 -999 -999 -999 -999
0.179438038216758 0.33427108743535 -999 -999 -999 -999 -999 -999 -999 -999
0.00575226252520669 0.341414933730275 -999 -999 -999 -999 -999 -999 -999 -999
0.756233643526304 0.341112527864209 -999 -999 -999 -999 -999 -999 -999 -999
0.239644458175858 0.341513548602554 -999 -999 -999 -999 -999 -999 -999 -999
0.00412189829783857 0.317373923533236 -999 -999 -999 -999 -999 -999 -999 -999
0.75799791731258 0.318528467764751 -999 -999 -999 -999 -999 -999 -999 -999
0.237791266153083 0.332582994157682 -999 -999 -999 -999 -999 -999 -999 -999
0.0042108165343366 0.348888538077567 -999 -999 -999 -999 -999 -999 -999 -999
0.65512022134774 0.340688579161683 -999 -999 -999 -999 -999 -999 -999 -999
0.342476815966248 0.331701193991091 -999 -999 -999 -999 -999 -999 -999 -999
0.00240296268601205 0.327610226847226 -999 -999 -999 -999 -999 -999 -999 -999
0.857119012680842 0.349475505850465 -999 -999 -999 -999 -999 -999 -999 -999
0.135019721466761 0.333387832596035 -999 -999 -999 -999 -999 -999 -999 -999
0.00786126585239635 0.3171366615535 -999 -999 -999 -999 -999 -999 -999 -999
0.740518354170695 0.319286696170891 -999 -999 -999 -999 -999 -999 -999 -999
0.255803975716244 0.32948065202317 -999 -999 -999 -999 -999 -999 -999 -999
0.00367767011306063 0.351232651805938 -999 -999 -999 -999 -999 -999 -999 -999
0.740415147913626 0.333336623498356 -999 -999 -999 -999 -999 -999 -999 -999
0.255959974435616 0.322926117599956 -999 -999 -999 -999 -999 -999 -999 -999
0.00362487765075806 0.343737258901687 -999 -999 -999 -999 -999 -999 -999 -999
0.828516251487268 0.33201942237825 -999 -999 -999 -999 -999 -999 -999 -999
0.165737594141017 0.321046496464277 -999 -999 -999 -999 -999 -999 -999 -999
0.00574615437171461 0.346934081157473 -999 -999 -999 -999 -999 -999 -999 -999
0.833693025139357 0.302910300258323 -999 -999 -999 -999 -999 -999 -999 -999
0.160769450322134 0.353959964539391 -999 -999 -999 -999 -999 -999 -999 -999
0.00553752453850903 0.343129735202286 -999 -999 -999 -999 -999 -999 -999 -999
0.685743127168207 0.329035180776768 -999 -999 -999 -999 -999 -999 -999 -999
0.311588649410348 0.324368677838137 -999 -999 -999 -999 -999 -999 -999 -999
0.00266822342144558 0.346596141385095 -999 -999 -999 -999 -999 -999 -999 -999
0.800301663214823 0.347571755092425 -999 -999 -999 -999 -999 -999 -999 -999
0.194463925874291 0.335492424249211 -999 -999 -999 -999 -999 -999 -999 -999
0.00523441091088675 0.316935820658364 -999 -999 -999 -999 -999 -999 -999 -999
0.769578505877257 0.324507173524865 -999 -999 -999 -999 -999 -999 -999 -999
0.225968690409411 0.350247092920139 -999 -999 -999 -999 -999 -999 -999 -999
0.00445280371333222 0.325245733554997 -999 -999 -999 -999 -999 -999 -999 -999
0.696992231279307 0.336787067831304 -999 -999 -999 -999 -999 -999 -999 -999
0.300134511518406 0.334040764020288 -999 -999 -999 -999 -999 -999 -999 -999
0.00287325720228614 0.329172168148408 -999 -999 -999 -999 -999 -999 -999 -999
0.769965185311647 0.319007272186373 -999 -999 -999 -999 -999 -999 -999 -999
0.22593742223771 0.335254078192717 -999 -999 -999 -999 -999 -999 -999 -999
0.00409739245064364 0.345738649620911 -999 -999 -999 -999 -999 -999 -999 -999
0.822718812727696 0.346250487266462 -999 -999 -999 -999 -999 -999 -999 -999
0.17133769925376 0.325096633129797 -999 -999 -999 -999 -999 -999 -999 -999
0.00594348801854438 0.32865287960374 -999 -999 -999 -999 -999 -999 -999 -999
0.785234858495638 0.344189165133269 -999 -999 -999 -999 -999 -999 -999 -999
0.210219889888777 0.3109072261485 -999 -999 -999 -999 -999 -999 -999 -999
0.00454525161558435 0.344903608718231 -999 -999 -999 -999 -999 -999 -999 -999
0.746565324491871 0.30994898952473 -999 -999 -999 -999 -999 -999 -999 -999
0.249755896773428 0.347065871973872 -999 -999 -999 -999 -999 -999 -999 -999
0.00367877873469979 0.342985138501398 -999 -999 -999 -999 -999 -999 -999 -999
0.828924882272556 0.306038428174151 -999 -999 -999 -999 -999 -999 -999 -999
0.164698541696467 0.357463572542569 -999 -999 -999 -999 -999 -999 -999 -999
0.00637657603097696 0.33649799928328 -999 -999 -999 -999 -999 -999 -999 -999
0.721097463541306 0.337892786843064 -999 -999 -999 -999 -999 -999 -999 -999
0.275704358857238 0.340127365842087 -999 -999 -999 -999 -999 -999 -999 -999
0.00319817760145569 0.321979847314849 -999 -999 -999 -999 -999 -999 -999 -999
0.685620435122711 0.321810246289752 -999 -999 -999 -999 -999 -999 -999 -999
0.311813790627144 0.332804573039618 -999 -999 -999 -999 -999 -999 -999 -999
0.00256577425014568 0.34538518067063 -999 -999 -999 -999 -999 -999 -999 -999
0.649246320451065 0.312649416768648 -999 -999 -999 -999 -999 -999 -999 -999
0.348478145237346 0.35896153641312 -999 -999 -999 -999 -999 -999 -999 -999
0.00227553431158976 0.328389046818233 -999 -999 -999 -999 -999 -999 -999 -999
0.751405151593145 0.355844266592087 -999 -999 -999 -999 -999 -999 -999 -999
0.244516032665022 0.319177728987556 -999 -999 -999 -999 -999 -999 -999 -999
0.00407881574183268 0.324978004420358 -999 -999 -999 -999 -999 -999 -999 -999
0.725404189509201 0.32546821463912 -999 -999 -999 -999 -999 -999 -999 -999
0.270874615536553 0.349134181328154 -999 -999 -999 -999 -999 -999 -999 -999
0.00372119495424708 0.325397604032727 -999 -999 -999 -999 -999 -999 -999 -999
0.702580299655168 0.31986350939399 -999 -999 -999 -999 -999 -999 -999 -999
0.294529515962507 0.341322946248936 -999 -999 -999 -999 -999 -999 -999 -999
0.00289018438232501 0.338813544357074 -999 -999 -999 -999 -999 -999 -999 -999
0.760644047489174 0.332357028712475 -999 -999 -999 -999 -999 -999 -999 -999
0.235371174457982 0.355615327800825 -999 -999 -999 -999 -999 -999 -999 -999
0.00398477805284435 0.3120276434867 -999 -999 -999 -999 -999 -999 -999 -999
0.75562220509231 0.329084076433923 -999 -999 -999 -999 -999 -999 -999 -999
0.24036661228691 0.329983418843217 -999 -999 -999 -999 -999 -999 -999 -999
0.00401118262077957 0.34093250472286 -999 -999 -999 -999 -999 -999 -999 -999
0.731333517964857 0.334072493058067 -999 -999 -999 -999 -999 -999 -999 -999
0.265430213087753 0.329586457093157 -999 -999 -999 -999 -999 -999 -999 -999
0.0032362689473897 0.336341049848776 -999 -999 -999 -999 -999 -999 -999 -999
0.758749762526851 0.330342213090776 -999 -999 -999 -999 -999 -999 -999 -999
0.23756672830919 0.340614313400442 -999 -999 -999 -999 -999 -999 -999 -999
0.00368350916395837 0.329043473508781 -999 -999 -999 -999 -999 -999 -999 -999
0.70674912579839 0.336746163420561 -999 -999 -999 -999 -999 -999 -999 -999
0.290057979581603 0.333971678816923 -999 -999 -999 -999 -999 -999 -999 -999
0.00319289462000734 0.329282157762516 -999 -999 -999 -999 -999 -999 -999 -999
0.834115084717656 0.328836777262802 -999 -999 -999 -999 -999 -999 -999 -999
0.159833918392182 0.331429887891924 -999 -999 -999 -999 -999 -999 -999 -999
0.00605099689016227 0.339733334845274 -999 -999 -999 -999 -999 -999 -999 -999
0.813514008330278 0.341733685866449 -999 -999 -999 -999 -999 -999 -999 -999
0.181256407123848 0.317412725776461 -999 -999 -999 -999 -999 -999 -999 -999
0.00522958454587406 0.34085358835709 -999 -999 -999 -999 -999 -999 -999 -999
0.727729958569556 0.35004901120686 -999 -999 -999 -999 -999 -999 -999 -999
0.268731104421433 0.326374576004937 -999 -999 -999 -999 -999 -999 -999 -999
0.00353893700901185 0.323576412788202 -999 -999 -999 -999 -999 -999 -999 -999
0.795033230531089 0.335399633319744 -999 -999 -999 -999 -999 -999 -999 -999
0.200040291694326 0.340580195421386 -999 -999 -999 -999 -999 -999 -999 -999
0.00492647777458477 0.324020171258871 -999 -999 -999 -999 -999 -999 -999 -999
0.745153268459031 0.333942680070083 -999 -999 -999 -999 -999 -999 -999 -999
0.251164366310819 0.338962856732267 -999 -999 -999 -999 -999 -999 -999 -999
0.00368236523015063 0.32709446319765 -999 -999 -999 -999 -999 -999 -999 -999
0.870569472302846 0.329251569592121 -999 -999 -999 -999 -999 -999 -999 -999
0.121443043704288 0.324101495866669 -999 -999 -999 -999 -999 -999 -999 -999
0.00798748399286574 0.346646934541209 -999 -999 -999 -999 -999 -999 -999 -999
0.728187138857341 0.326091174544388 -999 -999 -999 -999 -999 -999 -999 -999
0.268579287947802 0.324478183982342 -999 -999 -999 -999 -999 -999 -999 -999
0.00323357319485661 0.34943064147327 -999 -999 -999 -999 -999 -999 -999 -999
0.720748821479818 0.329189277995037 -999 -999 -999 -999 -999 -999 -999 -999
0.276022040378971 0.332633168209795 -999 -999 -999 -999 -999 -999 -999 -999
0.00322913814121309 0.338177553795168 -999 -999 -999 -999 -999 -999 -999 -999
0.779287935352892 0.330127671990531 -999 -999 -999 -999 -999 -999 -999 -999
0.216229666114569 0.325660845309217 -999 -999 -999 -999 -999 -999 -999 -999
0.00448239853253993 0.344211482700252 -999 -999 -999 -999 -999 -999 -999 -999
0.792513248963934 0.320461741731281 -999 -999 -999 -999 -999 -999 -999 -999
0.202763269515721 0.35076961222941 -999 -999 -999 -999 -999 -999 -999 -999
0.00472348152034495 0.328768646039309 -999 -999 -999 -999 -999 -999 -999 -999
0.70164726590474 0.33623856350741 -999 -999 -999 -999 -999 -999 -999 -999
0.295494090101316 0.336177186018945 -999 -999 -999 -999 -999 -999 -999 -999
0.0028586439939428 0.327584250473645 -999 -999 -999 -999 -999 -999 -999 -999
0.73593212481431 0.305544015873378 -999 -999 -999 -999 -999 -999 -999 -999
0.260320090535748 0.331910276818176 -999 -999 -999 -999 -999 -999 -999 -999
0.0037477846499429 0.362545707308445 -999 -999 -999 -999 -999 -999 -999 -999
0.818605595166406 0.322900553567727 -999 -999 -999 -999 -999 -999 -999 -999
0.175779574675636 0.323204814783822 -999 -999 -999 -999 -999 -999 -999 -999
0.00561483015795764 0.353894631648451 -999 -999 -999 -999 -999 -999 -999 -999
0.791513674556534 0.349811442075126 -999 -999 -999 -999 -999 -999 -999 -999
0.203759299719922 0.328760934299296 -999 -999 -999 -999 -999 -999 -999 -999
0.00472702572354394 0.321427623625578 -999 -999 -999 -999 -999 -999 -999 -999
0.753477012859345 0.317830405870517 -999 -999 -999 -999 -999 -999 -999 -999
0.242232836757693 0.33101415952642 -999 -999 -999 -999 -999 -999 -999 -999
0.00429015038296246 0.351155434603063 -999 -999 -999 -999 -999 -999 -999 -999
0.712579208151209 0.344921365783219 -999 -999 -999 -999 -999 -999 -999 -999
0.284302391294423 0.308906112105608 -999 -999 -999 -999 -999 -999 -999 -999
0.00311840055436764 0.346172522111173 -999 -999 -999 -999 -999 -999 -999 -999
0.779609270211573 0.351079364963908 -999 -999 -999 -999 -999 -999 -999 -999
0.216215744311117 0.31535585444559 -999 -999 -999 -999 -999 -999 -999 -999
0.00417498547730958 0.333564780590502 -999 -999 -999 -999 -999 -999 -999 -999
0.804123221180272 0.324896531573421 -999 -999 -999 -999 -999 -999 -999 -999
0.191077529566961 0.340172503443517 -999 -999 -999 -999 -999 -999 -999 -999
0.00479924925276798 0.334930964983062 -999 -999 -999 -999 -999 -999 -999 -999
0.774865547360617 0.351202348714755 -999 -999 -999 -999 -999 -999 -999 -999
0.220682873995041 0.313150479355517 -999 -999 -999 -999 -999 -999 -999 -999
0.00445157864434234 0.335647171929728 -999 -999 -999 -999 -999 -999 -999 -999
0.744541214886632 0.327157710532893 -999 -999 -999 -999 -999 -999 -999 -999
0.251959305932842 0.353650895471475 -999 -999 -999 -999 -999 -999 -999 -999
0.00349947918052539 0.319191393995632 -999 -999 -999 -999 -999 -999 -999 -999
0.822978026867999 0.338133979574355 -999 -999 -999 -999 -999 -999 -999 -999
0.171217194793335 0.332893852566765 -999 -999 -999 -999 -999 -999 -999 -999
0.0058047783386644 0.328972167858881 -999 -999 -999 -999 -999 -999 -999 -999
0.80531012986856 0.343934672343439 -999 -999 -999 -999 -999 -999 -999 -999
0.189477702730388 0.325500456987635 -999 -999 -999 -999 -999 -999 -999 -999
0.00521216740105188 0.330564870668926 -999 -999 -999 -999 -999 -999 -999 -999
0.795732196685793 0.329774123156968 -999 -999 -999 -999 -999 -999 -999 -999
0.199409676070436 0.328267473791476 -999 -999 -999 -999 -999 -999 -999 -999
0.00485812724377114 0.341958403051556 -999 -999 -999 -999 -999 -999 -999 -999
0.817738741191981 0.32194832711917 -999 -999 -999 -999 -999 -999 -999 -999
0.176630938152913 0.352769326513335 -999 -999 -999 -999 -999 -999 -999 -999
0.00563032065510501 0.325282346367495 -999 -999 -999 -999 -999 -999 -999 -999
0.754059749668855 0.322681442049047 -999 -999 -999 -999 -999 -999 -999 -999
0.242303540937111 0.354636101915539 -999 -999 -999 -999 -999 -999 -999 -999
0.00363670939403306 0.322682456035414 -999 -999 -999 -999 -999 -999 -999 -999
0.677441270094804 0.33569727034018 -999 -999 -999 -999 -999 -999 -999 -999
0.319974170230541 0.344981414060681 -999 -999 -999 -999 -999 -999 -999 -999
0.00258455967465457 0.31932131559914 -999 -999 -999 -999 -999 -999 -999 -999
0.723640443860536 0.32417236032976 -999 -999 -999 -999 -999 -999 -999 -999
0.273085140067096 0.315433953521515 -999 -999 -999 -999 -999 -999 -999 -999
0.00327441607236846 0.360393686148726 -999 -999 -999 -999 -999 -999 -999 -999
0.810588871497478 0.345203338589891 -999 -999 -999 -999 -999 -999 -999 -999
0.184301217776968 0.335226141886097 -999 -999 -999 -999 -999 -999 -999 -999
0.0051099107255552 0.319570519524012 -999 -999 -999 -999 -999 -999 -999 -999
0.783150829034341 0.343753968099235 -999 -999 -999 -999 -999 -999 -999 -999
0.21186935426495 0.329965319909109 -999 -999 -999 -999 -999 -999 -999 -999
0.00497981670070933 0.326280711991656 -999 -999 -999 -999 -999 -999 -999 -999
0.743027852455301 0.347304560619484 -999 -999 -999 -999 -999 -999 -999 -999
0.253569167563845 0.329298864571114 -999 -999 -999 -999 -999 -999 -999 -999
0.00340297998085344 0.323396574809402 -999 -999 -999 -999 -999 -999 -999 -999
0.759226074925592 0.329116565656992 -999 -999 -999 -999 -999 -999 -999 -999
0.236727808606773 0.333362278050396 -999 -999 -999 -999 -999 -999 -999 -999
0.00404611646763624 0.337521156292611 -999 -999 -999 -999 -999 -999 -999 -999
0.804926788261629 0.331262097688514 -999 -999 -999 -999 -999 -999 -999 -999
0.189709895469961 0.343840350387967 -999 -999 -999 -999 -999 -999 -999 -999
0.00536331626840902 0.324897551923519 -999 -999 -999 -999 -999 -999 -999 -999
0.760321185263374 0.333044165914568 -999 -999 -999 -999 -999 -999 -999 -999
0.235727759640976 0.347568412888932 -999 -999 -999 -999 -999 -999 -999 -999
0.00395105509565022 0.319387421196499 -999 -999 -999 -999 -999 -999 -999 -999
0.676729849801686 0.327813520208809 -999 -999 -999 -999 -999 -999 -999 -999
0.320561409350262 0.329172738200061 -999 -999 -999 -999 -999 -999 -999 -999
0.00270874084805203 0.34301374159113 -999 -999 -999 -999 -999 -999 -999 -999
0.794426467154881 0.339749574729483 -999 -999 -999 -999 -999 -999 -999 -999
0.200684948228257 0.339712038351523 -999 -999 -999 -999 -999 -999 -999 -999
0.00488858461686268 0.320538386918994 -999 -999 -999 -999 -999 -999 -999 -999
0.760456594956695 0.344519997961155 -999 -999 -999 -999 -999 -999 -999 -999
0.235995294661592 0.337121774893679 -999 -999 -999 -999 -999 -999 -999 -999
0.00354811038171309 0.318358227145167 -999 -999 -999 -999 -999 -999 -999 -999
0.749171319454592 0.313674941288848 -999 -999 -999 -999 -999 -999 -999 -999
0.246385247621803 0.331400213529511 -999 -999 -999 -999 -999 -999 -999 -999
0.00444343292360457 0.354924845181642 -999 -999 -999 -999 -999 -999 -999 -999
0.748050032071496 0.344560472785817 -999 -999 -999 -999 -999 -999 -999 -999
0.248275772089575 0.335160892949483 -999 -999 -999 -999 -999 -999 -999 -999
0.00367419583892791 0.3202786342647 -999 -999 -999 -999 -999 -999 -999 -999
0.801155831460684 0.326772967091479 -999 -999 -999 -999 -999 -999 -999 -999
0.194236157466953 0.330170027477308 -999 -999 -999 -999 -999 -999 -999 -999
0.00460801107236181 0.343057005431214 -999 -999 -999 -999 -999 -999 -999 -999
0.683004093931449 0.353771853818444 -999 -999 -999 -999 -999 -999 -999 -999
0.314338830987316 0.320146748723786 -999 -999 -999 -999 -999 -999 -999 -999
0.00265707508123492 0.32608139745777 -999 -999 -999 -999 -999 -999 -999 -999
0.728127333934325 0.330410222890401 -999 -999 -999 -999 -999 -999 -999 -999
0.268469387684255 0.342137663616804 -999 -999 -999 -999 -999 -999 -999 -999
0.00340327838141984 0.327452113492795 -999 -999 -999 -999 -999 -999 -999 -999
0.675871593120923 0.333775170794003 -999 -999 -999 -999 -999 -999 -999 -999
0.321433519499273 0.330153075870959 -999 -999 -999 -999 -999 -999 -999 -999
0.00269488737980484 0.336071753335038 -999 -999 -999 -999 -999 -999 -999 -999
0.870057872222456 0.331937969161474 -999 -999 -999 -999 -999 -999 -999 -999
0.121608095230491 0.340040547996258 -999 -999 -999 -999 -999 -999 -999 -999
0.00833403254705279 0.328021482842267 -999 -999 -999 -999 -999 -999 -999 -999
0.693224202966306 0.335612705568842 -999 -999 -999 -999 -999 -999 -999 -999
0.303934258422917 0.324692958755728 -999 -999 -999 -999 -999 -999 -999 -999
0.00284153861077642 0.33969433567543 -999 -999 -999 -999 -999 -999 -999 -999
0.760442672473841 0.34295907964517 -999 -999 -999 -999 -999 -999 -999 -999
0.235739836459823 0.326769829142834 -999 -999 -999 -999 -999 -999 -999 -999
0.00381749106633631 0.330271091211996 -999 -999 -999 -999 -999 -999 -999 -999
0.611849010047044 0.333535579185193 -999 -999 -999 -999 -999 -999 -999 -999
0.386157060552487 0.32867922437191 -999 -999 -999 -999 -999 -999 -999 -999
0.0019939294004697 0.337785196442897 -999 -999 -999 -999 -999 -999 -999 -999
0.700766701028777 0.315469917868492 -999 -999 -999 -999 -999 -999 -999 -999
0.296412744767745 0.355900844285148 -999 -999 -999 -999 -999 -999 -999 -999
0.00282055420347707 0.32862923784636 -999 -999 -999 -999 -999 -999 -999 -999
0.787960052826878 0.338619304016023 -999 -999 -999 -999 -999 -999 -999 -999
0.207834631050894 0.328073167659307 -999 -999 -999 -999 -999 -999 -999 -999
0.00420531612222807 0.333307528324671 -999 -999 -999 -999 -999 -999 -999 -999
0.761352568694819 0.331528951543396 -999 -999 -999 -999 -999 -999 -999 -999
0.234682595035754 0.335109965689091 -999 -999 -999 -999 -999 -999 -999 -999
0.00396483626942595 0.333361082767513 -999 -999 -999 -999 -999 -999 -999 -999
0.796796387760006 0.341927574838306 -999 -999 -999 -999 -999 -999 -999 -999
0.198196276248577 0.332564899716902 -999 -999 -999 -999 -999 -999 -999 -999
0.00500733599141667 0.325507525444792 -999 -999 -999 -999 -999 -999 -999 -999
0.79257068086525 0.329843513453715 -999 -999 -999 -999 -999 -999 -999 -999
0.202188465728438 0.328744380974355 -999 -999 -999 -999 -999 -999 -999 -999
0.00524085340631247 0.34141210557193 -999 -999 -999 -999 -999 -999 -999 -999
0.749446939569779 0.33430469954676 -999 -999 -999 -999 -999 -999 -999 -999
0.246831334864039 0.340146677041028 -999 -999 -999 -999 -999 -999 -999 -999
0.00372172556618169 0.325548623412212 -999 -999 -999 -999 -999 -999 -999 -999
0.720397516898982 0.3437076470705 -999 -999 -999 -999 -999 -999 -999 -999
0.276526815341069 0.326597434262284 -999 -999 -999 -999 -999 -999 -999 -999
0.00307566775994868 0.329694918667216 -999 -999 -999 -999 -999 -999 -999 -999
0.804084218489551 0.334582161258877 -999 -999 -999 -999 -999 -999 -999 -999
0.191034117250423 0.32466043694213 -999 -999 -999 -999 -999 -999 -999 -999
0.00488166426002635 0.340757401798993 -999 -999 -999 -999 -999 -999 -999 -999
0.764707002306025 0.329640887984993 -999 -999 -999 -999 -999 -999 -999 -999
0.231227311555268 0.333709535109464 -999 -999 -999 -999 -999 -999 -999 -999
0.00406568613870753 0.336649576905543 -999 -999 -999 -999 -999 -999 -999 -999
0.777620104899431 0.362088746583682 -999 -999 -999 -999 -999 -999 -999 -999
0.218079179505224 0.318491613682678 -999 -999 -999 -999 -999 -999 -999 -999
0.00430071559534411 0.31941963973364 -999 -999 -999 -999 -999 -999 -999 -999
0.766658785003634 0.344385485329112 -999 -999 -999 -999 -999 -999 -999 -999
0.22930682649203 0.317204914126918 -999 -999 -999 -999 -999 -999 -999 -999
0.00403438850433512 0.33840960054397 -999 -999 -999 -999 -999 -999 -999 -999
0.827036849391196 0.351573198232085 -999 -999 -999 -999 -999 -999 -999 -999
0.166767855203659 0.320050027717849 -999 -999 -999 -999 -999 -999 -999 -999
0.00619529540514527 0.328376774050066 -999 -999 -999 -999 -999 -999 -999 -999
0.787218334230222 0.321259279398826 -999 -999 -999 -999 -999 -999 -999 -999
0.208349157089052 0.346240490349055 -999 -999 -999 -999 -999 -999 -999 -999
0.0044325086807264 0.332500230252119 -999 -999 -999 -999 -999 -999 -999 -999
0.680131314284389 0.327466221794343 -999 -999 -999 -999 -999 -999 -999 -999
0.317288067830053 0.339121204324102 -999 -999 -999 -999 -999 -999 -999 -999
0.0025806178855585 0.333412573881555 -999 -999 -999 -999 -999 -999 -999 -999
0.746886540133159 0.329768800957648 -999 -999 -999 -999 -999 -999 -999 -999
0.249478821552105 0.324934476072559 -999 -999 -999 -999 -999 -999 -999 -999
0.00363463831473607 0.345296722969793 -999 -999 -999 -999 -999 -999 -999 -999
0.735967377122957 0.312744210124432 -999 -999 -999 -999 -999 -999 -999 -999
0.260655650364838 0.333773138845286 -999 -999 -999 -999 -999 -999 -999 -999
0.00337697251220589 0.353482651030282 -999 -999 -999 -999 -999 -999 -999 -999
0.750337473685994 0.359780278256563 -999 -999 -999 -999 -999 -999 -999 -999
0.246079129045219 0.321265494626316 -999 -999 -999 -999 -999 -999 -999 -999
0.00358339726878709 0.318954227117122 -999 -999 -999 -999 -999 -999 -999 -999
0.770501926759656 0.31648104087508 -999 -999 -999 -999 -999 -999 -999 -999
0.225200835147873 0.343477355325911 -999 -999 -999 -999 -999 -999 -999 -999
0.00429723809247043 0.340041603799009 -999 -999 -999 -999 -999 -999 -999 -999
0.677355609232179 0.331908728156187 -999 -999 -999 -999 -999 -999 -999 -999
0.31997028503712 0.326014592956029 -999 -999 -999 -999 -999 -999 -999 -999
0.00267410573070119 0.342076678887785 -999 -999 -999 -999 -999 -999 -999 -999
0.761426143924545 0.330146258272477 -999 -999 -999 -999 -999 -999 -999 -999
0.234989051143402 0.332297728253537 -999 -999 -999 -999 -999 -999 -999 -999
0.00358480493205324 0.337556013473986 -999 -999 -999 -999 -999 -999 -999 -999
0.734790704538203 0.330683896190508 -999 -999 -999 -999 -999 -999 -999 -999
0.261701679850673 0.328030848072471 -999 -999 -999 -999 -999 -999 -999 -999
0.00350761561112502 0.341285255737021 -999 -999 -999 -999 -999 -999 -999 -999
0.807108466059386 0.342239646957142 -999 -999 -999 -999 -999 -999 -999 -999
0.187478811939895 0.319830283314009 -999 -999 -999 -999 -999 -999 -999 -999
0.00541272200071896 0.337930069728848 -999 -999 -999 -999 -999 -999 -999 -999
0.77944027529166 0.321028489507831 -999 -999 -999 -999 -999 -999 -999 -999
0.215833422677096 0.334062403667266 -999 -999 -999 -999 -999 -999 -999 -999
0.00472630203124428 0.344909106824903 -999 -999 -999 -999 -999 -999 -999 -999
0.828989203576532 0.350218209960247 -999 -999 -999 -999 -999 -999 -999 -999
0.165140983418789 0.308720082330897 -999 -999 -999 -999 -999 -999 -999 -999
0.00586981300467835 0.341061707708856 -999 -999 -999 -999 -999 -999 -999 -999
0.806680206106067 0.337488880593329 -999 -999 -999 -999 -999 -999 -999 -999
0.188318659462539 0.333491316803639 -999 -999 -999 -999 -999 -999 -999 -999
0.00500113443139444 0.329019802603032 -999 -999 -999 -999 -999 -999 -999 -999
0.738627348363253 0.340921953197169 -999 -999 -999 -999 -999 -999 -999 -999
0.257854525153916 0.318076235082019 -999 -999 -999 -999 -999 -999 -999 -999
0.00351812648283128 0.341001811720812 -999 -999 -999 -999 -999 -999 -999 -999
0.762761121734853 0.316763387261217 -999 -999 -999 -999 -999 -999 -999 -999
0.232906980795127 0.344784930603128 -999 -999 -999 -999 -999 -999 -999 -999
0.00433189747001983 0.338451682135655 -999 -999 -999 -999 -999 -999 -999 -999
0.713143846464315 0.330291595363438 -999 -999 -999 -999 -999 -999 -999 -999
0.283560559112793 0.329756237517021 -999 -999 -999 -999 -999 -999 -999 -999
0.00329559442289228 0.33995216711954 -999 -999 -999 -999 -999 -999 -999 -999
0.722938480391618 0.347391972475554 -999 -999 -999 -999 -999 -999 -999 -999
0.273724539058546 0.323999088743609 -999 -999 -999 -999 -999 -999 -999 -999
0.0033369805498374 0.328608938780837 -999 -999 -999 -999 -999 -999 -999 -999
0.780190417622868 0.346345553420855 -999 -999 -999 -999 -999 -999 -999 -999
0.2152522218362 0.329882659843556 -999 -999 -999 -999 -999 -999 -999 -999
0.00455736054093274 0.323771786735589 -999 -999 -999 -999 -999 -999 -999 -999
0.706163675239679 0.324482061434264 -999 -999 -999 -999 -999 -999 -999 -999
0.291133197206862 0.358032432145457 -999 -999 -999 -999 -999 -999 -999 -999
0.00270312755345807 0.31748550642028 -999 -999 -999 -999 -999 -999 -999 -999
0.703527588990894 0.322350268495794 -999 -999 -999 -999 -999 -999 -999 -999
0.29368295615891 0.341697896762104 -999 -999 -999 -999 -999 -999 -999 -999
0.00278945485019639 0.335951834742103 -999 -999 -999 -999 -999 -999 -999 -999
0.65803561444857 0.334810005961532 -999 -999 -999 -999 -999 -999 -999 -999
0.339496176181811 0.337468413590311 -999 -999 -999 -999 -999 -999 -999 -999
0.00246820936961949 0.327721580448156 -999 -999 -999 -999 -999 -999 -999 -999
0.826331987383063 0.330284589676382 -999 -999 -999 -999 -999 -999 -999 -999
0.168072346936102 0.32133742698593 -999 -999 -999 -999 -999 -999 -999 -999
0.00559566568083499 0.348377983337687 -999 -999 -999 -999 -999 -999 -999 -999
0.831834423622224 0.344429279871889 -999 -999 -999 -999 -999 -999 -999 -999
0.162143437988267 0.345562304544163 -999 -999 -999 -999 -999 -999 -999 -999
0.00602213838950949 0.310008415583949 -999 -999 -999 -999 -999 -999 -999 -999
0.719088370452992 0.334866257946284 -999 -999 -999 -999 -999 -999 -999 -999
0.277637393273687 0.321557154139458 -999 -999 -999 -999 -999 -999 -999 -999
0.00327423627332155 0.343576587914258 -999 -999 -999 -999 -999 -999 -999 -999
0.769707648829508 0.325925082713107 -999 -999 -999 -999 -999 -999 -999 -999
0.226057673404937 0.343836191042903 -999 -999 -999 -999 -999 -999 -999 -999
0.00423467776555502 0.330238726243991 -999 -999 -999 -999 -999 -999 -999 -999
0.73296867027092 0.327047362871241 -999 -999 -999 -999 -999 -999 -999 -999
0.263495473782487 0.339766854137543 -999 -999 -999 -999 -999 -999 -999 -999
0.00353585594659207 0.333185782991217 -999 -999 -999 -999 -999 -999 -999 -999
0.686304451960698 0.334845099779081 -999 -999 -999 -999 -999 -999 -999 -999
0.310931695018505 0.357961012826948 -999 -999 -999 -999 -999 -999 -999 -999
0.00276385302079755 0.307193887393972 -999 -999 -999 -999 -999 -999 -999 -999
0.773096161454521 0.339196125637417 -999 -999 -999 -999 -999 -999 -999 -999
0.222584068081454 0.34872785400695 -999 -999 -999 -999 -999 -999 -999 -999
0.00431977046402435 0.312076020355633 -999 -999 -999 -999 -999 -999 -999 -999
0.736642554312517 0.32767248520593 -999 -999 -999 -999 -999 -999 -999 -999
0.259907286929678 0.335945812427245 -999 -999 -999 -999 -999 -999 -999 -999
0.00345015875780539 0.336381702366824 -999 -999 -999 -999 -999 -999 -999 -999
0.782658389334728 0.332111878434738 -999 -999 -999 -999 -999 -999 -999 -999
0.212871189184709 0.348433425109023 -999 -999 -999 -999 -999 -999 -999 -999
0.00447042148056275 0.319454696456239 -999 -999 -999 -999 -999 -999 -999 -999
0.740414465569248 0.344043407033402 -999 -999 -999 -999 -999 -999 -999 -999
0.256111369723199 0.32843186496117 -999 -999 -999 -999 -999 -999 -999 -999
0.00347416470755441 0.327524728005428 -999 -999 -999 -999 -999 -999 -999 -999
0.815638426447169 0.373024500529063 -999 -999 -999 -999 -999 -999 -999 -999
0.179106175950222 0.317659475134592 -999 -999 -999 -999 -999 -999 -999 -999
0.00525539760260865 0.309316024336345 -999 -999 -999 -999 -999 -999 -999 -999
0.787641788500633 0.330133242806617 -999 -999 -999 -999 -999 -999 -999 -999
0.20810597651357 0.329374825243928 -999 -999 -999 -999 -999 -999 -999 -999
0.00425223498579714 0.340491931949456 -999 -999 -999 -999 -999 -999 -999 -999
0.759716563888462 0.33406273950805 -999 -999 -999 -999 -999 -999 -999 -999
0.23621815536239 0.337549930551049 -999 -999 -999 -999 -999 -999 -999 -999
0.00406528074914847 0.328387329940901 -999 -999 -999 -999 -999 -999 -999 -999
0.729659933668559 0.327681731160465 -999 -999 -999 -999 -999 -999 -999 -999
0.266915805070116 0.348847019234997 -999 -999 -999 -999 -999 -999 -999 -999
0.00342426126132627 0.323471249604539 -999 -999 -999 -999 -999 -999 -999 -999
0.68111493641093 0.330566303275446 -999 -999 -999 -999 -999 -999 -999 -999
0.316112213724166 0.331542443909696 -999 -999 -999 -999 -999 -999 -999 -999
0.00277284986490409 0.337891252814858 -999 -999 -999 -999 -999 -999 -999 -999
0.81856174953266 0.344286373042652 -999 -999 -999 -999 -999 -999 -999 -999
0.176185332680432 0.335128539015367 -999 -999 -999 -999 -999 -999 -999 -999
0.00525291778690851 0.320585087941982 -999 -999 -999 -999 -999 -999 -999 -999
0.686668863363618 0.322015518864088 -999 -999 -999 -999 -999 -999 -999 -999
0.310586311274418 0.328447936307324 -999 -999 -999 -999 -999 -999 -999 -999
0.00274482536196385 0.349536544828588 -999 -999 -999 -999 -999 -999 -999 -999
0.641077419947011 0.343313369323245 -999 -999 -999 -999 -999 -999 -999 -999
0.356599752981756 0.331547773133333 -999 -999 -999 -999 -999 -999 -999 -999
0.00232282707123304 0.325138857543421 -999 -999 -999 -999 -999 -999 -999 -999
0.756804168732012 0.346327544019789 -999 -999 -999 -999 -999 -999 -999 -999
0.239410913066712 0.331479167686791 -999 -999 -999 -999 -999 -999 -999 -999
0.00378491820127673 0.32219328829342 -999 -999 -999 -999 -999 -999 -999 -999
0.725311396442533 0.344897409170253 -999 -999 -999 -999 -999 -999 -999 -999
0.271790828031094 0.320683571435259 -999 -999 -999 -999 -999 -999 -999 -999
0.00289777552637324 0.334419019394488 -999 -999 -999 -999 -999 -999 -999 -999
0.769137528565485 0.326001013954313 -999 -999 -999 -999 -999 -999 -999 -999
0.226715498359254 0.355949038399029 -999 -999 -999 -999 -999 -999 -999 -999
0.00414697307526068 0.318049947646659 -999 -999 -999 -999 -999 -999 -999 -999
0.648431778375795 0.328132359002992 -999 -999 -999 -999 -999 -999 -999 -999
0.349222051079641 0.347009978315465 -999 -999 -999 -999 -999 -999 -999 -999
0.00234617054456399 0.324857662681543 -999 -999 -999 -999 -999 -999 -999 -999
0.659635946161447 0.312146197033637 -999 -999 -999 -999 -999 -999 -999 -999
0.338126310593035 0.349545277762865 -999 -999 -999 -999 -999 -999 -999 -999
0.0022377432455179 0.338308525203498 -999 -999 -999 -999 -999 -999 -999 -999
0.618821453929542 0.324973946896556 -999 -999 -999 -999 -999 -999 -999 -999
0.379121918503314 0.330142614619695 -999 -999 -999 -999 -999 -999 -999 -999
0.00205662756714417 0.344883438483749 -999 -999 -999 -999 -999 -999 -999 -999
0.792819320448053 0.337746651225533 -999 -999 -999 -999 -999 -999 -999 -999
0.202178160342913 0.337420632879109 -999 -999 -999 -999 -999 -999 -999 -999
0.00500251920903411 0.324832715895358 -999 -999 -999 -999 -999 -999 -999 -999
0.716689486393677 0.33115346967878 -999 -999 -999 -999 -999 -999 -999 -999
0.2800080361001 0.341248086974799 -999 -999 -999 -999 -999 -999 -999 -999
0.00330247750622218 0.327598443346421 -999 -999 -999 -999 -999 -999 -999 -999
0.720102485304641 0.312271589826243 -999 -999 -999 -999 -999 -999 -999 -999
0.27671049926056 0.359785562416938 -999 -999 -999 -999 -999 -999 -999 -999
0.00318701543479827 0.327942847756819 -999 -999 -999 -999 -999 -999 -999 -999
0.723825577508652 0.324836251153381 -999 -999 -999 -999 -999 -999 -999 -999
0.272902549106981 0.325832553977542 -999 -999 -999 -999 -999 -999 -999 -999
0.00327187338436729 0.349331194869077 -999 -999 -999 -999 -999 -999 -999 -999
0.70237247967118 0.328592791563538 -999 -999 -999 -999 -999 -999 -999 -999
0.294760716503508 0.341973688405899 -999 -999 -999 -999 -999 -999 -999 -999
0.00286680382531264 0.329433520030564 -999 -999 -999 -999 -999 -999 -999 -999
0.671136213938349 0.323476453070653 -999 -999 -999 -999 -999 -999 -999 -999
0.326310128057487 0.324721886981806 -999 -999 -999 -999 -999 -999 -999 -999
0.00255365800416369 0.35180165994754 -999 -999 -999 -999 -999 -999 -999 -999
0.714878308663209 0.324468828948487 -999 -999 -999 -999 -999 -999 -999 -999
0.28205452797002 0.315017260577256 -999 -999 -999 -999 -999 -999 -999 -999
0.00306716336677075 0.360513910474256 -999 -999 -999 -999 -999 -999 -999 -999
0.788704915601525 0.340222559710571 -999 -999 -999 -999 -999 -999 -999 -999
0.207241827301389 0.340892235943052 -999 -999 -999 -999 -999 -999 -999 -999
0.00405325709708763 0.318885204346377 -999 -999 -999 -999 -999 -999 -999 -999
0.712079600002339 0.35918289273416 -999 -999 -999 -999 -999 -999 -999 -999
0.284733318194697 0.31394626271433 -999 -999 -999 -999 -999 -999 -999 -999
0.00318708180296346 0.326870844551509 -999 -999 -999 -999 -999 -999 -999 -999
0.756361354758707 0.337348456828142 -999 -999 -999 -999 -999 -999 -999 -999
0.239897017453409 0.329213397472773 -999 -999 -999 -999 -999 -999 -999 -999
0.00374162778788445 0.333438145699086 -999 -999 -999 -999 -999 -999 -999 -999
0.732675545358011 0.330118486464238 -999 -999 -999 -999 -999 -999 -999 -999
0.263896084061739 0.337917168898345 -999 -999 -999 -999 -999 -999 -999 -999
0.0034283705802489 0.331964344637417 -999 -999 -999 -999 -999 -999 -999 -999
0.77431788076204 0.35463382710779 -999 -999 -999 -999 -999 -999 -999 -999
0.221505005106576 0.322872090215605 -999 -999 -999 -999 -999 -999 -999 -999
0.00417711413138391 0.322494082676605 -999 -999 -999 -999 -999 -999 -999 -999
0.6337207231177 0.323295760742794 -999 -999 -999 -999 -999 -999 -999 -999
0.363970287044891 0.3453500859495 -999 -999 -999 -999 -999 -999 -999 -999
0.00230898983740952 0.331354153307706 -999 -999 -999 -999 -999 -999 -999 -999
0.782231403557751 0.342453919161727 -999 -999 -999 -999 -999 -999 -999 -999
0.21341273592015 0.329384500624363 -999 -999 -999 -999 -999 -999 -999 -999
0.00435586052209939 0.32816158021391 -999 -999 -999 -999 -999 -999 -999 -999
0.805190121903085 0.335084874793227 -999 -999 -999 -999 -999 -999 -999 -999
0.189092558190339 0.333781705551309 -999 -999 -999 -999 -999 -999 -999 -999
0.0057173199065765 0.331133419655463 -999 -999 -999 -999 -999 -999 -999 -999
0.705612978368378 0.328164796808374 -999 -999 -999 -999 -999 -999 -999 -999
0.291187250386076 0.354792952840837 -999 -999 -999 -999 -999 -999 -999 -999
0.00319977124554499 0.317042250350789 -999 -999 -999 -999 -999 -999 -999 -999
0.655394083321577 0.344645271804459 -999 -999 -999 -999 -999 -999 -999 -999
0.342290588275844 0.32590327570053 -999 -999 -999 -999 -999 -999 -999 -999
0.00231532840257888 0.329451452495011 -999 -999 -999 -999 -999 -999 -999 -999
-999 -999 -999 -999 -999 -999 -999 -999 -999 -999
-999 -999 -999 -999 -999 -999 -999 -999 -999 -999
-999 -999 -999 -999 -999 -999 -999 -999 -999 -999
-999 -999 -999 -999 -999 -999 -999 -999 -999 -999
-999 -999 -999 -999 -999 -999 -999 -999 -999 -999
-999 -999 -999 -999 -999 -999 -999 -999 -999 -999
