182
128
56
36
31
32
23
22
25
23
22
26
21
22
22
20
21
21
21
19
20
17
16
22
21
18
16
18
17
15
15
15
15
17
16
16
15
15
16
16
20
16
16
16
17
17
15
16
15
17
20
17
16
19
18
16
16
17
18
17
16
18
15
19
21
17
18
16
16
18
19
15
15
16
13
14
14
15
12
11
9
10
9
11
13
10
10
10
11
10
10
9
10
10
12
9
11
9
12
10
16
17
13
1
1
1
1
1
1
1
1
1
1
1
1
1
2
1
1
1
1
1
2
1
1
1
1
1
2
1
1
2
1
1
2
1
1
1
2
1
1
1
1
1
2
1
1
1
1
1
2
1
1
1
1
1
1
1
1
1
2
1
1
1
4
1
1
1
3
2
1
1
1
1
1
1
1
1
1
2
1
4
1
1
2
2
1
1
2
1
1
1
2
1
1
1
1
1
1
1
1
1
1
1
1
1
3
1
1
1
3
1
1
2
1
1
1
1
1
1
1
2
2
1
2
1
1
1
2
1
1
2
2
3
3
1
1
1
1
1
1
1
1
1
1
1
1
1
2
1
1
1
1
1
1
1
3
1
2
2
1
1
1
1
1
2
1
1
1
1
2
1
1
1
1
1
2
1
1
1
1
1
1
2
1
1
2
1
1
1
3
1
2
2
1
1
2
1
1
2
1
2
1
1
3
1
2
1
1
1
1
1
1
1
2
1
1
1
1
1
1
1
1
1
1
2
2
1
1
1
1
1
2
1
1
1
1
1
1
1
1
1
1
3
1
1
1
1
1
1
1
2
1
1
1
3
1
1
3
1
1
1
1
1
1
1
1
1
1
2
1
1
1
5
1
2
1
1
1
1
1
2
1
1
2
1
3
1
1
2
1
2
1
2
2
1
1
1
3
1
1
1
1
1
1
1
1
1
1
1
1
1
1
2
1
1
1
1
2
1
1
1
1
1
1
1
1
2
4
2
1
2
1
1
1
1
1
1
1
1
1
1
1
1
1
1
1
1
1
1
1
1
1
1
1
1
1
1
1
1
2
1
1
1
1
2
2
1
1
1
1
1
1
1
1
2
1
1
1
4
1
1
1
1
1
1
1
4
1
2
1
2
2
1
1
2
3
1
1
1
1
4
3
1
3
1
2
1
1
1
2
2
1
1
2
1
2
4
1
1
1
1
1
1
1
2
1
1
1
2
1
1
2
1
1
1
2
1
3
1
1
1
2
1
4
1
1
1
3
1
1
1
1
1
2
3
1
1
1
1
1
1
1
1
1
1
1
1
1
1
2
1
1
4
1
1
7
1
1
2
1
1
4
1
2
1
1
1
2
1
1
2
1
2
1
1
1
1
2
1
1
1
2
1
1
2
1
1
1
1
1
1
3
1
1
1
1
1
1
1
1
1
2
1
1
3
1
1
1
1
1
1
1
1
1
1
1
1
1
1
1
1
1
1
1
1
4
1
1
1
1
1
1
1
1
1
1
1
1
1
1
1
2
1
1
1
1
1
1
1
1
1
2
2
2
1
1
2
1
1
1
1
1
1
1
1
1
1
2
1
1
1
1
5
3
1
1
1
2
1
1
1
2
1
1
2
1
4
2
1
1
1
1
1
1
1
1
2
1
1
1
1
1
1
1
1
1
1
1
1
1
2
1
2
1
1
3
2
4
1
1
1
3
1
1
1
1
2
2
1
2
1
4
1
3
2
2
3
2
3
1
1
1
1
1
1
2
1
1
3
1
1
1
1
1
4
3
1
1
1
2
1
1
1
2
1
1
1
4
1
1
2
1
1
1
2
1
1
3
1
1
1
1
3
1
1
1
1
1
1
1
1
1
1
1
1
1
1
1
2
3
1
2
1
1
2
1
3
1
2
1
1
1
1
1
1
1
1
2
1
2
1
1
1
1
1
1
1
2
1
1
1
1
1
1
1
1
1
1
1
2
2
3
1
1
1
3
1
1
2
1
1
1
1
1
2
1
2
1
1
1
2
1
1
1
1
1
1
1
1
1
1
1
2
1
1
1
1
1
3
1
1
1
2
1
2
1
4
4
1
1
1
2
1
1
2
1
3
1
1
1
1
1
1
1
1
1
1
1
2
1
2
1
2
1
1
1
1
1
1
1
1
1
1
1
1
1
1
1
2
1
2
2
2
1
1
1
2
1
1
1
3
1
2
1
1
2
2
1
3
1
1
1
2
2
1
1
1
1
1
1
1
1
1
1
2
1
1
1
1
1
2
1
1
2
1
2
1
1
1
