0.723639358349481 0.366325951765661
0.272208551655301 0.356821830987745
0.00415208999521872 0.276852217246595
0.749791674329705 0.422527166261703
0.245971002227375 0.294431420276075
0.00423732344292009 0.283041413462222
0.659670815404584 0.36588823213271
0.337976170903814 0.380215316673448
0.00235301369160127 0.253896451193842
0.822228102149348 0.447107503924724
0.172881454376211 0.306140557149909
0.00489044347444051 0.246751938925367
0.602127249235841 0.408593019088524
0.395820203768699 0.311364199058287
0.00205254699546237 0.280042781853188
0.682986736213324 0.424104228033349
0.314671833108447 0.312176602816112
0.00234143067822919 0.263719169150539
0.888619874722987 0.433992988044992
0.102668949953805 0.284782562602285
0.0087111753232064 0.281224449352724
0.654030953480414 0.401610423192745
0.343283422200783 0.33228664621547
0.00268562431880247 0.266102930591783
0.848797082704386 0.405633336337518
0.143196532449491 0.318492431199847
0.00800638484612362 0.275874232462634
0.638083070634703 0.384846333386416
0.359895266453426 0.352916442210635
0.00202166291187209 0.262237224402949
0.77092350302574 0.405250695754091
0.225250327268623 0.289425546303134
0.00382616970563689 0.305323757942774
0.780122153113448 0.37298489370505
0.215489303195645 0.370756888742949
0.00438854369090734 0.256258217552001
0.705905194422859 0.394935182750704
0.291463344262004 0.310664227806529
0.00263146131513659 0.294400589442767
0.849851529734186 0.418468269614011
0.143913274925339 0.296827601322405
0.00623519534047432 0.284704129063584
0.731153250285812 0.414479923296771
0.265147293547325 0.271486206226244
0.00369945616686292 0.314033870476986
0.836323838212622 0.431715289611709
0.157751009633379 0.281628954930131
0.00592515215399902 0.28665575545816
0.695311003927628 0.396468253205203
0.302116331761355 0.327264414978521
0.00257266431101642 0.276267331816276
0.645089980040074 0.379452921611306
0.351041506273759 0.333951179272829
0.00386851368616813 0.286595899115865
0.784266341533749 0.40447892485297
0.210602595492949 0.315128155118935
0.00513106297330334 0.280392920028094
0.868481271406051 0.412144013307553
0.124935177054064 0.309869031634161
0.00658355153988376 0.277986955058287
0.729275532163962 0.41839114373051
0.267085678034027 0.310342989158483
0.00363878980200918 0.271265867111006
0.76196310951866 0.39094564696117
0.233603528451563 0.319379604652992
0.00443336202977658 0.289674748385837
0.670672375764438 0.396849474756055
0.326530514606618 0.322969143502377
0.00279710962894426 0.280181381741568
0.782503452554242 0.386520742734601
0.213207037177928 0.351413120434273
0.00428951026782982 0.262066136831127
0.678568126358303 0.3881483532139
0.319133479247955 0.33972546723621
0.00229839439374156 0.272126179549891
0.674118148305986 0.410306675344166
0.323157205661337 0.321501588612319
0.00272464603267799 0.268191736043515
0.67154292960827 0.428885044471096
0.325696566418889 0.296741308646125
0.00276050397283898 0.27437364688278
0.662383101633817 0.409277063556506
0.335178316536562 0.324029399667841
0.00243858182962239 0.266693536775653
0.702870005382245 0.398583375401973
0.293689313485594 0.336221394691968
0.0034406811321622 0.265195229906058
0.76847874965374 0.418365195971142
0.227068904007223 0.310662642906398
0.004452346339037 0.27097216112246
0.773794226485551 0.396582651631113
0.22221745758141 0.329567915526708
0.00398831593303947 0.273849432842177
0.702745203206904 0.383364227619502
0.294324074877343 0.327026842036689
0.00293072191575355 0.289608930343808
0.790320751483948 0.427783136973769
0.204603487442835 0.312306933297064
0.00507576107321668 0.259909929729166
0.788169021631856 0.440187580511291
0.207685206871972 0.282500179170121
0.00414577149617304 0.277312240318588
0.711858385758598 0.40427159198202
0.284997859298089 0.309003338513416
0.0031437549433117 0.286725069504565
0.728733692130603 0.404275313120706
0.267558118529754 0.333563560418681
0.00370818933964325 0.262161126460613
0.796937308416443 0.417453903264744
0.199279176440128 0.300461492494211
0.00378351514342821 0.282084604241044
0.748610600593294 0.426895900327441
0.247856203573347 0.286259561527083
0.0035331958333584 0.286844538145477
0.811752049702626 0.408158290566926
0.183923096264035 0.319497824329337
0.00432485403333912 0.272343885103736
0.767866682694068 0.43176636485258
0.228202958364435 0.25791911062094
0.00393035894149756 0.31031452452648
0.845315500128145 0.41918812482529
0.148319198522724 0.293936810750405
0.00636530134912998 0.286875064424304
0.686341097655986 0.405911615782053
0.311121219623138 0.334819894819002
0.00253768272087565 0.259268489398945
0.789648994167546 0.417636758751512
0.203784915459142 0.306745829170666
0.00656609037331151 0.275617412077822
0.757993731578961 0.408325825809205
0.238248575583554 0.308616680932178
0.00375769283748483 0.283057493258617
0.760087496402988 0.422368422222352
0.235503427608064 0.284368445918678
0.0044090759889494 0.293263131858971
0.792615658242753 0.450138007578092
0.203326242614272 0.265898605935871
0.00405809914297529 0.283963386486037
0.775250586798026 0.442691158862344
0.219887857743416 0.285730496112948
0.00486155545855854 0.271578345024709
0.866360312800073 0.438881932540082
0.125396933529899 0.291128513755684
0.00824275367002887 0.269989553704234
0.841737587231508 0.437085117276997
0.152628773953625 0.297959500651605
0.00563363881486667 0.264955382071398
0.7617828005501 0.385533113495655
0.234505733643899 0.335779191469462
0.00371146580600149 0.278687695034883
0.741752540888996 0.407094134410945
0.254915696245574 0.306533268627815
0.00333176286543047 0.28637259696124
0.814951462602621 0.41435728040262
0.179238803278831 0.289150037681817
0.00580973411854767 0.296492681915562
0.760420909652979 0.436083774963877
0.235705875011235 0.276995759302186
0.00387321533578538 0.286920465733935
0.756701655505972 0.396295758248041
0.238067153643001 0.328562024158162
0.00523119085102695 0.275142217593798
0.655152348541249 0.430223822422588
0.342517488017626 0.310133478887103
0.0023301634411243 0.25964269869031
0.856813845540923 0.44451783023961
0.135336127803076 0.265676641881678
0.00785002665600039 0.289805527878712
0.740931278665701 0.383189544751452
0.25521678809867 0.343745502592774
0.00385193323562904 0.273064952655773
0.737728462832966 0.445532084549386
0.258199498028506 0.255181436136629
0.00407203913852853 0.299286479313985
0.829605396323143 0.409958894162261
0.164961963543843 0.311715232143787
0.00543264013301363 0.278325873693952
0.833186684015986 0.426746786206084
0.161424428728902 0.29691288397656
0.00538888725511081 0.276340329817355
0.686220703882994 0.388661629480567
0.310939223837305 0.328304319555888
0.00284007227970074 0.283034050963545
0.802719724864693 0.376927663755774
0.190814081308133 0.320659704648463
0.00646619382717442 0.302412631595763
0.773932228734777 0.382032439112353
0.222363542205829 0.337452628925897
0.00370422905939467 0.280514931961751
0.697370460423943 0.384974743565892
0.300255503817341 0.348430066791414
0.00237403575871648 0.266595189642694
0.773771377754875 0.439877623270758
0.222415636330916 0.279518334845529
0.00381298591420812 0.280604041883713
0.823141383612493 0.388500944040086
0.171499208140707 0.331172132696974
0.00535940824680116 0.280326923262939
0.783352791991934 0.433193305561176
0.212565456256385 0.277964441893864
0.00408175175168146 0.28884225254496
0.7490602625567 0.406385183115779
0.247104649761493 0.324758233224842
0.00383508768180734 0.268856583659379
0.830648638788711 0.435127687869989
0.162532296464079 0.29285825899285
0.0068190647472095 0.272014053137162
0.722698820524552 0.39815312465603
0.274364226862869 0.308438396925533
0.00293695261257782 0.293408478418436
0.68752654894863 0.418903213551498
0.310068567107683 0.312945203028194
0.00240488394368548 0.268151583420309
0.646656525678168 0.393015453900888
0.351183672758419 0.336307988122629
0.00215980156341286 0.270676557976483
0.75102312006962 0.381890199553673
0.244392669376951 0.30655873799669
0.00458421055342809 0.311551062449637
0.726881885070692 0.383314430646141
0.270167008394551 0.331580100248519
0.00295110653475757 0.285105469105341
0.702141718859196 0.3892709905852
0.294971605210141 0.349004460380445
0.00288667593066241 0.261724549034356
0.760012410889751 0.419320076702554
0.235770353360632 0.318289310933942
0.00421723574961686 0.262390612363503
0.75341577130401 0.41899762527286
0.242966159127595 0.308983377405156
0.00361806956839486 0.272018997321984
0.733261695845804 0.35987945153932
0.263577716079929 0.363407314697715
0.00316058807426733 0.276713233762965
0.756728771719374 0.424100596672115
0.238933364607268 0.292031880664631
0.00433786367335764 0.283867522663254
0.70572682949137 0.433479852164755
0.291580828420076 0.300159406747104
0.00269234208855405 0.26636074108814
0.835675477763916 0.427220568180192
0.158090741250429 0.275157321938441
0.00623378098565388 0.297622109881367
0.813092244703475 0.423260539327422
0.182175626158787 0.2928639529848
0.00473212913773693 0.283875507687778
0.730864600697779 0.410409832364528
0.265684284029878 0.321327638133386
0.00345111527234263 0.268262529502086
0.792795783351561 0.4456953452336
0.202852978265575 0.283117477409211
0.00435123838286325 0.271187177357189
0.746396738424584 0.393128440987225
0.249431863421509 0.338049043043335
0.00417139815390596 0.268822515969441
0.868908585396932 0.422144951140122
0.121699400595513 0.295296535825381
0.00939201400755401 0.282558513034497
0.728929368264986 0.401408781372558
0.268088501465646 0.322416475700177
0.00298213026936801 0.276174742927265
0.718823171192654 0.41485028987293
0.2779291472317 0.302946359346454
0.00324768157564561 0.282203350780616
0.780602362656068 0.396337849968151
0.215536796014135 0.339442312868781
0.0038608413297989 0.264219837163069
0.789223013316721 0.396535852535883
0.206573566489087 0.319269767339649
0.00420342019419313 0.284194380124468
0.701673518321978 0.426446904800662
0.29553812135142 0.319044828293145
0.00278836032660346 0.254508266906193
0.734946798371484 0.405927982618858
0.261922596266198 0.327354178550614
0.00313060536231912 0.266717838830528
0.819435687025343 0.441230818324746
0.175146766057949 0.265200501802604
0.00541754691670865 0.29356867987265
0.790162059637991 0.420554666891126
0.204864464839811 0.301479998617729
0.0049734755221996 0.277965334491145
0.753785490713887 0.413799561748503
0.24266127667914 0.322967913838609
0.00355323260697438 0.263232524412888
0.712679275487582 0.403879865633192
0.284079075253106 0.300856330891702
0.00324164925931256 0.295263803475106
0.780408951083648 0.425081105895092
0.216016103239905 0.30874455674724
0.00357494567644759 0.266174337357668
0.803419196385453 0.424273090800952
0.192223523220953 0.310851911960417
0.00435728039359319 0.264874997238632
0.773994908129518 0.375065338916863
0.221521899430202 0.337770001960971
0.00448319244028034 0.287164659122166
0.741325772396543 0.417342374975595
0.254993411427278 0.29858845097546
0.00368081617617902 0.284069174048946
0.824465471461915 0.402354376318457
0.169246313746975 0.318765067435281
0.00628821479110916 0.278880556246262
0.803570072985121 0.415024489751239
0.190919931399102 0.314843573140381
0.00550999561577628 0.270131937108381
0.7971214562949 0.416971424778927
0.19790427832621 0.307281729119284
0.00497426537888896 0.275746846101788
0.816116399836711 0.424264985624881
0.176931395675047 0.303394377586288
0.00695220448824239 0.272340636788831
0.752714183758479 0.415039627593456
0.243859721614891 0.312231042163381
0.00342609462662969 0.272729330243163
0.67709765245218 0.401650781392408
0.320485558694015 0.300989842430494
0.00241678885380579 0.297359376177098
0.723740187551232 0.384774924719921
0.273213910091433 0.326633851769488
0.00304590235733461 0.288591223510591
0.809786260220668 0.39936363177448
0.185563561758834 0.288461182229958
0.0046501780204962 0.312175185995563
0.781730662457766 0.433531687665866
0.214280966970333 0.285046904477406
0.00398837057190159 0.281421407856728
0.740367665709381 0.424256120271701
0.256288180179806 0.30645375086303
0.00334415411081553 0.269290128865269
0.75946263066503 0.390593961283618
0.235065734787226 0.329341440605698
0.00547163454774512 0.280064598110684
0.806895548726659 0.391237164827395
0.188504914663696 0.312475788074394
0.00459953660964565 0.296287047098211
0.76021740748562 0.413005043796563
0.235962919720498 0.306459311692922
0.00381967279388173 0.280535644510514
0.676706992466361 0.400703714976784
0.320630230051275 0.327428495884319
0.0026627774823655 0.271867789138897
0.79638521252378 0.43403129820934
0.197232367610321 0.258762377795231
0.00638241986589932 0.307206323995431
0.761628391295853 0.411337157965802
0.234181501282457 0.302743427945255
0.0041901074216887 0.285919414088943
0.750523349877951 0.375419042135888
0.246111180023748 0.340355811317267
0.00336547009830033 0.284225146546844
0.744581781898103 0.383322004642806
0.251909148677127 0.339925782271402
0.00350906942477053 0.276752213085793
0.799842507878033 0.40351263767921
0.196031621695981 0.310848859690602
0.00412587042598641 0.285638502630189
0.680881299873819 0.420060613980811
0.316297759875806 0.296240377086793
0.00282094025037523 0.283699008932395
0.724809957076788 0.458440931769446
0.27162676802601 0.276367562641497
0.0035632748972009 0.265191505589058
0.675356133565894 0.412921375791635
0.322245519827576 0.333660880579724
0.00239834660653056 0.253417743628642
0.872469396033845 0.416072901017733
0.120228832139001 0.281806230925032
0.00730177182715321 0.302120868057235
0.695792028794788 0.376887607683886
0.301758307058098 0.348132312009805
0.00244966414711319 0.27498008030631
0.757435522127927 0.408577111647029
0.237682552987912 0.30784611615096
0.00488192488416131 0.283576772202011
0.611660571090643 0.373642835744373
0.386220871628863 0.351738758990298
0.00211855728049488 0.274618405265329
0.698696525816869 0.396486652556811
0.298603222777932 0.323485105317032
0.00270025140519844 0.280028242126157
0.786411456225716 0.421097991305991
0.209278868680967 0.291768207197898
0.00430967509331648 0.287133801496112
0.758723313626706 0.404906603737393
0.237628040384695 0.326625193974077
0.00364864598859925 0.26846820228853
0.798166927114871 0.430972865490742
0.196911776184969 0.282186119405328
0.00492129670015948 0.286841015103929
0.792032165520379 0.440269374632884
0.201771673842531 0.274447724787766
0.00619616063709078 0.285282900579349
0.751193047477551 0.396030407604128
0.245408817812186 0.315970866228807
0.00339813471026443 0.287998726167065
0.717877387245246 0.385465348836332
0.279183606284414 0.329914944923215
0.00293900647033925 0.284619706240452
0.802232423362214 0.428673603234491
0.190940571169319 0.294480522910315
0.00682700546846623 0.276845873855196
0.765029129996382 0.41090540133899
0.231048272193961 0.318761985172678
0.00392259780965755 0.270332613488332
0.778199199189406 0.435088927727781
0.217093217342643 0.280851021507344
0.00470758346795088 0.284060050764875
0.767577611193048 0.392742658355113
0.228394344457053 0.315549165111797
0.00402804434989748 0.29170817653309
0.827908554923537 0.429027228171101
0.167138773420551 0.275567933539376
0.00495267165591225 0.295404838289523
0.789589193363177 0.433222741403775
0.205735563065755 0.295949803172067
0.00467524357106825 0.270827455424158
0.679610935737503 0.392765678714384
0.317712353899259 0.340560241894198
0.0026767103632362 0.266674079391417
0.744499973746177 0.391371485490008
0.251506931911067 0.330763488229657
0.0039930943427555 0.277865026280335
0.738440960834925 0.444377081143041
0.258603959105688 0.280494966493285
0.00295508005938609 0.275127952363673
0.751596380649035 0.401457585574461
0.243660731121102 0.326128494710229
0.00474288822986258 0.272413919715311
0.771053795833166 0.384443989372756
0.224820063856962 0.332208322858414
0.00412614030987251 0.283347687768829
0.679550283551645 0.381857190211977
0.317858479259592 0.34168949277377
0.0025912371887627 0.276453317014252
0.76132842055649 0.375734879671787
0.23441071585809 0.34826525602632
0.00426086358541929 0.275999864301892
0.734610186484102 0.398843514326205
0.261668993059214 0.330732303969144
0.00372082045668602 0.270424181704651
0.805703044689289 0.39771697188197
0.188672832496782 0.312766630849241
0.00562412281392945 0.289516397268789
0.78083152494679 0.428628568237123
0.214547168828278 0.298160157523955
0.00462130622493222 0.273211274238923
0.829295359002545 0.393030407377091
0.164468357033427 0.29142434205369
0.00623628396402913 0.315545250569218
0.807431868577571 0.413937975433614
0.186941170776544 0.3178859056798
0.00562696064588352 0.268176118886586
0.73843817930233 0.432247169153468
0.258211207831355 0.307127542686913
0.00335061286631593 0.260625288159619
0.764260119353724 0.374518846593321
0.231799513163642 0.34545856522977
0.00394036748263401 0.280022588176909
0.712499502412502 0.362073296021616
0.284602879294472 0.352414112111766
0.00289761829302613 0.285512591866617
0.72319927977034 0.43756279364063
0.273364610023735 0.285010148797237
0.0034361102059252 0.277427057562134
0.782419345347493 0.407804943458339
0.213483130517833 0.327959471550969
0.00409752413467454 0.264235584990693
0.704882831549951 0.400997305322046
0.292269526936767 0.302115918024584
0.00284764151328018 0.296886776653369
0.703173151701522 0.411479241986538
0.293217567920617 0.331363888256618
0.00360928037785998 0.257156869756844
0.658122655101891 0.389996878570824
0.339026678334132 0.33654133662596
0.00285066656397902 0.273461784803217
0.825604270813166 0.425548434470506
0.169163752107303 0.279408457909584
0.00523197707953018 0.295043107619911
0.834247821600099 0.386312739685302
0.160003663743865 0.337586171472724
0.00574851465603547 0.276101088841975
0.718258024576784 0.418991156501913
0.278285854867824 0.296412685896384
0.0034561205553918 0.284596157601703
0.772830309215666 0.425035866318447
0.22327684334256 0.294321053184848
0.00389284744177436 0.280643080496705
0.733499032218506 0.376895629879484
0.263576578648657 0.337547762563233
0.00292438913283687 0.285556607557283
0.685414404581646 0.349417834318067
0.312167120341335 0.374946134011942
0.00241847507701911 0.275636031669991
0.772929016158007 0.397852904950229
0.22271698573873 0.329495517145383
0.00435399810326277 0.272651577904387
0.737165571188278 0.391869337363947
0.25877870086061 0.346427623684934
0.00405572795111125 0.261703038951119
0.780390244866396 0.409011844711574
0.213914103730794 0.325969998859672
0.00569565140281054 0.265018156428754
0.738960284038933 0.367902653091061
0.257442786813992 0.343058890741521
0.00359692914707585 0.289038456167419
0.818162108996935 0.436167096231482
0.177167608060928 0.282737263067294
0.00467028294213783 0.281095640701224
0.786877021371918 0.4437987970943
0.208780637168201 0.277454841032148
0.00434234145988236 0.278746361873552
0.758183870501897 0.406992803059071
0.237793281343253 0.313549151717916
0.00402284815484982 0.279458045223013
0.731567461608126 0.379733445614632
0.264981449836216 0.361608838496668
0.00345108855565819 0.2586577158887
0.677971483343458 0.411774153133218
0.319672862629717 0.31737396875874
0.00235565402682488 0.270851878108043
0.819001207843128 0.395082743044865
0.175864502060167 0.329904193351233
0.00513429009670383 0.275013063603902
0.68838564941566 0.405900874707913
0.30924718954101 0.3195836177808
0.00236716104333071 0.274515507511287
0.639556311599833 0.40427141937963
0.358104186781705 0.32626282081195
0.00233950161846227 0.269465759808418
0.756016379854333 0.395843964380303
0.240103054861999 0.332692756341783
0.0038805652836687 0.271463279277915
0.723273140326936 0.403514012117934
0.27383889347827 0.301882322722824
0.00288796619479532 0.294603665159242
0.766429629358478 0.432606788029148
0.229695171382418 0.275110549541354
0.00387519925910313 0.292282662429499
0.6506285528587 0.354820824525705
0.34669357872813 0.371380692346269
0.00267786841316898 0.273798483128026
0.66076841652296 0.37739483244604
0.337070131550089 0.348460046637366
0.00216145192695018 0.274145120916593
0.617398070293121 0.393188586122669
0.380058935682291 0.341520033268546
0.0025429940245877 0.265291380608785
0.793077157184398 0.40098946676953
0.201682671799889 0.300810331737693
0.00524017101571355 0.298200201492777
0.716799553993185 0.439672668065495
0.279898529713814 0.294015784638126
0.00330191629300138 0.266311547296379
0.71922344095793 0.393254011511849
0.27774215957866 0.316441349628081
0.00303439946341125 0.290304638860069
0.725518059330275 0.37357226275175
0.271465179822223 0.359199653823044
0.00301676084750197 0.267228083425206
0.702186362792619 0.371662617134292
0.293892585217577 0.357362514107997
0.0039210519898036 0.270974868757711
0.668235163563996 0.420406660415571
0.328816666158918 0.303360282190088
0.00294817027708603 0.27623305739434
0.711740881580334 0.383293619007516
0.285188810253948 0.33398163343194
0.00307030816571779 0.282724747560543
0.785302740581941 0.414821102300655
0.20935704814841 0.283447347710923
0.00534021126964818 0.301731549988422
0.710658110204447 0.392506829524297
0.285691924561277 0.324739427429708
0.0036499652342766 0.282753743045994
0.756513429656854 0.407592469379626
0.239007135628745 0.307234838042565
0.00447943471440122 0.285172692577809
0.735607997572989 0.370440607640802
0.260454674321676 0.35600703593134
0.00393732810533425 0.273552356427858
0.773450046427372 0.406387195347518
0.222682028562825 0.306404436533626
0.00386792500980357 0.287208368118854
0.632516537646787 0.409883141234777
0.365039867319575 0.315879025153534
0.00244359503363796 0.274237833611689
0.781820566843665 0.396398243064581
0.214337973257619 0.306013064145683
0.00384145989871665 0.297588692789736
0.805843168621809 0.381761467648907
0.188659754822823 0.341984440128178
0.00549707655536805 0.276254092222915
0.704210832033095 0.442212416348122
0.292955966980125 0.284205764654448
0.0028332009867797 0.273581818997429
0.657240915230619 0.381923349633372
0.340502046809565 0.337269027564837
0.00225703795981428 0.280807622801791
-999 -999
-999 -999
-999 -999
-999 -999
-999 -999
-999 -999
