261
267
240
221
217
208
197
194
169
150
133
123
114
100
85
77
72
65
56
55
52
43
44
42
49
43
46
49
49
50
54
45
42
42
42
37
34
27
41
44
52
47
42
42
55
43
40
38
39
37
33
36
40
33
39
40
42
50
37
35
41
41
41
34
44
44
41
38
48
55
44
51
52
44
50
47
44
40
39
41
40
30
44
45
55
49
43
40
46
35
37
34
43
34
31
33
32
30
36
39
43
44
35
38
33
37
36
34
39
37
44
34
31
29
29
33
33
38
30
32
35
42
33
34
27
25
28
28
31
27
31
42
44
42
49
37
38
43
53
48
34
34
40
36
38
43
35
42
40
36
28
38
38
36
40
52
47
46
41
35
32
43
41
38
39
32
27
36
28
25
32
34
33
31
32
35
29
22
25
31
30
32
31
41
37
32
26
26
34
28
21
34
26
23
29
24
25
22
27
23
31
27
32
27
26
24
23
22
19
28
30
32
23
25
29
26
26
38
39
35
35
39
42
35
46
29
29
26
27
31
37
28
29
24
24
26
34
29
28
35
35
30
32
34
35
30
24
28
30
24
29
26
35
22
27
29
27
27
32
23
26
24
24
33
29
35
45
44
44
35
27
29
17
24
31
36
33
29
31
29
32
30
36
30
35
29
30
30
28
21
26
32
36
34
33
32
20
22
30
25
24
23
21
21
21
25
24
28
29
29
25
29
23
25
20
20
19
24
19
14
23
22
23
20
25
26
20
14
14
19
18
19
18
18
20
16
20
27
27
19
24
24
17
23
20
26
24
24
18
21
18
17
25
29
25
17
16
22
18
27
21
19
28
23
18
22
18
18
19
18
18
20
23
25
18
19
18
15
17
16
25
18
18
17
23
29
10
1
1
1
2
1
1
1
1
1
1
1
2
1
1
1
1
1
1
1
1
1
2
1
1
1
1
6
1
1
8
1
1
1
3
1
1
4
1
1
1
1
1
1
2
1
1
1
1
1
1
2
1
1
1
1
1
1
2
1
1
1
1
1
1
1
1
1
1
1
1
1
1
3
4
2
1
1
1
1
1
2
1
1
1
3
2
5
1
3
1
1
5
3
1
1
1
1
1
1
1
1
2
1
1
1
1
1
1
1
1
1
1
4
1
1
1
2
2
2
2
1
4
2
1
2
1
1
1
1
1
1
1
2
1
1
1
1
1
2
1
1
1
1
1
1
1
1
1
1
1
1
2
3
2
1
1
1
1
1
1
1
1
2
8
2
1
1
1
1
1
1
1
2
2
1
1
1
1
1
1
1
1
1
1
1
1
2
3
1
1
1
1
1
1
1
1
1
2
1
1
2
1
1
3
1
1
1
2
1
1
2
1
1
1
2
1
1
1
1
1
2
1
3
1
1
1
1
1
1
2
1
1
2
2
1
4
1
1
1
1
1
2
3
1
1
1
1
1
1
3
1
1
3
1
1
1
1
1
1
2
1
2
1
3
2
1
1
1
1
3
1
1
3
1
2
1
1
3
1
1
2
1
1
2
1
1
2
2
1
1
3
1
1
1
1
2
1
2
1
1
1
3
1
1
2
1
2
2
1
1
1
1
3
1
3
1
1
2
1
1
2
4
3
1
1
2
1
1
3
1
3
1
1
1
1
2
1
1
1
2
1
2
1
2
1
1
3
4
1
1
1
1
1
1
1
1
1
1
1
6
1
3
1
1
1
1
1
1
1
2
1
2
1
1
3
2
1
1
1
1
3
1
1
1
1
1
1
2
1
1
1
1
1
1
2
1
1
1
1
1
2
2
2
1
1
1
2
1
1
1
1
1
1
4
1
1
2
1
1
1
1
1
1
1
1
2
2
2
2
2
1
1
1
1
1
4
1
2
1
1
8
1
1
1
1
1
1
1
2
6
1
2
1
1
1
1
1
1
1
1
1
1
1
3
1
2
3
2
1
2
1
1
1
1
2
1
2
1
1
1
2
1
1
1
1
1
2
1
2
1
1
1
1
1
1
2
1
1
1
1
1
1
1
3
2
2
1
2
2
1
1
2
1
1
2
1
1
2
1
1
1
1
1
1
1
4
1
1
2
1
3
1
2
1
2
4
1
1
1
2
1
1
1
1
1
1
1
1
1
1
1
1
1
1
1
1
4
3
1
1
1
2
2
2
1
1
1
1
4
1
2
1
5
2
3
2
1
2
1
1
1
1
2
2
1
3
1
1
1
1
1
1
2
2
2
1
4
1
1
1
4
1
1
3
1
2
1
1
1
1
1
1
1
