0.813448017730146 0.332664950881322
0.180799021751373 0.331834344852958
0.00575296051848033 0.335500704265719
0.856803887112198 0.335562007421688
0.135816421247269 0.34471533555957
0.00737969164053304 0.319722657018742
0.722438238694197 0.32341074854652
0.274198639005917 0.356405502418843
0.00336312229988677 0.320183749034637
0.72512098394123 0.330899734413657
0.271657673653613 0.335369293804809
0.00322134240515642 0.333730971781534
0.782735775328223 0.327470878366818
0.212729178586443 0.342216139223561
0.00453504608533262 0.330312982409621
0.761746014434703 0.33140005789755
0.23456773305517 0.33463537744066
0.00368625251012683 0.33396456466179
0.701907015558798 0.334205503294144
0.295220837213999 0.330601353483352
0.00287214722720348 0.335193143222504
0.737979731344212 0.335194134391177
0.258668776525214 0.331061618109157
0.00335149213057376 0.333744247499665
0.647993357054302 0.327464460197709
0.349767085851876 0.326917407283513
0.00223955709382231 0.345618132518778
0.71026707468065 0.340345419451272
0.286583282383251 0.335005307166077
0.00314964293609835 0.324649273382651
0.7177272197249 0.345265693182363
0.279102728580031 0.336038947509194
0.00317005169506846 0.318695359308443
0.68899440436126 0.324271726564926
0.308323394862717 0.344529743711346
0.0026822007760224 0.331198529723728
0.720420460634897 0.319785962559869
0.276387937326676 0.335368983135638
0.00319160203842691 0.344845054304493
0.697449797131768 0.340717828604499
0.299622559701557 0.325820560528701
0.00292764316667642 0.333461610866799
0.815760439644821 0.336093740521919
0.178854324627926 0.333068554306963
0.00538523572725237 0.330837705171118
0.729762968920241 0.337094255472326
0.266965581900215 0.339809901382687
0.00327144917954428 0.323095843144987
0.763648867079632 0.320826791723322
0.232581617892161 0.341214657822302
0.0037695150282058 0.337958550454375
0.627491950021939 0.346102547425101
0.370406244291861 0.326316875155971
0.00210180568619892 0.327580577418927
0.739339348459072 0.335916186447214
0.257095818016608 0.347234264696348
0.00356483352432008 0.316849548856438
0.688717710948806 0.334969246190489
0.308477679080592 0.323111700425399
0.00280460997060262 0.341919053384113
0.79167900933601 0.318651146078968
0.203276405971581 0.345322028973683
0.00504458469240864 0.336026824947349
0.756543153359493 0.332546911132968
0.239513190832828 0.344836104086665
0.00394365580767995 0.322616984780367
0.77977878112921 0.338651222251092
0.215489500347066 0.323025807587981
0.00473171852372304 0.338322970160927
0.789514135291826 0.333240636029839
0.205789383764416 0.340229784715539
0.00469648094375835 0.326529579254623
0.784906510293661 0.329101936662841
0.21063451662795 0.346792135007833
0.00445897307838978 0.324105928329326
0.745082368661579 0.336207340088549
0.251412350755914 0.332397071686537
0.00350528058250644 0.331395588224913
0.63165767915987 0.341265700679743
0.366269437376545 0.323241768728416
0.00207288346358344 0.335492530591841
0.803287033120031 0.341695491089567
0.191799805649496 0.329221485829509
0.00491316123047343 0.329083023080925
0.776458805263686 0.337049050154084
0.219193551801529 0.333499088379425
0.00434764293478512 0.329451861466491
0.780936661409541 0.331309633408215
0.214759440145259 0.337219331134043
0.00430389844520049 0.331471035457742
0.833071387555767 0.334637675306288
0.16070570722948 0.333716374876287
0.00622290521475459 0.331645949817425
0.674037970970167 0.352176632582076
0.323498270029593 0.31290172366929
0.00246375900023916 0.334921643748634
0.75159229462905 0.331946220532877
0.244529645013577 0.330963376323759
0.0038780603573723 0.337090403143365
0.793928972099746 0.339868838618659
0.20141827835564 0.339523243480779
0.00465274954461405 0.320607917900562
0.750980348928513 0.331091632350693
0.245328765037513 0.336314803444859
0.00369088603397305 0.332593564204447
0.8040570379984 0.342885994322231
0.190729086070852 0.319509934911226
0.00521387593074688 0.337604070766542
0.729696215015105 0.331167356148688
0.267020166955628 0.32687020507622
0.00328361802926738 0.341962438775091
0.864013942717356 0.333973079771373
0.128091675187014 0.333704957807807
0.0078943820956317 0.33232196242082
0.705833541164573 0.332665124777306
0.29131073829175 0.324360242865303
0.00285572054367683 0.34297463235739
0.807344863907081 0.329126433479065
0.187535192947714 0.330794222870752
0.00511994314520595 0.340079343650183
0.825119698694034 0.329208713752818
0.169048606875695 0.343923157044506
0.00583169443027158 0.326868129202676
0.674894050512584 0.327588951558283
0.32264474585258 0.336736480274613
0.00246120363483546 0.335674568167105
0.863305277853442 0.329750707673799
0.129392648794557 0.341736129856717
0.00730207335200211 0.328513162469484
0.681946428671663 0.333739064532411
0.315431543578804 0.329119117643447
0.00262202774953342 0.337141817824143
0.763505556270455 0.32717555985989
0.232704600150337 0.331981659817623
0.00378984357920877 0.340842780322487
0.656141924121355 0.343332862409176
0.341558767898513 0.309987421597183
0.00229930798013135 0.346679715993642
0.710013869539107 0.323046733743468
0.28709515631187 0.334156402948248
0.00289097414902225 0.342796863308284
0.665670470192578 0.341666915250396
0.331756532423008 0.325076511262089
0.00257299738441418 0.333256573487516
0.787437535277158 0.335774600759075
0.207918296191001 0.339614282039306
0.00464416853184169 0.324611117201619
0.708190204609528 0.321613373111686
0.288642601632991 0.323988206817973
0.00316719375748104 0.354398420070341
0.744392629460232 0.331982827115522
0.251849182380306 0.333035746924426
0.00375818815946268 0.334981425960052
0.689659466227555 0.328925890014217
0.307686434588875 0.337340619393921
0.00265409918357063 0.333733490591861
0.699479240514553 0.338059981049886
0.297674492547433 0.340191396374708
0.00284626693801344 0.321748622575407
0.743323128866422 0.343624276053539
0.253178232173132 0.323511870898638
0.00349863896044611 0.332863853047824
0.658319812480728 0.34282780533892
0.339267826428518 0.339532665087841
0.00241236109075304 0.317639529573239
0.86130940584507 0.314066498707267
0.131135104688113 0.343625817418379
0.0075554894668182 0.342307683874354
0.650542463837117 0.344540154333007
0.347171286623369 0.339311798168218
0.00228624953951434 0.316148047498775
0.749616815432342 0.319288579608672
0.246787847236962 0.335816931831379
0.00359533733069609 0.344894488559949
0.638030892629035 0.32570514025089
0.359741909811365 0.334569847189231
0.00222719755960015 0.339725012559879
0.806552711554407 0.329322024829395
0.188497792353898 0.334800563866545
0.00494949609169513 0.335877411304061
0.611509726409712 0.333471083916555
0.386444700862543 0.341886549461383
0.00204557272774622 0.324642366622063
0.605822585620257 0.349737447080784
0.392287197482193 0.3352529192006
0.00189021689755004 0.315009633718616
0.682105883018245 0.32703750697415
0.315140095352342 0.34708883910199
0.00275402162941293 0.325873653923861
0.673608941325985 0.337334113317715
0.323824036153135 0.335862562597817
0.00256702252088038 0.326803324084466
0.788392938278494 0.330742579127299
0.206988129178534 0.335794500411918
0.00461893254297199 0.333462920460783
0.829175787518152 0.339344828270846
0.164945232677205 0.324922478498163
0.00587897980464278 0.335732693230991
0.731058995021993 0.334933607377278
0.265679631738686 0.347554383096418
0.00326137323932121 0.317512009526305
0.6902887137359 0.343927586485595
0.306965879896792 0.316308151442189
0.00274540636730799 0.339764262072217
0.581467010414103 0.333746785496777
0.41685357681774 0.334016643464508
0.00167941276815571 0.332236571038714
0.72024949112501 0.341095792172888
0.276560360455887 0.331423989694389
0.00319014841910367 0.327480218132722
0.741581488822715 0.356448686686617
0.254838392882866 0.318382872085708
0.00358011829441856 0.325168441227675
0.756717811623031 0.321965376628532
0.239392844068153 0.347112627422136
0.0038893443088166 0.330921995949331
0.739961068534686 0.349130737577506
0.256345592397697 0.334515848563045
0.0036933390676173 0.316353413859448
0.79577551054914 0.350938479737337
0.199312782769722 0.337057958918725
0.00491170668113927 0.312003561343938
0.813743269103763 0.33169512287239
0.180879900472527 0.338604140331763
0.00537683042370953 0.329700736795847
0.801660485343653 0.34553499229343
0.193903837045773 0.334237465050283
0.00443567761057458 0.320227542656286
0.728773858542138 0.333488668574145
0.267699535816528 0.330383076680287
0.00352660564133393 0.336128254745568
0.647994652554074 0.325928091278956
0.349673160423643 0.331614665535257
0.00233218702228355 0.342457243185786
0.760408158890302 0.32641576502822
0.23558758938127 0.328785418883022
0.00400425172842712 0.344798816088758
0.787321617209956 0.343567572029773
0.208403329703891 0.336230163525207
0.00427505308615343 0.320202264445021
0.701818578437062 0.337762226208453
0.295151034658855 0.334889968583254
0.00303038690408299 0.327347805208293
0.780115573316783 0.336745318392005
0.215358379323413 0.335000703219529
0.00452604735980248 0.328253978388465
0.838399640254643 0.336710490038362
0.15498550793603 0.340666043656268
0.00661485180932664 0.32262346630537
0.783149742642132 0.326753074114691
0.212237338353783 0.332120396753501
0.0046129190040866 0.341126529131808
0.786889080139041 0.324662955787081
0.208658632395477 0.323460211134349
0.00445228746548172 0.351876833078569
0.817175781498753 0.341913722464921
0.177484281812636 0.330530553428617
0.00533993668861116 0.327555724106462
0.58970837256041 0.342568079413603
0.40837467059466 0.338978414711388
0.00191695684492994 0.318453505875008
0.810692264131906 0.321849557780516
0.183780617074104 0.342326428133436
0.00552711879398966 0.335824014086048
0.84403091855379 0.329394123139601
0.149538564911143 0.329389646276906
0.00643051653506738 0.341216230583493
0.614784506246566 0.327909687527134
0.383101636009551 0.343656380598639
0.00211385774388198 0.328433931874227
0.788027742831869 0.329185515488336
0.207324541364919 0.33630739742148
0.00464771580321147 0.334507087090184
0.771481844899103 0.315677063341261
0.224542512205208 0.344956568042777
0.00397564289568927 0.339366368615963
0.813838363433946 0.330747977135935
0.181048363704906 0.339373786438578
0.00511327286114903 0.329878236425487
0.772231233718843 0.33065506776234
0.223463559440918 0.329450475431064
0.0043052068402377 0.339894456806596
0.722733804186389 0.340183573917349
0.274147123818784 0.329818349754955
0.00311907199482703 0.329998076327696
0.720214642624156 0.334851890355881
0.276697302665305 0.32938786221543
0.00308805471053874 0.33576024742869
0.638711399706145 0.331942220164166
0.359159100530862 0.337261043548123
0.00212949976299382 0.330796736287712
0.743948115973141 0.336417498374578
0.252357878496114 0.31798890087786
0.00369400553074562 0.345593600747562
0.735274614091407 0.335204475414541
0.261204957872295 0.332518233458385
0.00352042803629666 0.332277291127074
0.727330263955285 0.33116283627296
0.269354956860177 0.334995499959211
0.00331477918453733 0.333841663767829
0.797482740135294 0.329500839228127
0.197513754381306 0.343082530664236
0.00500350548339899 0.327416630107638
0.693399131675684 0.324679628363519
0.303758881599746 0.347827935761926
0.00284198672456921 0.327492435874555
0.718971483759316 0.323419869456081
0.277873156415568 0.337624052659319
0.0031553598251158 0.3389560778846
0.780366089308511 0.332101477958676
0.215179325075339 0.347473143462417
0.00445458561615108 0.320425378578907
0.720704188398571 0.341459622968354
0.276230110223983 0.332610678147427
0.00306570137744566 0.325929698884219
0.70528940977865 0.328756415776973
0.291777203698822 0.33228196306677
0.00293338652252789 0.338961621156258
0.88896257438498 0.324140729207888
0.101859433193246 0.329818425494521
0.00917799242177351 0.346040845297591
0.784179847830597 0.328128257765659
0.211604209336713 0.339778663436848
0.00421594283269013 0.332093078797493
0.792846805198352 0.340036166606389
0.20231589894508 0.32794415048938
0.00483729585656935 0.332019682904232
0.860545049252064 0.318020588551137
0.132319753716789 0.349501902295478
0.00713519703114907 0.332477509153386
0.762512864409245 0.335015552480085
0.233622658508407 0.331705682670044
0.00386447708234735 0.333278764849872
0.756268449057849 0.338087636757416
0.23968304918517 0.330460525535099
0.00404850175698046 0.331451837707485
0.68674270813304 0.340513833494875
0.31060135418173 0.320533327322787
0.00265593768523138 0.338952839182339
0.752548211640943 0.333903430094653
0.243696265025576 0.338547799814328
0.00375552333348053 0.327548770091019
0.761746646698163 0.338142024247562
0.234101650291356 0.323678002910972
0.00415170301048121 0.338179972841466
0.742087182537999 0.333875696045001
0.254262368589911 0.336862855855145
0.003650448872091 0.329261448099855
0.762947240442826 0.331568625601863
0.233111241895473 0.340891290316273
0.00394151766170117 0.327540084081865
0.823879827639026 0.339295591920005
0.170659481508897 0.325311640694974
0.00546069085207659 0.335392767385021
0.668232808026513 0.331987543766044
0.329406433181642 0.350667445515884
0.00236075879184475 0.317345010718071
0.734697586696377 0.346433412706325
0.261685071430395 0.328961793706122
0.00361734187322713 0.324604793587553
0.654944838748606 0.338262156429601
0.342727241944452 0.333906147940125
0.00232791930694193 0.327831695630273
0.810125369447773 0.33328557550094
0.18487163844974 0.322764608793969
0.00500299210248708 0.343949815705091
0.857088013654574 0.330491459159668
0.13557740003486 0.336511429996173
0.00733458631056523 0.33299711084416
0.81312621174619 0.330645904932276
0.181596779795708 0.347528541821885
0.00527700845810192 0.321825553245839
0.730562528795824 0.341550484337706
0.266034929730275 0.32834676465878
0.00340254147389974 0.330102751003515
0.668851227079049 0.333455454323708
0.328646872534625 0.343132124304795
0.00250190038632511 0.323412421371496
0.74625530315127 0.337583560146328
0.250301983505571 0.343466961547944
0.00344271334315926 0.318949478305729
0.678529958554591 0.332613800097409
0.318780305006738 0.344640225964407
0.00268973643867063 0.322745973938184
0.675368679002894 0.323111932925632
0.32207087790177 0.339342619968158
0.00256044309533706 0.33754544710621
0.731481838212873 0.303986861941686
0.265097996787249 0.353693203296255
0.00342016499987864 0.342319934762057
0.671143119001222 0.34321207587226
0.326248876122836 0.330744923189189
0.00260800487594161 0.32604300093855
0.703484236498086 0.338680663899179
0.293559694169498 0.31958491591117
0.00295606933241553 0.34173442018965
0.749069767276612 0.324617805371232
0.247089841952717 0.345576964065989
0.00384039077067124 0.329805230562779
0.664749763809163 0.330718645781933
0.332745299246157 0.343761933722226
0.00250493694468042 0.325519420495842
0.780406796366031 0.336680700305163
0.215296477314114 0.32645489673774
0.00429672631985506 0.336864402957098
0.829496836998498 0.349641013762816
0.164294044325537 0.325107760973392
0.00620911867596208 0.325251225263792
0.695122919525166 0.340310768482907
0.302124021313688 0.3253021427013
0.0027530591611459 0.334387088815793
0.830144100941406 0.327330839565589
0.164061175590839 0.34071514400201
0.00579472346775452 0.331954016432401
0.782719015828074 0.338152524209615
0.212867753879759 0.330339861070598
0.00441323029216674 0.331507614719787
0.771994453382667 0.33859625133813
0.224004674884273 0.329563514685997
0.00400087173305982 0.331840233975874
0.771362297766762 0.342620218346139
0.224350898546071 0.354320225850894
0.00428680368716575 0.303059555802968
0.795760805090864 0.336423983102866
0.199491264359795 0.33281401413947
0.00474793054934035 0.330762002757664
0.741507825235754 0.332134858016711
0.254840340368439 0.329900571551473
0.00365183439580747 0.337964570431816
0.772704129416272 0.327508401503886
0.223094604544822 0.335596976580779
0.0042012660389061 0.336894621915335
0.791979847559746 0.325884820438517
0.2032334681926 0.336261195512694
0.00478668424765429 0.337853984048788
0.606387409336855 0.332313578230578
0.39168645867171 0.341053032705487
0.00192613199143468 0.326633389063936
0.770685523446768 0.317626685286133
0.224996489506011 0.343695644566831
0.00431798704722052 0.338677670147036
0.746895698264366 0.347949244326774
0.249455113683136 0.323958633096923
0.00364918805249824 0.328092122576302
0.67506066595529 0.340709256171118
0.322356706402932 0.330145506795318
0.00258262764177771 0.329145237033563
0.800608810045881 0.359249433027025
0.194500872114699 0.330503119972875
0.00489031783942047 0.3102474470001
0.740831869790055 0.333158905392023
0.255722033478869 0.336222884791637
0.00344609673107547 0.33061820981634
0.679671102718564 0.328033953191505
0.317595457950745 0.321501114338362
0.00273343933069135 0.350464932470133
0.74125300165478 0.33553681937596
0.254952678845746 0.334164565866237
0.00379431949947429 0.330298614757803
0.795221263418096 0.323639445801308
0.200084289808017 0.332081739003029
0.00469444677388702 0.344278815195663
0.767809574316042 0.339212167592347
0.228108179399755 0.338515861299216
0.00408224628420297 0.322271971108437
0.768887017462277 0.337926405291065
0.226966762896616 0.329174842333209
0.00414621964110673 0.332898752375727
0.820247319684985 0.3463196332452
0.174580011260069 0.330114923386538
0.00517266905494485 0.323565443368261
0.696220706618081 0.328230313313072
0.300830965830064 0.340250574833409
0.00294832755185478 0.331519111853519
0.792343139533224 0.323935952482726
0.202804332699843 0.329043179882681
0.00485252776693251 0.347020867634594
0.806412801291622 0.327610803004216
0.188556343310143 0.334257139558996
0.00503085539823557 0.338132057436789
0.642699835451895 0.327026322444859
0.354985086589193 0.33188676984166
0.00231507795891206 0.341086907713481
0.765513121861646 0.341622550678296
0.230735644955573 0.330513767535575
0.00375123318278093 0.32786368178613
0.626479535019046 0.337809864051615
0.371420148186514 0.329355858061439
0.0021003167944395 0.332834277886946
0.772569096751719 0.325332409424965
0.223217365636872 0.33267668600506
0.00421353761140948 0.341990904569975
0.687364949046402 0.33277999958143
0.309992210257937 0.325571099184861
0.00264284069566122 0.341648901233709
0.718336490945967 0.330403425608366
0.278368566386866 0.31782723862776
0.00329494266716745 0.351769335763875
0.660925104960819 0.339868345370392
0.336681450331773 0.321970864857515
0.00239344470740758 0.338160789772092
0.813852801500095 0.333800789330053
0.180723714374559 0.33078007833952
0.00542348412534577 0.335419132330426
0.684779662265589 0.339310392575537
0.31263976298631 0.326370516328026
0.00258057474810126 0.334319091096438
0.816712890195272 0.325515838505801
0.177769118146586 0.338302945495457
0.0055179916581409 0.336181215998744
0.818540607979095 0.325334524573269
0.175940123741318 0.333990537154107
0.0055192682795861 0.340674938272624
0.856236621301493 0.313995074083648
0.136639168488127 0.35331407342713
0.0071242102103794 0.332690852489222
0.832253898643374 0.341051510979231
0.161781224043211 0.327750747687613
0.00596487731341572 0.331197741333156
0.639034029718875 0.322041158948694
0.358706862634663 0.353461215234531
0.00225910764646202 0.324497625816776
0.699371776977544 0.334235882076408
0.29767615170521 0.330967966481908
0.00295207131724535 0.334796151441684
0.760860681720566 0.335350306888081
0.235146263268117 0.337976405101875
0.00399305501131714 0.326673288010044
0.754463079246716 0.327045229055715
0.241572241028226 0.346209432410739
0.00396467972505809 0.326745338533545
0.793462738571328 0.342865283748271
0.201887589013086 0.321847310854944
0.0046496724155855 0.335287405396785
0.692331429764513 0.331221919941645
0.304959071756209 0.343666833466231
0.00270949847927723 0.325111246592124
0.752311217806951 0.326042628474163
0.243954882972253 0.355146414681524
0.00373389922079598 0.318810956844313
0.855157670737442 0.342487257323135
0.137810234938126 0.344958752478021
0.00703209432443191 0.312553990198844
0.66353395438616 0.342112003916277
0.334065463589574 0.316434073492324
0.00240058202426505 0.3414539225914
0.704644000882759 0.317154344524294
0.292388073012374 0.351064114851281
0.00296792610486707 0.331781540624424
0.745018098258231 0.345178168445449
0.251252800008343 0.32667223202591
0.0037291017334252 0.328149599528641
0.767516672011511 0.325657795185846
0.228526668018767 0.33687197011412
0.0039566599697227 0.337470234700034
0.725598886362507 0.319677088568755
0.270977447384261 0.341740058854972
0.0034236662532314 0.338582852576273
0.665265008900249 0.340360422426551
0.332148506708913 0.321207433413449
0.00258648439083871 0.33843214416
0.662903797539209 0.353537493560172
0.334558559959594 0.323834336394474
0.00253764250119771 0.322628170045353
0.842235129872194 0.33398023394485
0.151093954306426 0.344068239058518
0.00667091582138071 0.321951526996631
0.683257766453341 0.329086610986802
0.314108587734338 0.334172581449065
0.00263364581232136 0.336740807564133
0.643742633729623 0.321580270439009
0.353987397720903 0.347256205225214
0.00226996854947353 0.331163524335777
0.659553586127018 0.345092595032841
0.338043204416306 0.32184594689896
0.00240320945667703 0.3330614580682
0.658936730820335 0.326610519279408
0.338571776714361 0.331530230074863
0.00249149246530485 0.341859250645729
0.688830196573264 0.332316619961581
0.308491169173199 0.326520710568296
0.00267863425353799 0.341162669470123
0.806532348896222 0.338187579251459
0.188152923541726 0.335813792483916
0.00531472756205248 0.325998628264625
0.791237741207176 0.334841026798675
0.203881670607036 0.333979692568688
0.00488058818578697 0.331179280632637
0.82504946882702 0.332167576416559
0.169145815945169 0.3396275638376
0.00580471522780999 0.328204859745841
0.784575831240558 0.329971518041268
0.210777593026441 0.337277629747249
0.00464657573300135 0.332750852211483
0.670102381161048 0.344725308564663
0.327274313088064 0.322417707911208
0.00262330575088627 0.332856983524129
0.79907598037666 0.328090376845017
0.196285650959938 0.335315077168535
0.00463836866340154 0.336594545986447
-999 -999
-999 -999
-999 -999
-999 -999
-999 -999
-999 -999
