0.412663649109139 0.487170076565799
0.573594244788746 0.503026314467409
0.013742106102122 0.00980360896679252
0.436895018732532 0.502963892600861
0.542403113382815 0.488772610607061
0.0207018678846444 0.00826349679208029
0.521425565503101 0.507273031893769
0.46823778391765 0.482607510087913
0.010336650579252 0.0101194580183111
0.484260577020827 0.525745067224696
0.471117511697299 0.461585553018471
0.0446219112818773 0.0126693797568377
0.461238273038039 0.50547828652322
0.478525157988376 0.489644661548725
0.0602365689735798 0.00487705192805759
0.438732262813697 0.519275006676015
0.5007791395307 0.474753746957591
0.0604885976556042 0.00597124636640697
0.395298621062638 0.494598442938215
0.56588624373682 0.499569184233659
0.038815135200538 0.00583237282812798
0.503389839165412 0.512703280304636
0.412598099763098 0.462991093655155
0.0840120610714845 0.0243056260402021
0.490723397169782 0.485390543283842
0.462632472934467 0.509487740843745
0.0466441298957461 0.00512171587241821
0.418135439145069 0.481306894513206
0.533153894312683 0.500807624918198
0.0487106665422484 0.0178854805686
0.520816533538003 0.514822229240265
0.440811748319859 0.472414820333942
0.0383717181421359 0.0127629504257918
0.485880551626049 0.480262404153479
0.483989785070137 0.515657314120337
0.0301296633038164 0.00408028172618439
0.49802924371987 0.499422936863046
0.472520528466542 0.488965514286231
0.0294502278135903 0.0116115488507229
0.486579577802127 0.464756616174972
0.486183141865171 0.521244261182192
0.0272372803327041 0.013999122642831
0.433100277389122 0.458927353044152
0.487530356284747 0.533219318651512
0.0793693663261282 0.00785332830433247
0.478886637620843 0.469165038794049
0.468465183721982 0.491449204186187
0.0526481786571744 0.0393857570197651
0.505216241501314 0.487130516266214
0.463765193584185 0.495101499864178
0.031018564914494 0.0177679838696025
0.5197891087252 0.500490573569198
0.45354346695918 0.487001369890956
0.0266674243156204 0.0125080565398448
0.365993230601902 0.478988070488121
0.531827855381225 0.505215605424247
0.102178914016872 0.0157963240876288
0.54161883324536 0.494929735199568
0.422589674934955 0.496094035669553
0.0357914918196906 0.00897622913088533
0.473468478555731 0.484939214862404
0.504953997643881 0.505994802986179
0.0215775238003837 0.00906598215139972
0.4960454244976 0.504216378648615
0.473817429775342 0.475638938975596
0.0301371457270517 0.0201446823757824
0.51655033320747 0.480601753588346
0.456560891160331 0.512833183337195
0.0268887756321871 0.00656506307445829
0.47654180290202 0.524984533490283
0.467315934847958 0.444208276866734
0.0561422622500277 0.0308071896429819
0.384271584815397 0.487972085628358
0.586057361010291 0.501566926138866
0.0296710541743187 0.0104609882327825
0.461529955732185 0.50464389089763
0.504432873731618 0.488203333255077
0.0340371705361993 0.00715277584729959
0.429735938742405 0.461943803004754
0.498760312303075 0.512477638678414
0.0715037489545186 0.025578558316841
0.486916012807747 0.475221586941706
0.463802587961976 0.513092407281188
0.0492813992302734 0.0116860057771051
0.460432388543293 0.546400906755163
0.524819796026236 0.448197979539898
0.0147478154304756 0.00540111370494225
0.43306364280236 0.521841195362061
0.498543962278713 0.464014205692339
0.0683923949189247 0.0141445989456007
0.378125957428184 0.496892306374412
0.51976451033993 0.485654486051226
0.10210953223189 0.0174532075743514
0.492148804211983 0.526336763743208
0.460246058533847 0.465661729507747
0.0476051372541796 0.00800150674903993
0.457969282985657 0.447869565939985
0.510533532087558 0.49635803826601
0.0314971849267794 0.0557723957939994
0.488004639970165 0.497840222350811
0.481958838841728 0.47608533120029
0.0300365211881054 0.026074446448907
0.469821192494072 0.457934179780797
0.483664262343852 0.528821320870968
0.0465145451620797 0.0132444993482362
0.507641529557988 0.486484023798946
0.410735470387046 0.488121597512422
0.0816230000549677 0.0253943786886386
0.489562229354768 0.485701049552072
0.470688312525079 0.501404210916537
0.0397494581201565 0.0128947395313971
0.414686880494459 0.463770630446533
0.527519105106974 0.501015426491551
0.0577940143985705 0.0352139430619074
0.441559053732113 0.541473207860161
0.470340846404732 0.448134040419987
0.0881000998631565 0.0103927517198466
0.537463026764705 0.4798882020929
0.42774628264849 0.49278780381019
0.0347906905868063 0.0273239940969111
0.506059424600649 0.486381478697933
0.454021718402178 0.498105184714085
0.039918856997171 0.0155133365879844
0.465761991556289 0.497148835355287
0.502489961709663 0.498408890752914
0.0317480467340422 0.00444227389179486
0.508294461753661 0.501299715167978
0.451611690340889 0.482192122805666
0.0400938479054474 0.016508162026364
0.515329033281775 0.491955202673193
0.418253622318074 0.504036959208542
0.0664173444001482 0.00400783811827645
0.48829296203009 0.506672643608271
0.447175415998138 0.48401977041525
0.0645316219717677 0.00930758597647866
0.426630144344127 0.486085185699131
0.550209595569122 0.506585645890635
0.0231602600867571 0.00732916841023799
0.472497876294182 0.547652811064181
0.483377840142864 0.441791819871313
0.0441242835629553 0.0105553690645126
0.440562902498548 0.521926079224947
0.502036727782108 0.474904261079398
0.0574003697193481 0.00316965969567199
0.408971167336771 0.457575495930396
0.55468575234832 0.519644656312056
0.0363430803149088 0.0227798477575486
0.498545695893459 0.509747239955652
0.48003943600839 0.469154071644589
0.0214148680981482 0.0210986883997603
0.431718086728286 0.476337811429218
0.524519323305178 0.49438392711146
0.0437625899665283 0.0292782614593206
0.397840052772112 0.498305606812029
0.567354990657488 0.495402558826273
0.0348049565704011 0.00629183436169689
0.452382550011455 0.43446876161268
0.445465888532731 0.539222620057352
0.102151561455818 0.0263086183299576
0.473160413508252 0.487830995448183
0.487410572383736 0.496741850227485
0.0394290141080088 0.0154271543243324
0.510430034927285 0.4731239465683
0.454154094305449 0.525086884021255
0.0354158707672726 0.00178916941044577
0.460558305728485 0.481618541953025
0.46939429007845 0.501449061862859
0.0700474041930718 0.0169323961841218
0.589218712448772 0.451607866955222
0.390749853114795 0.512326733351552
0.0200314344364347 0.0360653996932254
0.408513944412055 0.516801095197122
0.569129228427256 0.470886586088418
0.0223568271606779 0.0123123187144541
0.512743498072075 0.498950010774053
0.464053313669986 0.488844173623671
0.0232031882579435 0.0122058156022729
0.41809005073954 0.476648778662973
0.555354023344497 0.502777532719123
0.0265559259159562 0.0205736886178962
0.401502207057484 0.497714205828284
0.530190519583196 0.490089379014119
0.0683072733593265 0.0121964151575908
0.525307831450478 0.534870585868255
0.450698060996707 0.439872818758212
0.0239941075528114 0.0252565953735307
0.522871825972119 0.515923670297314
0.450024901885099 0.476074278145736
0.0271032721427829 0.00800205155694895
0.53453005349715 0.485533606110832
0.428308834534694 0.498636059547929
0.0371611119681597 0.0158303343412396
0.524097070726387 0.460319993784744
0.452186584971655 0.528560370901956
0.0237163443019591 0.0111196353133008
0.473694246507354 0.501148789018586
0.517406544188022 0.484179413815958
0.00889920930462722 0.0146717971654625
0.402625051191323 0.528557791913757
0.536012329214798 0.438282147540314
0.0613626195938775 0.0331600605459278
0.414188107165722 0.500732569787059
0.557685647117413 0.492455891732397
0.0281262457168587 0.00681153848054346
0.522011507868145 0.484573827320136
0.442118325550511 0.512940925835542
0.0358701665813534 0.00248524684431555
0.493861075514608 0.496731290036434
0.492900785289913 0.482292289712995
0.0132381391954697 0.0209764202505815
0.444075550579361 0.495861088026947
0.516471148665437 0.48513245009672
0.0394533007552059 0.0190064618763238
0.331671236016761 0.469968905446279
0.63159581533485 0.506261496102078
0.0367329486483905 0.0237695984516511
0.409850094389199 0.437572111208456
0.565467075445277 0.516234618229464
0.0246828301655318 0.0461932705620791
0.564135994460978 0.513222593477393
0.423577307561767 0.456014481919292
0.012286697977254 0.0307629246033075
0.429801533456035 0.501621156906473
0.537589052883614 0.489123777071454
0.0326094136603529 0.00925506602207215
0.42129301384836 0.517673983532133
0.540902198578938 0.451995157962926
0.0378047875727041 0.0303308585049384
0.546420370188572 0.5449176168748
0.41533865480837 0.444089013428247
0.0382409750030649 0.0109933696969531
0.463306942202297 0.509485930283068
0.501458356017931 0.466338817408779
0.0352347017797677 0.0241752523081549
0.465709438499838 0.49194828081122
0.451745107868608 0.486676857001566
0.0825454536315522 0.0213748621872117
0.567929969964403 0.538995510735681
0.409886347403111 0.444011768925768
0.0221836826324869 0.0169927203385565
0.490574923850258 0.487533191000758
0.474218196701454 0.50797904788463
0.0352068794482966 0.00448776111460551
0.443354297800501 0.461736087128331
0.535625450623532 0.505973213672471
0.0210202515759656 0.0322906991991997
0.549271506945061 0.513683385794125
0.437841720499358 0.475619059010682
0.0128867725555833 0.0106975551951899
0.483128154190001 0.461154992759218
0.453057645516024 0.528408014132958
0.063814200293971 0.0104369931078223
0.42665323971813 0.504538501958858
0.522685692113965 0.488667145925314
0.0506610681678967 0.00679435211583817
0.579229745937439 0.491173251543755
0.400292553627689 0.487852086271563
0.0204777004348707 0.020974662184688
0.448711634790857 0.447476420509473
0.520269242267726 0.500169914700545
0.031019122941421 0.0523536647899843
0.577160155378642 0.499547351666597
0.382889762073436 0.493792241862785
0.0399500825479191 0.0066604064706286
0.482613656425981 0.523712825464828
0.436993835302976 0.469830460953443
0.0803925082710381 0.00645671358173299
0.395906199230178 0.501717160638569
0.542948803338017 0.487381357604596
0.0611449974318088 0.0109014817568325
0.44674847090334 0.49880755425658
0.528346314493455 0.478240273967489
0.0249052146032037 0.022952171775928
0.440068544950484 0.497189761646818
0.508421849612368 0.491545318549457
0.0515096054371458 0.0112649198037218
0.433299488916282 0.458798673619189
0.543831581250545 0.522868531184266
0.0228689298331754 0.0183327951965572
0.410381027627208 0.517725203188749
0.548423739118679 0.470471927096391
0.0411952332541057 0.0118028697148597
0.430639137588372 0.52238462945544
0.539256858183659 0.465814931635371
0.0301040042279614 0.0118004389091857
0.475475969769474 0.460355033758158
0.478056574594349 0.537389991693555
0.0464674556361731 0.00225497454828882
0.49149627136854 0.514732532544679
0.45993061750254 0.478014233013275
0.0485731111289204 0.00725323444205682
0.491144407525141 0.528453900545025
0.476464709073202 0.449821336618324
0.032390883401653 0.021724762836643
0.462501873549753 0.477370700342421
0.478562147293026 0.505707935307751
0.0589359791572152 0.0169213643498223
0.550221627911214 0.517731240808115
0.40123080855059 0.473808716537771
0.0485475635381954 0.0084600426541152
0.470643592461992 0.4732480784557
0.518410831079916 0.505485087304292
0.0109455764580908 0.0212668342400164
0.482942753005178 0.544827844480592
0.483059068690492 0.443961016351325
0.0339981783043289 0.011211139168083
0.532706020880583 0.518542328838251
0.409759106634691 0.478143760767641
0.0575348724847186 0.00331391039410407
0.46563256979564 0.536374948805881
0.507001807107231 0.452924500122215
0.0273656230971198 0.0107005510718984
0.501131196709712 0.5021852502535
0.4313045614682 0.489005756485195
0.0675642418220855 0.00880899326129658
0.512723632796355 0.475031675648286
0.437718573424514 0.505688457419286
0.0495577937791327 0.0192798669324353
0.530307342758348 0.514008671447263
0.400217711329902 0.478093802202819
0.0694749459117474 0.00789752634992245
0.441739490349986 0.481922879788917
0.52546861176762 0.513961018941293
0.0327918978823902 0.00411610126979088
0.512841872132719 0.522817138846862
0.474990890410057 0.47193231943296
0.0121672374572193 0.00525054172019088
0.547739781722876 0.471741978996843
0.433311916462002 0.497346767944964
0.0189483018151205 0.0309112530581909
0.384632546685061 0.485386375816428
0.527468184039512 0.500518923428477
0.0878992692754259 0.0140947007550906
0.435810305857057 0.495101553782008
0.522836245006384 0.499716919829896
0.041353449136558 0.00518152638808835
0.454204403591224 0.474552885168235
0.43527877182941 0.516865149026932
0.11051682457937 0.00858196580483701
0.360042191331561 0.529181733973143
0.599439629597352 0.456622034573609
0.0405181790710882 0.0141962314532529
0.400897629178562 0.480267723391071
0.582226526866277 0.515358013314592
0.0168758439551623 0.00437426329434833
0.419123368275397 0.477882589727417
0.539374417661947 0.516359158130814
0.0415022140626462 0.00575825214175715
0.442852652811129 0.487686113526966
0.517377224849526 0.496975648058161
0.0397701223393472 0.0153382384148677
0.536862501182977 0.460384041734784
0.439155617716397 0.511796436238604
0.0239818811006332 0.0278195220266078
0.481744715356981 0.514002041055078
0.469356800740369 0.464196847061244
0.0488984839026351 0.0218011118836715
0.409751640617179 0.506561852910691
0.537625873194255 0.483338515648509
0.0526224861885643 0.0100996314408016
0.400289205824253 0.49484939640934
0.565736231517446 0.493438873385116
0.0339745626583047 0.0117117302055567
0.455955944682584 0.471212406979042
0.525254999150792 0.504635749229629
0.0187890561666192 0.0241518437913343
0.461122574107936 0.468768755551116
0.509357206625607 0.514871518005365
0.0295202192664575 0.0163597264435153
0.470150960663318 0.471965257325186
0.458398160502783 0.490516469479858
0.0714508788339078 0.0375182731949602
0.509251510231078 0.500006601224144
0.485224358582436 0.494981034091986
0.00552413118648594 0.00501236468387286
0.556286177249983 0.438422560534952
0.430713558922485 0.550201665066142
0.0130002638275389 0.0113757743989041
0.425696018425755 0.47938645426033
0.547742884056251 0.515135261146984
0.026561097517986 0.00547828459267092
0.442489729158851 0.483604308364009
0.535657730806282 0.496931504678865
0.0218525400348681 0.0194641869571241
0.555573585224301 0.48805946138074
0.405842284831184 0.494777520959659
0.0385841299445121 0.0171630176596021
0.498788538678281 0.509408387637034
0.466450208176836 0.476577532058446
0.0347612531448831 0.0140140803045194
0.492338692863741 0.465660980516422
0.48798983029248 0.531287921632998
0.0196714768437944 0.00305109785057952
0.476148136852074 0.455200094514721
0.492056001623588 0.515581214017913
0.0317958615243382 0.0292186914673646
0.493773706704945 0.448204652214897
0.490859956043115 0.51750409430867
0.0153663372519405 0.0342912534764235
0.471326123215216 0.477217564032564
0.465682148761639 0.513298509702815
0.0629917280231443 0.00948392626462909
0.428886243263283 0.509422254118408
0.538859367316802 0.482635840869472
0.0322543894199174 0.00794190501212002
0.454992737621368 0.495496629953512
0.506825096555622 0.483065233365756
0.0381821658230072 0.0214381366807297
0.496704700648034 0.466859296030602
0.458621051395834 0.49555117447823
0.0446742479561338 0.0375895294911687
0.566737317837332 0.483404777466021
0.419330098896138 0.490782714586711
0.0139325832665263 0.0258125079472628
0.470583850686743 0.486856372724172
0.513926547611847 0.495896672540436
0.0154896017014104 0.0172469547353855
0.464181076210502 0.509779934189184
0.517257275551697 0.468322248994652
0.0185616482378038 0.0218978168161747
0.449833608589047 0.492667004478373
0.495811708643361 0.494132011108836
0.0543546827675884 0.0132009844127911
0.49623446061752 0.505911479876227
0.451381103137557 0.487435025260765
0.0523844362449235 0.00665349486301198
0.507579399102631 0.447181817065236
0.447199223066377 0.537488346051045
0.0452213778309914 0.0153298368837126
0.44483874944947 0.495055473210561
0.50075846066571 0.500913422086363
0.0544027898848067 0.00403110470308469
0.379205364988624 0.464671271023112
0.52704878224699 0.526971840773074
0.0937458527643858 0.00835688820381024
0.457140643713892 0.517943518451441
0.452109653918166 0.472060938314399
0.0907497023679472 0.00999554323416979
0.412247204717192 0.512679261909727
0.547570494152145 0.472630128790311
0.0401823011306641 0.0146906092999612
0.432610581937139 0.497110271469251
0.555248502864935 0.493859825945207
0.012140915197918 0.00902990258554006
0.487389312748236 0.490034878307378
0.421689394780295 0.489705229489501
0.0909212924714681 0.0202598922031146
0.520531810339473 0.490890945004637
0.441798354506508 0.48780900599784
0.0376698351540224 0.0213000489975208
0.590114826979837 0.497420595489977
0.383349679926018 0.491275109428195
0.026535493094157 0.0113042950818252
0.437921708068425 0.476483466260548
0.512300890202747 0.51030461184805
0.0497774017288407 0.0132119218914077
0.498961232719401 0.504605322233253
0.438898261325665 0.478089823070494
0.0621405059549304 0.0173048546962404
0.456296645010812 0.495948533299049
0.506814224674939 0.488380819516256
0.0368891303142508 0.0156706471846904
0.464957370657767 0.517440060008127
0.513996675265353 0.471747076693097
0.0210459540768888 0.010812863298771
0.396543321043744 0.454219708163222
0.556073469202323 0.540313607123005
0.0473832097539315 0.0054666847137672
0.45213681236412 0.492885108964597
0.446681377888093 0.497315134978969
0.101181809747778 0.00979975605643343
0.461096723892179 0.480849173599706
0.482518307148098 0.502962456478309
0.0563849689597242 0.0161883699219904
0.480643256370976 0.480533131823828
0.499701304858412 0.494553147618315
0.0196554387706061 0.0249137205578602
0.518488233263441 0.49501448781683
0.449993902067356 0.479576516805244
0.0315178646692145 0.0254089953779335
0.464071112742061 0.494855409143656
0.518433877326281 0.49174374887788
0.0174950099316618 0.0134008419784644
0.447998625952624 0.514557413415805
0.523922913071566 0.448835311973943
0.0280784609758112 0.0366072746102482
0.534567405977446 0.521086315778813
0.439190475028467 0.460953379460865
0.0262421189940876 0.0179603047603178
0.474983006153595 0.463432525610011
0.485002908642201 0.520460995902372
0.0400140852041963 0.0161064784876168
0.544822211194857 0.475880427431178
0.41207827695739 0.506482215476102
0.0430995118477617 0.0176373570927271
0.434295869641954 0.477167638057106
0.493819039781225 0.51220199649317
0.0718850905768278 0.0106303654497235
0.39481711117702 0.484678062872691
0.557368264554282 0.503621698555111
0.0478146242686969 0.0117002385721885
0.505611368592201 0.521409211680341
0.457150171127496 0.466106648412549
0.0372384602803013 0.0124841399071136
0.492402018142527 0.501426921013349
0.449309551667395 0.470612153641416
0.058288430190081 0.027960925345235
0.483355693993172 0.530160629224616
0.490675386686763 0.463951901069862
0.0259689193200658 0.00588746970551767
0.384648862006116 0.508093412761427
0.580071389550931 0.481319190953563
0.0352797484429517 0.0105873962850098
0.432253357985254 0.435718866455062
0.534430554975619 0.545118489489903
0.0333160870391299 0.0191626440550384
0.471152147223671 0.500188098123736
0.455885008503828 0.495390790591738
0.0729628442725036 0.00442111128452193
0.505567392500618 0.517693874059651
0.461172267708648 0.452211356514342
0.0332603397907284 0.0300947694260086
0.55902105793904 0.4788853177067
0.401911448185252 0.511536958703205
0.0390674938757043 0.00957772359009609
0.466809225469659 0.48439376109561
0.486447510635624 0.493812721336675
0.0467432638947261 0.0217935175677182
0.33365031879939 0.482856421285506
0.587747400750408 0.508961841484549
0.0786022804501995 0.00818173722994233
0.483704040704305 0.50080380141813
0.481716393740183 0.480246903312531
0.034579565555508 0.0189492952693365
0.527291102815388 0.491001711326657
0.417941733849058 0.497372533351333
0.05476716333555 0.0116257553220117
0.480171566154053 0.508774346218122
0.474099582228343 0.466819524270466
0.0457288516176094 0.0244061295114146
0.441559888742292 0.51061010115252
0.439804225145327 0.480306316409093
0.118635886112387 0.00908358243839399
0.583314307713569 0.509799463096446
0.375823480936127 0.478899198832218
0.0408622113503005 0.0113013380713368
0.454885134984169 0.509173427566762
0.510927298534461 0.483905160715243
0.0341875664813743 0.00692141171799757
0.52985375146113 0.480296579741184
0.386264995562946 0.500549488130326
0.0838812529759148 0.0191539321284911
0.515690149663291 0.493008327881521
0.431051566875312 0.501272211257674
0.0532582834614056 0.00571946086080688
0.564414589433769 0.468507705645049
0.407227140071533 0.52599951160697
0.0283582704947041 0.00549278274797976
0.493859594106957 0.50549539999232
0.413396079830106 0.484975636043349
0.0927443260629315 0.00952896396433026
0.517016712861696 0.480133763695176
0.46072214404292 0.479271806349836
0.0222611430953711 0.0405944299549863
0.446492775937451 0.48310782950345
0.469320844211747 0.51371315196311
0.0841863798507996 0.00317901853343792
0.451786154579745 0.482796517950525
0.505439392310975 0.49995459327005
0.0427744531092816 0.0172488887794247
0.559081661138891 0.469172852355326
0.414626102841324 0.506137269649293
0.0262922360197842 0.0246898779953885
0.417774995627728 0.529257999559191
0.494029468501905 0.468695394741947
0.0881955358703678 0.00204660569886489
0.504612656821326 0.49010023684541
0.415894058220184 0.507085916833929
0.0794932849584989 0.00281384632066204
0.516021119447096 0.45870822199961
0.45899834452331 0.514690410759212
0.0249805360296086 0.0266013672411709
0.54533048031337 0.466661809344915
0.412624795197683 0.492867351899027
0.0420447244889399 0.0404708387560664
0.421545637195671 0.452588790499257
0.545448512644666 0.526699726857782
0.0330058501596698 0.0207114826429684
0.503450537979913 0.478553612461862
0.48257921368979 0.511589444595205
0.0139702483302981 0.00985694294293942
0.485640605866393 0.533489347824486
0.401869693960526 0.440300470726809
0.112489700173078 0.0262101814487188
0.502292005093459 0.51295572661205
0.396449016418528 0.474798238809433
0.101258978488017 0.0122460345785246
0.475542943677947 0.478634808043221
0.47970431565599 0.510693486927995
0.0447527406660571 0.0106717050287841
-999 -999
-999 -999
-999 -999
-999 -999
-999 -999
-999 -999
