486 491 2
486 492 2
486 493 2
486 494 2
486 495 2
486 496 2
486 497 1
486 498 1
486 499 2
486 500 2
486 501 2
486 502 2
486 503 2
486 504 2
486 505 2
486 506 2
486 507 2
486 508 2
486 509 2
486 510 2
487 491 2
487 492 2
487 493 2
487 494 2
487 495 2
487 496 2
487 497 1
487 498 1
487 499 2
487 500 2
487 501 2
487 502 2
487 503 2
487 504 2
487 505 2
487 506 2
487 507 2
487 508 2
487 509 2
487 510 2
488 491 2
488 492 2
488 493 2
488 494 2
488 495 2
488 496 2
488 497 1
488 498 1
488 499 2
488 500 2
488 501 2
488 502 2
488 503 2
488 504 2
488 505 2
488 506 2
488 507 2
488 508 2
488 509 2
488 510 2
489 491 2
489 492 2
489 493 2
489 494 2
489 495 2
489 496 2
489 497 1
489 498 1
489 499 2
489 500 2
489 501 2
489 502 2
489 503 2
489 504 2
489 505 2
489 506 2
489 507 2
489 508 2
489 509 2
489 510 2
490 491 2
490 492 2
490 493 2
490 494 2
490 495 2
490 496 2
490 497 1
490 498 2
490 499 2
490 500 2
490 501 2
490 502 2
490 503 2
490 504 2
490 505 2
490 506 2
490 507 2
490 508 2
490 509 2
490 510 2
491 491 2
491 492 2
491 493 2
491 494 2
491 495 2
491 496 2
491 497 2
491 498 2
491 499 2
491 500 2
491 501 2
491 502 2
491 503 2
491 504 2
491 505 2
491 506 2
491 507 2
491 508 2
491 509 2
491 510 2
492 491 2
492 492 2
492 493 2
492 494 2
492 495 2
492 496 2
492 497 2
492 498 2
492 499 2
492 500 2
492 501 2
492 502 2
492 503 2
492 504 2
492 505 2
492 506 2
492 507 2
492 508 2
492 509 2
492 510 2
493 491 2
493 492 2
493 493 2
493 494 2
493 495 2
493 496 2
493 497 2
493 498 2
493 499 2
493 500 2
493 501 2
493 502 2
493 503 2
493 504 2
493 505 2
493 506 2
493 507 2
493 508 2
493 509 2
493 510 2
494 491 2
494 492 2
494 493 2
494 494 2
494 495 2
494 496 2
494 497 2
494 498 2
494 499 2
494 500 2
494 501 2
494 502 2
494 503 2
494 504 2
494 505 2
494 506 2
494 507 2
494 508 2
494 509 2
494 510 2
495 491 2
495 492 2
495 493 2
495 494 2
495 495 2
495 496 2
495 497 2
495 498 2
495 499 2
495 500 2
495 501 2
495 502 2
495 503 2
495 504 2
495 505 2
495 506 2
495 507 2
495 508 2
495 509 2
495 510 2
496 491 2
496 492 2
496 493 2
496 494 2
496 495 2
496 496 2
496 497 2
496 498 2
496 499 2
496 500 2
496 501 2
496 502 2
496 503 2
496 504 2
496 505 2
496 506 2
496 507 2
496 508 2
496 509 2
496 510 2
497 491 2
497 492 2
497 493 2
497 494 2
497 495 2
497 496 2
497 497 2
497 498 2
497 499 2
497 500 2
497 501 2
497 502 2
497 503 2
497 504 2
497 505 2
497 506 2
497 507 2
497 508 2
497 509 2
497 510 2
498 491 2
498 492 2
498 493 2
498 494 2
498 495 2
498 496 2
498 497 2
498 498 2
498 499 2
498 500 2
498 501 2
498 502 2
498 503 2
498 504 2
498 505 2
498 506 2
498 507 2
498 508 2
498 509 2
498 510 2
499 491 2
499 492 2
499 493 2
499 494 2
499 495 2
499 496 2
499 497 2
499 498 2
499 499 2
499 500 2
499 501 2
499 502 2
499 503 2
499 504 2
499 505 2
499 506 2
499 507 2
499 508 2
499 509 2
499 510 2
500 491 2
500 492 2
500 493 2
500 494 2
500 495 2
500 496 2
500 497 2
500 498 2
500 499 2
500 500 2
500 501 2
500 502 2
500 503 2
500 504 2
500 505 2
500 506 2
500 507 2
500 508 2
500 509 2
500 510 2
501 491 2
501 492 2
501 493 2
501 494 2
501 495 2
501 496 2
501 497 2
501 498 2
501 499 2
501 500 2
501 501 2
501 502 2
501 503 2
501 504 2
501 505 2
501 506 2
501 507 2
501 508 2
501 509 2
501 510 2
502 491 1
502 492 1
502 493 2
502 494 2
502 495 2
502 496 2
502 497 2
502 498 2
502 499 2
502 500 2
502 501 2
502 502 2
502 503 2
502 504 2
502 505 2
502 506 2
502 507 2
502 508 2
502 509 2
502 510 2
503 491 1
503 492 1
503 493 1
503 494 1
503 495 1
503 496 1
503 497 1
503 498 2
503 499 2
503 500 2
503 501 2
503 502 2
503 503 2
503 504 2
503 505 2
503 506 2
503 507 2
503 508 2
503 509 2
503 510 2
504 491 1
504 492 1
504 493 2
504 494 2
504 495 1
504 496 1
504 497 1
504 498 1
504 499 2
504 500 2
504 501 2
504 502 2
504 503 2
504 504 2
504 505 2
504 506 2
504 507 2
504 508 2
504 509 2
504 510 2
505 491 2
505 492 2
505 493 2
505 494 2
505 495 1
505 496 1
505 497 1
505 498 1
505 499 1
505 500 2
505 501 2
505 502 2
505 503 2
505 504 2
505 505 2
505 506 2
505 507 2
505 508 2
505 509 2
505 510 2
506 491 2
506 492 2
506 493 2
506 494 2
506 495 1
506 496 1
506 497 1
506 498 1
506 499 1
506 500 1
506 501 2
506 502 2
506 503 2
506 504 2
506 505 2
506 506 2
506 507 2
506 508 2
506 509 2
506 510 2
507 491 2
507 492 2
507 493 2
507 494 2
507 495 1
507 496 1
507 497 1
507 498 1
507 499 1
507 500 1
507 501 1
507 502 1
507 503 1
507 504 1
507 505 2
507 506 2
507 507 2
507 508 2
507 509 2
507 510 2
508 491 2
508 492 2
508 493 2
508 494 2
508 495 1
508 496 1
508 497 1
508 498 1
508 499 1
508 500 1
508 501 2
508 502 2
508 503 2
508 504 2
508 505 2
508 506 2
508 507 2
508 508 2
508 509 2
508 510 2
509 491 2
509 492 2
509 493 2
509 494 2
509 495 1
509 496 1
509 497 1
509 498 1
509 499 1
509 500 1
509 501 2
509 502 2
509 503 2
509 504 2
509 505 2
509 506 2
509 507 2
509 508 2
509 509 2
509 510 2
510 491 2
510 492 2
510 493 2
510 494 2
510 495 2
510 496 2
510 497 2
510 498 2
510 499 2
510 500 2
510 501 2
510 502 2
510 503 2
510 504 2
510 505 2
510 506 2
510 507 2
510 508 2
510 509 2
510 510 2
511 491 2
511 492 2
511 493 2
511 494 2
511 495 2
511 496 2
511 497 2
511 498 2
511 499 2
511 500 2
511 501 2
511 502 2
511 503 2
511 504 2
511 505 2
511 506 2
511 507 2
511 508 2
511 509 2
511 510 2
512 491 2
512 492 2
512 493 2
512 494 2
512 495 2
512 496 2
512 497 2
512 498 2
512 499 2
512 500 2
512 501 2
512 502 2
512 503 2
512 504 2
512 505 2
512 506 2
512 507 2
512 508 2
512 509 2
512 510 2
513 491 2
513 492 2
513 493 2
513 494 2
513 495 2
513 496 2
513 497 2
513 498 2
513 499 2
513 500 2
513 501 2
513 502 2
513 503 2
513 504 2
513 505 2
513 506 2
513 507 2
513 508 2
513 509 2
513 510 2
514 491 2
514 492 2
514 493 2
514 494 2
514 495 2
514 496 2
514 497 2
514 498 2
514 499 2
514 500 2
514 501 2
514 502 2
514 503 2
514 504 2
514 505 2
514 506 2
514 507 2
514 508 2
514 509 2
514 510 2
515 491 2
515 492 2
515 493 2
515 494 2
515 495 2
515 496 2
515 497 2
515 498 2
515 499 2
515 500 2
515 501 2
515 502 2
515 503 2
515 504 2
515 505 2
515 506 2
515 507 2
515 508 2
515 509 2
515 510 2
