32
32
31
28
32
30
27
27
28
25
25
27
25
27
27
26
26
27
24
24
26
26
25
22
25
25
25
25
26
23
26
28
26
25
25
26
26
24
24
24
26
25
26
25
25
26
26
26
25
27
27
27
32
32
36
29
30
28
28
26
27
31
26
29
28
29
25
28
32
30
28
26
28
30
34
32
31
28
28
29
31
31
29
28
30
30
32
28
31
28
31
32
30
27
31
33
35
30
33
32
30
34
38
35
30
31
29
28
29
29
31
33
39
37
36
30
32
29
30
29
31
31
27
29
32
32
28
32
31
34
26
27
27
30
32
30
28
31
28
30
37
34
36
35
28
27
28
26
27
29
27
27
30
26
28
26
27
27
31
29
30
25
25
26
26
26
25
24
23
26
29
28
30
25
23
29
30
31
31
29
35
32
26
34
29
31
31
28
30
31
30
35
31
35
35
34
34
33
31
35
36
32
29
29
31
37
35
38
39
39
39
34
32
35
39
38
35
32
31
36
32
38
44
44
39
43
36
37
37
33
35
34
32
30
31
32
35
41
35
35
42
38
34
35
36
36
32
40
36
33
33
37
36
34
35
35
38
43
33
32
34
36
32
35
34
34
34
37
36
34
38
35
31
31
34
31
38
37
38
43
37
37
37
31
35
30
31
36
41
35
37
33
36
38
39
38
43
43
46
44
40
33
39
37
32
34
36
32
33
33
30
28
28
31
27
26
30
31
33
29
31
29
29
33
34
36
42
44
41
35
35
42
36
36
32
32
35
35
34
30
35
33
32
31
39
38
39
34
36
37
32
35
38
37
45
37
33
41
39
35
37
35
41
35
36
38
35
31
39
31
37
37
34
39
38
38
44
40
40
35
29
29
27
30
36
37
40
44
40
33
35
35
28
29
34
30
32
29
27
28
27
31
34
32
27
28
25
25
28
27
33
30
30
30
27
29
26
31
27
27
25
23
28
23
20
24
27
24
27
21
23
30
23
25
29
25
27
27
30
22
27
25
29
29
27
25
35
24
19
24
25
20
22
28
21
23
24
25
22
32
28
25
29
23
21
22
25
28
18
23
21
22
23
24
25
29
28
28
29
22
25
25
19
26
22
17
25
23
26
27
23
23
28
26
25
25
21
32
33
28
29
24
22
23
31
30
25
23
23
22
22
27
22
27
22
20
24
28
27
25
26
23
24
30
24
20
30
24
20
24
23
30
29
24
25
27
23
27
24
24
20
25
27
26
28
26
24
25
21
21
23
24
20
25
18
23
24
24
30
21
16
18
16
24
27
21
16
20
18
17
15
20
14
18
17
16
22
17
18
20
21
18
21
18
17
16
20
17
19
20
13
16
15
18
16
17
19
18
19
18
16
19
19
15
17
20
22
23
16
21
16
14
16
16
19
20
25
15
22
16
18
14
17
18
25
18
14
18
19
18
16
14
16
16
15
20
19
17
23
20
14
21
25
21
17
20
23
23
24
18
19
20
18
14
17
19
17
19
19
17
22
18
17
16
19
18
16
15
20
16
18
17
16
23
16
21
16
16
16
18
20
20
16
20
27
18
20
19
17
18
21
20
26
22
16
23
21
17
16
15
21
19
17
18
17
20
20
21
20
27
21
27
20
19
20
24
23
18
19
24
20
20
24
21
21
21
24
28
23
19
20
27
19
16
19
24
20
20
25
20
20
19
24
18
18
25
19
15
20
24
27
22
19
15
19
27
16
17
17
18
19
24
20
15
15
16
16
25
18
20
18
17
17
18
24
20
18
20
15
17
19
17
17
15
15
16
17
23
23
16
19
24
15
16
17
17
14
20
19
21
17
20
21
22
17
20
20
13
16
11
17
19
20
17
15
16
17
15
20
13
13
16
13
13
12
14
16
20
21
13
13
15
13
16
15
15
17
15
12
16
16
13
13
13
13
12
15
17
20
18
16
15
14
23
22
33
25
18
12
19
13
16
15
16
18
14
17
20
22
20
15
19
21
19
21
24
18
17
17
17
20
15
11
17
11
16
20
14
15
15
12
13
16
20
17
21
18
20
19
18
23
17
16
21
27
17
17
18
15
15
18
22
21
13
17
20
17
18
18
13
13
16
25
18
18
16
15
25
18
16
25
19
23
23
24
18
18
18
14
10
11
15
14
17
13
23
16
13
17
18
15
16
16
13
18
18
14
17
14
12
12
17
15
15
19
25
16
15
19
24
13
15
16
15
13
17
15
15
17
22
20
14
23
21
18
19
18
19
21
17
19
18
15
14
19
15
17
26
21
18
