486 491 0.23375 0.76625
486 492 0.2025 0.7975
486 493 0.015 0.985
486 494 0 1
486 495 0 1
486 496 0 1
486 497 0.87875 0.12125
486 498 0.79125 0.20875
486 499 0.175 0.825
486 500 0.03125 0.96875
486 501 0.015 0.985
486 502 0 1
486 503 0 1
486 504 0 1
486 505 0 1
486 506 0 1
486 507 0 1
486 508 0 1
486 509 0 1
486 510 0 1
487 491 0.14625 0.85375
487 492 0.1075 0.8925
487 493 0 1
487 494 0 1
487 495 0 1
487 496 0.235 0.765
487 497 1 0
487 498 0.94125 0.05875
487 499 0.17625 0.82375
487 500 0.02875 0.97125
487 501 0 1
487 502 0 1
487 503 0 1
487 504 0 1
487 505 0 1
487 506 0 1
487 507 0 1
487 508 0 1
487 509 0 1
487 510 0 1
488 491 0.125 0.875
488 492 0.0725 0.9275
488 493 0 1
488 494 0.02125 0.97875
488 495 0.075 0.925
488 496 0.31625 0.68375
488 497 0.795 0.205
488 498 1 0
488 499 0.18 0.82
488 500 0.01625 0.98375
488 501 0 1
488 502 0 1
488 503 0 1
488 504 0 1
488 505 0 1
488 506 0 1
488 507 0 1
488 508 0 1
488 509 0 1
488 510 0 1
489 491 0.0625 0.9375
489 492 0 1
489 493 0 1
489 494 0 1
489 495 0.075 0.925
489 496 0.115 0.885
489 497 0.78375 0.21625
489 498 0.91875 0.08125
489 499 0.10875 0.89125
489 500 0.00375 0.99625
489 501 0 1
489 502 0 1
489 503 0 1
489 504 0 1
489 505 0 1
489 506 0 1
489 507 0 1
489 508 0.00125 0.99875
489 509 0 1
489 510 0 1
490 491 0.00875 0.99125
490 492 0 1
490 493 0 1
490 494 0 1
490 495 0.0175 0.9825
490 496 0.03875 0.96125
490 497 0.76125 0.23875
490 498 0.345 0.655
490 499 0.08125 0.91875
490 500 0 1
490 501 0 1
490 502 0 1
490 503 0 1
490 504 0 1
490 505 0 1
490 506 0 1
490 507 0 1
490 508 0.2225 0.7775
490 509 0 1
490 510 0 1
491 491 0 1
491 492 0 1
491 493 0 1
491 494 0 1
491 495 0 1
491 496 0 1
491 497 0.21625 0.78375
491 498 0.0125 0.9875
491 499 0 1
491 500 0 1
491 501 0 1
491 502 0 1
491 503 0 1
491 504 0 1
491 505 0 1
491 506 0.005 0.995
491 507 0.215 0.785
491 508 0.22 0.78
491 509 0.11375 0.88625
491 510 0 1
492 491 0 1
492 492 0 1
492 493 0 1
492 494 0 1
492 495 0 1
492 496 0 1
492 497 0 1
492 498 0 1
492 499 0 1
492 500 0 1
492 501 0 1
492 502 0 1
492 503 0 1
492 504 0 1
492 505 0 1
492 506 0 1
492 507 0.39625 0.60375
492 508 0.42125 0.57875
492 509 0.21125 0.78875
492 510 0.01375 0.98625
493 491 0 1
493 492 0 1
493 493 0 1
493 494 0 1
493 495 0 1
493 496 0 1
493 497 0 1
493 498 0 1
493 499 0 1
493 500 0 1
493 501 0.00125 0.99875
493 502 0.0125 0.9875
493 503 0 1
493 504 0 1
493 505 0 1
493 506 0 1
493 507 0.2025 0.7975
493 508 0 1
493 509 0.195 0.805
493 510 0.0225 0.9775
494 491 0 1
494 492 0 1
494 493 0 1
494 494 0 1
494 495 0 1
494 496 0 1
494 497 0 1
494 498 0 1
494 499 0 1
494 500 0 1
494 501 0.02625 0.97375
494 502 0.0525 0.9475
494 503 0.1375 0.8625
494 504 0 1
494 505 0 1
494 506 0 1
494 507 0 1
494 508 0 1
494 509 0 1
494 510 0.005 0.995
495 491 0 1
495 492 0 1
495 493 0 1
495 494 0 1
495 495 0 1
495 496 0 1
495 497 0 1
495 498 0 1
495 499 0 1
495 500 0 1
495 501 0.00375 0.99625
495 502 0.26 0.74
495 503 0.27 0.73
495 504 0.15 0.85
495 505 0 1
495 506 0 1
495 507 0 1
495 508 0 1
495 509 0 1
495 510 0 1
496 491 0 1
496 492 0 1
496 493 0 1
496 494 0 1
496 495 0 1
496 496 0 1
496 497 0 1
496 498 0 1
496 499 0 1
496 500 0 1
496 501 0 1
496 502 0.26875 0.73125
496 503 0.2625 0.7375
496 504 0.24875 0.75125
496 505 0 1
496 506 0 1
496 507 0 1
496 508 0 1
496 509 0 1
496 510 0 1
497 491 0.00125 0.99875
497 492 0 1
497 493 0 1
497 494 0 1
497 495 0 1
497 496 0 1
497 497 0 1
497 498 0 1
497 499 0 1
497 500 0 1
497 501 0.0075 0.9925
497 502 0 1
497 503 0.02375 0.97625
497 504 0.01625 0.98375
497 505 0 1
497 506 0 1
497 507 0 1
497 508 0 1
497 509 0 1
497 510 0 1
498 491 0.025 0.975
498 492 0.0475 0.9525
498 493 0.00125 0.99875
498 494 0 1
498 495 0 1
498 496 0 1
498 497 0 1
498 498 0 1
498 499 0 1
498 500 0 1
498 501 0 1
498 502 0 1
498 503 0 1
498 504 0 1
498 505 0 1
498 506 0 1
498 507 0 1
498 508 0 1
498 509 0 1
498 510 0 1
499 491 0.01125 0.98875
499 492 0.03875 0.96125
499 493 0.07125 0.92875
499 494 0.06625 0.93375
499 495 0.01125 0.98875
499 496 0 1
499 497 0 1
499 498 0 1
499 499 0 1
499 500 0 1
499 501 0 1
499 502 0 1
499 503 0 1
499 504 0 1
499 505 0 1
499 506 0 1
499 507 0 1
499 508 0 1
499 509 0 1
499 510 0 1
500 491 0 1
500 492 0 1
500 493 0 1
500 494 0 1
500 495 0 1
500 496 0 1
500 497 0 1
500 498 0 1
500 499 0 1
500 500 0 1
500 501 0 1
500 502 0 1
500 503 0 1
500 504 0 1
500 505 0 1
500 506 0 1
500 507 0 1
500 508 0 1
500 509 0 1
500 510 0 1
501 491 0 1
501 492 0 1
501 493 0 1
501 494 0 1
501 495 0 1
501 496 0 1
501 497 0 1
501 498 0 1
501 499 0 1
501 500 0 1
501 501 0 1
501 502 0 1
501 503 0 1
501 504 0 1
501 505 0 1
501 506 0 1
501 507 0 1
501 508 0 1
501 509 0 1
501 510 0 1
502 491 0.77125 0.22875
502 492 0.6425 0.3575
502 493 0.30625 0.69375
502 494 0.17375 0.82625
502 495 0 1
502 496 0 1
502 497 0.48625 0.51375
502 498 0.0675 0.9325
502 499 0 1
502 500 0 1
502 501 0 1
502 502 0 1
502 503 0 1
502 504 0 1
502 505 0 1
502 506 0 1
502 507 0 1
502 508 0 1
502 509 0 1
502 510 0 1
503 491 1 0
503 492 1 0
503 493 1 0
503 494 0.78375 0.21625
503 495 0.73375 0.26625
503 496 0.58375 0.41625
503 497 0.53 0.47
503 498 0.42125 0.57875
503 499 0 1
503 500 0 1
503 501 0 1
503 502 0 1
503 503 0 1
503 504 0 1
503 505 0 1
503 506 0 1
503 507 0 1
503 508 0 1
503 509 0 1
503 510 0 1
504 491 0.995 0.005
504 492 0.805 0.195
504 493 0.47125 0.52875
504 494 0.44125 0.55875
504 495 1 0
504 496 1 0
504 497 1 0
504 498 0.53 0.47
504 499 0.30125 0.69875
504 500 0 1
504 501 0 1
504 502 0 1
504 503 0 1
504 504 0 1
504 505 0 1
504 506 0 1
504 507 0 1
504 508 0 1
504 509 0 1
504 510 0 1
505 491 0 1
505 492 0 1
505 493 0 1
505 494 0.395 0.605
505 495 1 0
505 496 1 0
505 497 1 0
505 498 1 0
505 499 1 0
505 500 0.1225 0.8775
505 501 0 1
505 502 0 1
505 503 0 1
505 504 0 1
505 505 0 1
505 506 0 1
505 507 0 1
505 508 0 1
505 509 0 1
505 510 0 1
506 491 0 1
506 492 0 1
506 493 0 1
506 494 0.21625 0.78375
506 495 1 0
506 496 1 0
506 497 1 0
506 498 1 0
506 499 1 0
506 500 0.865 0.135
506 501 0.0075 0.9925
506 502 0 1
506 503 0 1
506 504 0 1
506 505 0 1
506 506 0 1
506 507 0.10125 0.89875
506 508 0 1
506 509 0 1
506 510 0 1
507 491 0 1
507 492 0 1
507 493 0 1
507 494 0.1475 0.8525
507 495 0.89375 0.10625
507 496 1 0
507 497 1 0
507 498 1 0
507 499 1 0
507 500 0.96 0.04
507 501 0.6925 0.3075
507 502 0.6925 0.3075
507 503 0.55 0.45
507 504 0.55 0.45
507 505 0.2275 0.7725
507 506 0.0525 0.9475
507 507 0 1
507 508 0 1
507 509 0 1
507 510 0 1
508 491 0 1
508 492 0 1
508 493 0 1
508 494 0 1
508 495 0.64 0.36
508 496 0.85125 0.14875
508 497 0.90625 0.09375
508 498 1 0
508 499 1 0
508 500 1 0
508 501 0.22 0.78
508 502 0.2025 0.7975
508 503 0.125 0.875
508 504 0.1125 0.8875
508 505 0 1
508 506 0 1
508 507 0 1
508 508 0 1
508 509 0 1
508 510 0 1
509 491 0 1
509 492 0 1
509 493 0 1
509 494 0 1
509 495 0.63875 0.36125
509 496 0.705 0.295
509 497 0.72875 0.27125
509 498 0.7575 0.2425
509 499 0.76625 0.23375
509 500 0.9975 0.0025
509 501 0.0875 0.9125
509 502 0.08125 0.91875
509 503 0 1
509 504 0 1
509 505 0 1
509 506 0 1
509 507 0 1
509 508 0 1
509 509 0 1
509 510 0 1
510 491 0 1
510 492 0 1
510 493 0 1
510 494 0.0025 0.9975
510 495 0.3875 0.6125
510 496 0 1
510 497 0 1
510 498 0.00375 0.99625
510 499 0 1
510 500 0 1
510 501 0 1
510 502 0 1
510 503 0 1
510 504 0 1
510 505 0 1
510 506 0 1
510 507 0 1
510 508 0 1
510 509 0 1
510 510 0 1
511 491 0 1
511 492 0 1
511 493 0 1
511 494 0 1
511 495 0 1
511 496 0 1
511 497 0 1
511 498 0 1
511 499 0 1
511 500 0 1
511 501 0 1
511 502 0 1
511 503 0 1
511 504 0 1
511 505 0 1
511 506 0 1
511 507 0 1
511 508 0 1
511 509 0 1
511 510 0 1
512 491 0 1
512 492 0 1
512 493 0 1
512 494 0 1
512 495 0 1
512 496 0 1
512 497 0 1
512 498 0 1
512 499 0 1
512 500 0 1
512 501 0 1
512 502 0 1
512 503 0 1
512 504 0 1
512 505 0 1
512 506 0 1
512 507 0 1
512 508 0 1
512 509 0 1
512 510 0 1
513 491 0 1
513 492 0 1
513 493 0 1
513 494 0 1
513 495 0 1
513 496 0 1
513 497 0 1
513 498 0 1
513 499 0 1
513 500 0 1
513 501 0 1
513 502 0 1
513 503 0 1
513 504 0 1
513 505 0 1
513 506 0 1
513 507 0 1
513 508 0 1
513 509 0 1
513 510 0 1
514 491 0 1
514 492 0 1
514 493 0 1
514 494 0 1
514 495 0 1
514 496 0 1
514 497 0 1
514 498 0 1
514 499 0 1
514 500 0 1
514 501 0 1
514 502 0 1
514 503 0 1
514 504 0 1
514 505 0 1
514 506 0 1
514 507 0 1
514 508 0 1
514 509 0 1
514 510 0 1
515 491 0 1
515 492 0 1
515 493 0 1
515 494 0 1
515 495 0 1
515 496 0 1
515 497 0 1
515 498 0 1
515 499 0 1
515 500 0 1
515 501 0 1
515 502 0 1
515 503 0 1
515 504 0 1
515 505 0 1
515 506 0 1
515 507 0 1
515 508 0 1
515 509 0 1
515 510 0 1
