0.724028501032969 0.446370963622967 -999 -999 -999 -999 -999 -999 -999 -999
0.272673910744366 0.44167354037365 -999 -999 -999 -999 -999 -999 -999 -999
0.00329758822266438 0.111955496003382 -999 -999 -999 -999 -999 -999 -999 -999
0.749643377367673 0.635746011695311 -999 -999 -999 -999 -999 -999 -999 -999
0.246367315589343 0.108403313049941 -999 -999 -999 -999 -999 -999 -999 -999
0.00398930704298219 0.255850675254748 -999 -999 -999 -999 -999 -999 -999 -999
0.659318024548866 0.582586767994814 -999 -999 -999 -999 -999 -999 -999 -999
0.338306911754381 0.225278936648754 -999 -999 -999 -999 -999 -999 -999 -999
0.0023750636967533 0.192134295356432 -999 -999 -999 -999 -999 -999 -999 -999
0.824405721898494 0.438247958577815 -999 -999 -999 -999 -999 -999 -999 -999
0.169582749341803 0.455916858514794 -999 -999 -999 -999 -999 -999 -999 -999
0.00601152875970442 0.105835182907394 -999 -999 -999 -999 -999 -999 -999 -999
0.60053490145919 0.529020748563937 -999 -999 -999 -999 -999 -999 -999 -999
0.397429711457258 0.331977955241481 -999 -999 -999 -999 -999 -999 -999 -999
0.00203538708355088 0.139001296194582 -999 -999 -999 -999 -999 -999 -999 -999
0.681341353540966 0.511381359929656 -999 -999 -999 -999 -999 -999 -999 -999
0.315901715949265 0.339782454150833 -999 -999 -999 -999 -999 -999 -999 -999
0.00275693050976873 0.14883618591951 -999 -999 -999 -999 -999 -999 -999 -999
0.891686751124575 0.525065350515462 -999 -999 -999 -999 -999 -999 -999 -999
0.0992096234574749 0.334915581203797 -999 -999 -999 -999 -999 -999 -999 -999
0.0091036254179505 0.140019068280742 -999 -999 -999 -999 -999 -999 -999 -999
0.654403945907675 0.523764679893789 -999 -999 -999 -999 -999 -999 -999 -999
0.34319729316011 0.327104143662568 -999 -999 -999 -999 -999 -999 -999 -999
0.00239876093221416 0.149131176443643 -999 -999 -999 -999 -999 -999 -999 -999
0.848193105648985 0.656167575508865 -999 -999 -999 -999 -999 -999 -999 -999
0.146055700579934 0.106292203522607 -999 -999 -999 -999 -999 -999 -999 -999
0.00575119377108183 0.237540220968526 -999 -999 -999 -999 -999 -999 -999 -999
0.637252351877291 0.521361333944241 -999 -999 -999 -999 -999 -999 -999 -999
0.360506866796427 0.335490204049479 -999 -999 -999 -999 -999 -999 -999 -999
0.00224078132628107 0.14314846200628 -999 -999 -999 -999 -999 -999 -999 -999
0.768726665022002 0.583908035125587 -999 -999 -999 -999 -999 -999 -999 -999
0.227416885932562 0.229673900987239 -999 -999 -999 -999 -999 -999 -999 -999
0.00385644904543553 0.186418063887175 -999 -999 -999 -999 -999 -999 -999 -999
0.778450706830326 0.578037643636984 -999 -999 -999 -999 -999 -999 -999 -999
0.217557141818826 0.226303294472417 -999 -999 -999 -999 -999 -999 -999 -999
0.00399215135084791 0.195659061890599 -999 -999 -999 -999 -999 -999 -999 -999
0.706321839615872 0.501197180541211 -999 -999 -999 -999 -999 -999 -999 -999
0.290609976016987 0.350051910558173 -999 -999 -999 -999 -999 -999 -999 -999
0.00306818436714023 0.148750908900616 -999 -999 -999 -999 -999 -999 -999 -999
0.848477275936335 0.575561232814277 -999 -999 -999 -999 -999 -999 -999 -999
0.14403355828931 0.231106193482208 -999 -999 -999 -999 -999 -999 -999 -999
0.00748916577435501 0.193332573703515 -999 -999 -999 -999 -999 -999 -999 -999
0.729895554198026 0.648082063131624 -999 -999 -999 -999 -999 -999 -999 -999
0.26672149652378 0.107445552390388 -999 -999 -999 -999 -999 -999 -999 -999
0.00338294927819091 0.244472384477988 -999 -999 -999 -999 -999 -999 -999 -999
0.834770415099371 0.639651484613922 -999 -999 -999 -999 -999 -999 -999 -999
0.15988170481187 0.108291430198318 -999 -999 -999 -999 -999 -999 -999 -999
0.00534788008875579 0.252057085187761 -999 -999 -999 -999 -999 -999 -999 -999
0.693835760448846 0.588518387347769 -999 -999 -999 -999 -999 -999 -999 -999
0.3034212159865 0.229755723592652 -999 -999 -999 -999 -999 -999 -999 -999
0.00274302356465347 0.18172588905958 -999 -999 -999 -999 -999 -999 -999 -999
0.645063741884976 0.574111920749379 -999 -999 -999 -999 -999 -999 -999 -999
0.352762684776395 0.234211382781955 -999 -999 -999 -999 -999 -999 -999 -999
0.00217357333862786 0.191676696468666 -999 -999 -999 -999 -999 -999 -999 -999
0.783764262819954 0.661698820386246 -999 -999 -999 -999 -999 -999 -999 -999
0.211324394934478 0.106268054449985 -999 -999 -999 -999 -999 -999 -999 -999
0.00491134224556805 0.23203312516377 -999 -999 -999 -999 -999 -999 -999 -999
0.867152774379503 0.519036059392374 -999 -999 -999 -999 -999 -999 -999 -999
0.124658982837248 0.333975830772804 -999 -999 -999 -999 -999 -999 -999 -999
0.0081882427832502 0.146988109834822 -999 -999 -999 -999 -999 -999 -999 -999
0.730999013296316 0.581311405575034 -999 -999 -999 -999 -999 -999 -999 -999
0.265572358331886 0.223793955075877 -999 -999 -999 -999 -999 -999 -999 -999
0.00342862837179645 0.194894639349087 -999 -999 -999 -999 -999 -999 -999 -999
0.761779273993978 0.569082466030211 -999 -999 -999 -999 -999 -999 -999 -999
0.234750851283081 0.236199994292977 -999 -999 -999 -999 -999 -999 -999 -999
0.00346987472294149 0.194717539676813 -999 -999 -999 -999 -999 -999 -999 -999
0.667492499232843 0.642717643669955 -999 -999 -999 -999 -999 -999 -999 -999
0.329968994992249 0.110956537059617 -999 -999 -999 -999 -999 -999 -999 -999
0.00253850577490991 0.246325819270429 -999 -999 -999 -999 -999 -999 -999 -999
0.781359535200406 0.588975157649642 -999 -999 -999 -999 -999 -999 -999 -999
0.213740368305496 0.229663774573996 -999 -999 -999 -999 -999 -999 -999 -999
0.00490009649409593 0.181361067776361 -999 -999 -999 -999 -999 -999 -999 -999
0.678624615244624 0.526661414362395 -999 -999 -999 -999 -999 -999 -999 -999
0.318787088772386 0.331305728888545 -999 -999 -999 -999 -999 -999 -999 -999
0.00258829598298975 0.142032856749059 -999 -999 -999 -999 -999 -999 -999 -999
0.673162715750654 0.641253768203286 -999 -999 -999 -999 -999 -999 -999 -999
0.324322524001251 0.112999715473668 -999 -999 -999 -999 -999 -999 -999 -999
0.0025147602480952 0.245746516323047 -999 -999 -999 -999 -999 -999 -999 -999
0.67354643882119 0.573529888397074 -999 -999 -999 -999 -999 -999 -999 -999
0.324064266866029 0.223398988225189 -999 -999 -999 -999 -999 -999 -999 -999
0.00238929431278096 0.203071123377738 -999 -999 -999 -999 -999 -999 -999 -999
0.661414762216673 0.608000514795814 -999 -999 -999 -999 -999 -999 -999 -999
0.335968558044491 0.218747807318849 -999 -999 -999 -999 -999 -999 -999 -999
0.0026166797388353 0.173251677885338 -999 -999 -999 -999 -999 -999 -999 -999
0.703030821606854 0.589290940862335 -999 -999 -999 -999 -999 -999 -999 -999
0.294030836994292 0.224178316309939 -999 -999 -999 -999 -999 -999 -999 -999
0.00293834139885268 0.186530742827727 -999 -999 -999 -999 -999 -999 -999 -999
0.769346560470335 0.579329347787602 -999 -999 -999 -999 -999 -999 -999 -999
0.226956634524638 0.227091615162192 -999 -999 -999 -999 -999 -999 -999 -999
0.00369680500502504 0.193579037050208 -999 -999 -999 -999 -999 -999 -999 -999
0.768458478714012 0.648709242867151 -999 -999 -999 -999 -999 -999 -999 -999
0.227126163113772 0.111309456866651 -999 -999 -999 -999 -999 -999 -999 -999
0.00441535817221616 0.239981300266199 -999 -999 -999 -999 -999 -999 -999 -999
0.703640704436012 0.509207738895748 -999 -999 -999 -999 -999 -999 -999 -999
0.293293966596124 0.333669068846285 -999 -999 -999 -999 -999 -999 -999 -999
0.00306532896786529 0.157123192257967 -999 -999 -999 -999 -999 -999 -999 -999
0.789099666205474 0.645904429859493 -999 -999 -999 -999 -999 -999 -999 -999
0.206326076727199 0.111292787114214 -999 -999 -999 -999 -999 -999 -999 -999
0.0045742570673278 0.242802783026292 -999 -999 -999 -999 -999 -999 -999 -999
0.785720511989788 0.581286092528698 -999 -999 -999 -999 -999 -999 -999 -999
0.209538864739985 0.213927122807775 -999 -999 -999 -999 -999 -999 -999 -999
0.00474062327022668 0.204786784663526 -999 -999 -999 -999 -999 -999 -999 -999
0.710122907892397 0.517293150606582 -999 -999 -999 -999 -999 -999 -999 -999
0.286659557347555 0.326478938849698 -999 -999 -999 -999 -999 -999 -999 -999
0.00321753476004914 0.156227910543721 -999 -999 -999 -999 -999 -999 -999 -999
0.728649749031881 0.515462028258433 -999 -999 -999 -999 -999 -999 -999 -999
0.267907446631169 0.343755826331226 -999 -999 -999 -999 -999 -999 -999 -999
0.00344280433694886 0.140782145410341 -999 -999 -999 -999 -999 -999 -999 -999
0.793483896799928 0.63651628407898 -999 -999 -999 -999 -999 -999 -999 -999
0.202057527742582 0.104046274264726 -999 -999 -999 -999 -999 -999 -999 -999
0.00445857545748933 0.259437441656293 -999 -999 -999 -999 -999 -999 -999 -999
0.749467119066128 0.437939014463641 -999 -999 -999 -999 -999 -999 -999 -999
0.246577975538445 0.455544910893067 -999 -999 -999 -999 -999 -999 -999 -999
0.0039549053954278 0.10651607464329 -999 -999 -999 -999 -999 -999 -999 -999
0.809765969500744 0.639876074037288 -999 -999 -999 -999 -999 -999 -999 -999
0.184996115059608 0.107726320821883 -999 -999 -999 -999 -999 -999 -999 -999
0.00523791543964755 0.252397605140829 -999 -999 -999 -999 -999 -999 -999 -999
0.766336618195824 0.633198035018975 -999 -999 -999 -999 -999 -999 -999 -999
0.22954082265285 0.107336537282167 -999 -999 -999 -999 -999 -999 -999 -999
0.00412255915132646 0.25946542769886 -999 -999 -999 -999 -999 -999 -999 -999
0.842397670581226 0.624236284555758 -999 -999 -999 -999 -999 -999 -999 -999
0.1510809419881 0.115368235008129 -999 -999 -999 -999 -999 -999 -999 -999
0.00652138743067172 0.260395480436113 -999 -999 -999 -999 -999 -999 -999 -999
0.685954769036622 0.583713694216408 -999 -999 -999 -999 -999 -999 -999 -999
0.311463541529758 0.218509574486786 -999 -999 -999 -999 -999 -999 -999 -999
0.00258168943362016 0.197776731296807 -999 -999 -999 -999 -999 -999 -999 -999
0.789355873935412 0.634769194945229 -999 -999 -999 -999 -999 -999 -999 -999
0.206197758880177 0.115213745079805 -999 -999 -999 -999 -999 -999 -999 -999
0.00444636718440919 0.250017059974965 -999 -999 -999 -999 -999 -999 -999 -999
0.758612236861667 0.442779758488886 -999 -999 -999 -999 -999 -999 -999 -999
0.23754033187177 0.448234493074131 -999 -999 -999 -999 -999 -999 -999 -999
0.00384743126656165 0.108985748436983 -999 -999 -999 -999 -999 -999 -999 -999
0.758747561668122 0.588670119134338 -999 -999 -999 -999 -999 -999 -999 -999
0.23747698791402 0.224106416187527 -999 -999 -999 -999 -999 -999 -999 -999
0.00377545041785584 0.187223464678134 -999 -999 -999 -999 -999 -999 -999 -999
0.791126064784996 0.652693278376151 -999 -999 -999 -999 -999 -999 -999 -999
0.204204076863044 0.11639862303633 -999 -999 -999 -999 -999 -999 -999 -999
0.00466985835195934 0.23090809858752 -999 -999 -999 -999 -999 -999 -999 -999
0.77563896351705 0.631675998147885 -999 -999 -999 -999 -999 -999 -999 -999
0.220251649707013 0.10023727489011 -999 -999 -999 -999 -999 -999 -999 -999
0.00410938677593717 0.268086726962005 -999 -999 -999 -999 -999 -999 -999 -999
0.864785871327079 0.628627257779569 -999 -999 -999 -999 -999 -999 -999 -999
0.127642903627195 0.112631246026427 -999 -999 -999 -999 -999 -999 -999 -999
0.00757122504572435 0.258741496194005 -999 -999 -999 -999 -999 -999 -999 -999
0.841382427497964 0.514141632487389 -999 -999 -999 -999 -999 -999 -999 -999
0.151188652090492 0.331402807729888 -999 -999 -999 -999 -999 -999 -999 -999
0.00742892041154342 0.154455559782723 -999 -999 -999 -999 -999 -999 -999 -999
0.760828383236049 0.578509852190882 -999 -999 -999 -999 -999 -999 -999 -999
0.235025282966547 0.225058621390878 -999 -999 -999 -999 -999 -999 -999 -999
0.00414633379740413 0.196431526418241 -999 -999 -999 -999 -999 -999 -999 -999
0.742173531541631 0.529742881651965 -999 -999 -999 -999 -999 -999 -999 -999
0.254304987151656 0.327693002208605 -999 -999 -999 -999 -999 -999 -999 -999
0.00352148130671282 0.14256411613943 -999 -999 -999 -999 -999 -999 -999 -999
0.814966051789712 0.658565295776726 -999 -999 -999 -999 -999 -999 -999 -999
0.180097064389412 0.113472455953629 -999 -999 -999 -999 -999 -999 -999 -999
0.00493688382087563 0.227962248269643 -999 -999 -999 -999 -999 -999 -999 -999
0.755064997270851 0.648652554532944 -999 -999 -999 -999 -999 -999 -999 -999
0.240939539807123 0.106481643354848 -999 -999 -999 -999 -999 -999 -999 -999
0.0039954629220257 0.244865802112207 -999 -999 -999 -999 -999 -999 -999 -999
0.759589092931318 0.510279867697845 -999 -999 -999 -999 -999 -999 -999 -999
0.236549966283077 0.33108035635279 -999 -999 -999 -999 -999 -999 -999 -999
0.00386094078560615 0.158639775949364 -999 -999 -999 -999 -999 -999 -999 -999
0.655083964028022 0.520660751438899 -999 -999 -999 -999 -999 -999 -999 -999
0.342188389757897 0.327562720626711 -999 -999 -999 -999 -999 -999 -999 -999
0.00272764621408207 0.15177652793439 -999 -999 -999 -999 -999 -999 -999 -999
0.856445772929533 0.636382851362694 -999 -999 -999 -999 -999 -999 -999 -999
0.134384509942879 0.109581638176393 -999 -999 -999 -999 -999 -999 -999 -999
0.00916971712758631 0.254035510460914 -999 -999 -999 -999 -999 -999 -999 -999
0.739517879409412 0.649124844785788 -999 -999 -999 -999 -999 -999 -999 -999
0.256915047041203 0.109842504792371 -999 -999 -999 -999 -999 -999 -999 -999
0.00356707354938437 0.241032650421842 -999 -999 -999 -999 -999 -999 -999 -999
0.739835672505977 0.522058701260244 -999 -999 -999 -999 -999 -999 -999 -999
0.256391904297763 0.320586207641282 -999 -999 -999 -999 -999 -999 -999 -999
0.00377242319626067 0.157355091098475 -999 -999 -999 -999 -999 -999 -999 -999
0.829452810128076 0.644038257174439 -999 -999 -999 -999 -999 -999 -999 -999
0.164920443445286 0.115940167534006 -999 -999 -999 -999 -999 -999 -999 -999
0.0056267464266379 0.240021575291556 -999 -999 -999 -999 -999 -999 -999 -999
0.831347253572475 0.643363464180153 -999 -999 -999 -999 -999 -999 -999 -999
0.162300193515514 0.111142958678162 -999 -999 -999 -999 -999 -999 -999 -999
0.00635255291201139 0.245493577141686 -999 -999 -999 -999 -999 -999 -999 -999
0.683771316158898 0.598989128966579 -999 -999 -999 -999 -999 -999 -999 -999
0.313616029859129 0.221148440812802 -999 -999 -999 -999 -999 -999 -999 -999
0.00261265398197179 0.179862430220619 -999 -999 -999 -999 -999 -999 -999 -999
0.803917279039901 0.530046370252158 -999 -999 -999 -999 -999 -999 -999 -999
0.191083117485602 0.325020531721986 -999 -999 -999 -999 -999 -999 -999 -999
0.00499960347449697 0.144933098025856 -999 -999 -999 -999 -999 -999 -999 -999
0.771625753174383 0.523499847514263 -999 -999 -999 -999 -999 -999 -999 -999
0.224296051994114 0.329245363589219 -999 -999 -999 -999 -999 -999 -999 -999
0.00407819483150259 0.147254788896518 -999 -999 -999 -999 -999 -999 -999 -999
0.695361209186819 0.61995355444917 -999 -999 -999 -999 -999 -999 -999 -999
0.30155600803849 0.109407539469148 -999 -999 -999 -999 -999 -999 -999 -999
0.00308278277469179 0.270638906081683 -999 -999 -999 -999 -999 -999 -999 -999
0.772812055723525 0.440036207226151 -999 -999 -999 -999 -999 -999 -999 -999
0.223514557888757 0.45119665247363 -999 -999 -999 -999 -999 -999 -999 -999
0.00367338638771659 0.108767140300217 -999 -999 -999 -999 -999 -999 -999 -999
0.824385714730918 0.590058392495774 -999 -999 -999 -999 -999 -999 -999 -999
0.170399022332359 0.224988507014217 -999 -999 -999 -999 -999 -999 -999 -999
0.00521526293672477 0.184953100490008 -999 -999 -999 -999 -999 -999 -999 -999
0.78586644759668 0.51693648632197 -999 -999 -999 -999 -999 -999 -999 -999
0.209715441157313 0.332247474297725 -999 -999 -999 -999 -999 -999 -999 -999
0.00441811124600774 0.150816039380306 -999 -999 -999 -999 -999 -999 -999 -999
0.749125287855267 0.460237827468555 -999 -999 -999 -999 -999 -999 -999 -999
0.24611146982759 0.435287167164129 -999 -999 -999 -999 -999 -999 -999 -999
0.00476324231714329 0.104475005367316 -999 -999 -999 -999 -999 -999 -999 -999
0.828251221991178 0.63590552235526 -999 -999 -999 -999 -999 -999 -999 -999
0.165271867155424 0.115823090315405 -999 -999 -999 -999 -999 -999 -999 -999
0.00647691085339881 0.248271387329336 -999 -999 -999 -999 -999 -999 -999 -999
0.718762179619617 0.650916737425911 -999 -999 -999 -999 -999 -999 -999 -999
0.277927125968599 0.113559835491535 -999 -999 -999 -999 -999 -999 -999 -999
0.0033106944117867 0.235523427082553 -999 -999 -999 -999 -999 -999 -999 -999
0.685431753830438 0.517187159418595 -999 -999 -999 -999 -999 -999 -999 -999
0.311827467967509 0.331010340848038 -999 -999 -999 -999 -999 -999 -999 -999
0.00274077820205411 0.151802499733366 -999 -999 -999 -999 -999 -999 -999 -999
0.645051313443115 0.662268920755904 -999 -999 -999 -999 -999 -999 -999 -999
0.352815172487032 0.111677279936838 -999 -999 -999 -999 -999 -999 -999 -999
0.00213351406985396 0.226053799307257 -999 -999 -999 -999 -999 -999 -999 -999
0.751035086977074 0.585425062201248 -999 -999 -999 -999 -999 -999 -999 -999
0.244810617889056 0.220165455054458 -999 -999 -999 -999 -999 -999 -999 -999
0.00415429513387112 0.194409482744294 -999 -999 -999 -999 -999 -999 -999 -999
0.724221505060717 0.639329126625686 -999 -999 -999 -999 -999 -999 -999 -999
0.272973186749239 0.113897724077946 -999 -999 -999 -999 -999 -999 -999 -999
0.00280530819004494 0.246773149296367 -999 -999 -999 -999 -999 -999 -999 -999
0.703533312118977 0.530882316945246 -999 -999 -999 -999 -999 -999 -999 -999
0.293430624282799 0.330389529936281 -999 -999 -999 -999 -999 -999 -999 -999
0.0030360635982242 0.138728153118474 -999 -999 -999 -999 -999 -999 -999 -999
0.762145288053074 0.445000106023439 -999 -999 -999 -999 -999 -999 -999 -999
0.233826791477111 0.433879235557416 -999 -999 -999 -999 -999 -999 -999 -999
0.00402792046981587 0.121120658419146 -999 -999 -999 -999 -999 -999 -999 -999
0.756755721204995 0.463012504877245 -999 -999 -999 -999 -999 -999 -999 -999
0.239588906000318 0.428248725260423 -999 -999 -999 -999 -999 -999 -999 -999
0.00365537279468915 0.108738769862331 -999 -999 -999 -999 -999 -999 -999 -999
0.730362430821079 0.432646648646501 -999 -999 -999 -999 -999 -999 -999 -999
0.265798694890611 0.451730370462394 -999 -999 -999 -999 -999 -999 -999 -999
0.00383887428830984 0.115622980891104 -999 -999 -999 -999 -999 -999 -999 -999
0.760074236708177 0.519589264534859 -999 -999 -999 -999 -999 -999 -999 -999
0.235752085923769 0.330576559265788 -999 -999 -999 -999 -999 -999 -999 -999
0.00417367736805643 0.149834176199354 -999 -999 -999 -999 -999 -999 -999 -999
0.707828445396833 0.436914217570213 -999 -999 -999 -999 -999 -999 -999 -999
0.289306183047411 0.446747422896137 -999 -999 -999 -999 -999 -999 -999 -999
0.0028653715557553 0.116338359533651 -999 -999 -999 -999 -999 -999 -999 -999
0.83366430685675 0.653119425434619 -999 -999 -999 -999 -999 -999 -999 -999
0.159926918591407 0.109629658614832 -999 -999 -999 -999 -999 -999 -999 -999
0.00640877455184474 0.237250915950547 -999 -999 -999 -999 -999 -999 -999 -999
0.810235344628596 0.656068188192963 -999 -999 -999 -999 -999 -999 -999 -999
0.183675591750759 0.111752671695809 -999 -999 -999 -999 -999 -999 -999 -999
0.00608906362064629 0.232179140111228 -999 -999 -999 -999 -999 -999 -999 -999
0.729318729569438 0.537258706502694 -999 -999 -999 -999 -999 -999 -999 -999
0.267297380933484 0.31770027836493 -999 -999 -999 -999 -999 -999 -999 -999
0.00338388949707705 0.145041015132376 -999 -999 -999 -999 -999 -999 -999 -999
0.796446782610294 0.437383114569737 -999 -999 -999 -999 -999 -999 -999 -999
0.198061888154582 0.448512808952625 -999 -999 -999 -999 -999 -999 -999 -999
0.00549132923512422 0.114104076477639 -999 -999 -999 -999 -999 -999 -999 -999
0.744583502799853 0.59877904034338 -999 -999 -999 -999 -999 -999 -999 -999
0.251479948332441 0.216472634026056 -999 -999 -999 -999 -999 -999 -999 -999
0.00393654886770607 0.184748325630564 -999 -999 -999 -999 -999 -999 -999 -999
0.872286999385638 0.591251922860782 -999 -999 -999 -999 -999 -999 -999 -999
0.119804369009752 0.222751834224802 -999 -999 -999 -999 -999 -999 -999 -999
0.00790863160460977 0.185996242914417 -999 -999 -999 -999 -999 -999 -999 -999
0.726727821001891 0.600498033246253 -999 -999 -999 -999 -999 -999 -999 -999
0.270000735161555 0.207625825277414 -999 -999 -999 -999 -999 -999 -999 -999
0.00327144383655368 0.191876141476333 -999 -999 -999 -999 -999 -999 -999 -999
0.721721095409558 0.526163508731235 -999 -999 -999 -999 -999 -999 -999 -999
0.274828439143773 0.333149910603641 -999 -999 -999 -999 -999 -999 -999 -999
0.00345046544667062 0.140686580665124 -999 -999 -999 -999 -999 -999 -999 -999
0.780313354688075 0.583238970441894 -999 -999 -999 -999 -999 -999 -999 -999
0.215157980443975 0.224664063286303 -999 -999 -999 -999 -999 -999 -999 -999
0.00452866486795214 0.192096966271803 -999 -999 -999 -999 -999 -999 -999 -999
0.790955632679453 0.586763432098481 -999 -999 -999 -999 -999 -999 -999 -999
0.204531370913725 0.209917112627852 -999 -999 -999 -999 -999 -999 -999 -999
0.00451299640682186 0.203319455273664 -999 -999 -999 -999 -999 -999 -999 -999
0.703913202854485 0.442811986598021 -999 -999 -999 -999 -999 -999 -999 -999
0.292927528655221 0.447443976600677 -999 -999 -999 -999 -999 -999 -999 -999
0.00315926849029459 0.109744036801303 -999 -999 -999 -999 -999 -999 -999 -999
0.733307870594516 0.591657366487502 -999 -999 -999 -999 -999 -999 -999 -999
0.263143153157891 0.226163783062337 -999 -999 -999 -999 -999 -999 -999 -999
0.00354897624759272 0.182178850450161 -999 -999 -999 -999 -999 -999 -999 -999
0.819882431645624 0.602337481183949 -999 -999 -999 -999 -999 -999 -999 -999
0.174760805009403 0.220854103730677 -999 -999 -999 -999 -999 -999 -999 -999
0.0053567633449727 0.176808415085375 -999 -999 -999 -999 -999 -999 -999 -999
0.791678958328302 0.585719781934636 -999 -999 -999 -999 -999 -999 -999 -999
0.203903969853519 0.218431258423515 -999 -999 -999 -999 -999 -999 -999 -999
0.00441707181818008 0.195848959641849 -999 -999 -999 -999 -999 -999 -999 -999
0.756913776924648 0.520325627756468 -999 -999 -999 -999 -999 -999 -999 -999
0.239339664217736 0.331040920044468 -999 -999 -999 -999 -999 -999 -999 -999
0.0037465588576158 0.148633452199064 -999 -999 -999 -999 -999 -999 -999 -999
0.707998414046562 0.650872508591524 -999 -999 -999 -999 -999 -999 -999 -999
0.289174589464213 0.108131080655869 -999 -999 -999 -999 -999 -999 -999 -999
0.00282699648922527 0.240996410752606 -999 -999 -999 -999 -999 -999 -999 -999
0.777935592054764 0.63511380124668 -999 -999 -999 -999 -999 -999 -999 -999
0.217701847329354 0.112019007738194 -999 -999 -999 -999 -999 -999 -999 -999
0.00436256061588229 0.252867191015125 -999 -999 -999 -999 -999 -999 -999 -999
0.80352220785608 0.575447777860359 -999 -999 -999 -999 -999 -999 -999 -999
0.191439824459603 0.229560803104525 -999 -999 -999 -999 -999 -999 -999 -999
0.00503796768431732 0.194991419035116 -999 -999 -999 -999 -999 -999 -999 -999
0.77449533258298 0.609126044112611 -999 -999 -999 -999 -999 -999 -999 -999
0.22137040099423 0.218008803453129 -999 -999 -999 -999 -999 -999 -999 -999
0.00413426642279179 0.172865152434261 -999 -999 -999 -999 -999 -999 -999 -999
0.741889091032325 0.640613666276082 -999 -999 -999 -999 -999 -999 -999 -999
0.254921103294068 0.116777416695083 -999 -999 -999 -999 -999 -999 -999 -999
0.00318980567360521 0.242608917028834 -999 -999 -999 -999 -999 -999 -999 -999
0.822503245953565 0.530978110680846 -999 -999 -999 -999 -999 -999 -999 -999
0.17133428942349 0.330840002640635 -999 -999 -999 -999 -999 -999 -999 -999
0.00616246462294349 0.138181886678519 -999 -999 -999 -999 -999 -999 -999 -999
0.804450278378065 0.655863069871254 -999 -999 -999 -999 -999 -999 -999 -999
0.190309436591139 0.110818596209478 -999 -999 -999 -999 -999 -999 -999 -999
0.00524028503079694 0.233318333919269 -999 -999 -999 -999 -999 -999 -999 -999
0.797325842525089 0.531574075691951 -999 -999 -999 -999 -999 -999 -999 -999
0.198301645483164 0.3236075424259 -999 -999 -999 -999 -999 -999 -999 -999
0.00437251199174768 0.144818381882149 -999 -999 -999 -999 -999 -999 -999 -999
0.816263224982239 0.660890610234993 -999 -999 -999 -999 -999 -999 -999 -999
0.178605636779542 0.112103870046992 -999 -999 -999 -999 -999 -999 -999 -999
0.00513113823821767 0.227005519718016 -999 -999 -999 -999 -999 -999 -999 -999
0.754809629365742 0.530977033286955 -999 -999 -999 -999 -999 -999 -999 -999
0.241203763256521 0.316171479079265 -999 -999 -999 -999 -999 -999 -999 -999
0.00398660737773777 0.15285148763378 -999 -999 -999 -999 -999 -999 -999 -999
0.677677419762161 0.583839739898651 -999 -999 -999 -999 -999 -999 -999 -999
0.319869455438893 0.228238253301479 -999 -999 -999 -999 -999 -999 -999 -999
0.00245312479894579 0.187922006799871 -999 -999 -999 -999 -999 -999 -999 -999
0.727130263277048 0.433872154074246 -999 -999 -999 -999 -999 -999 -999 -999
0.269575242148215 0.455174966548465 -999 -999 -999 -999 -999 -999 -999 -999
0.00329449457473714 0.11095287937729 -999 -999 -999 -999 -999 -999 -999 -999
0.81048141648638 0.509863494446393 -999 -999 -999 -999 -999 -999 -999 -999
0.184663422687178 0.347098957286827 -999 -999 -999 -999 -999 -999 -999 -999
0.00485516082644189 0.14303754826678 -999 -999 -999 -999 -999 -999 -999 -999
0.784253997922426 0.599348401396688 -999 -999 -999 -999 -999 -999 -999 -999
0.211636671369315 0.220406781978653 -999 -999 -999 -999 -999 -999 -999 -999
0.00410933070825868 0.180244816624659 -999 -999 -999 -999 -999 -999 -999 -999
0.744853278382846 0.58507502869271 -999 -999 -999 -999 -999 -999 -999 -999
0.251624424844168 0.219079857945166 -999 -999 -999 -999 -999 -999 -999 -999
0.00352229677298589 0.195845113362123 -999 -999 -999 -999 -999 -999 -999 -999
0.759862195091735 0.57857517023837 -999 -999 -999 -999 -999 -999 -999 -999
0.236513569163888 0.223312611848612 -999 -999 -999 -999 -999 -999 -999 -999
0.0036242357443798 0.198112217913017 -999 -999 -999 -999 -999 -999 -999 -999
0.80449819528646 0.577380520882766 -999 -999 -999 -999 -999 -999 -999 -999
0.190338521879729 0.225481551929155 -999 -999 -999 -999 -999 -999 -999 -999
0.00516328283380984 0.19713792718808 -999 -999 -999 -999 -999 -999 -999 -999
0.760613825547892 0.591968430004346 -999 -999 -999 -999 -999 -999 -999 -999
0.235621117892528 0.214350663077233 -999 -999 -999 -999 -999 -999 -999 -999
0.00376505655957882 0.193680906918421 -999 -999 -999 -999 -999 -999 -999 -999
0.674499246545682 0.639415136162967 -999 -999 -999 -999 -999 -999 -999 -999
0.323071933927116 0.111420456180298 -999 -999 -999 -999 -999 -999 -999 -999
0.00242881952720284 0.249164407656735 -999 -999 -999 -999 -999 -999 -999 -999
0.796760149361348 0.521776356848935 -999 -999 -999 -999 -999 -999 -999 -999
0.198024765073073 0.338113665971318 -999 -999 -999 -999 -999 -999 -999 -999
0.00521508556557895 0.140109977179745 -999 -999 -999 -999 -999 -999 -999 -999
0.759290442749842 0.64400953465067 -999 -999 -999 -999 -999 -999 -999 -999
0.236487136269307 0.113766788655766 -999 -999 -999 -999 -999 -999 -999 -999
0.00422242098085199 0.242223676693565 -999 -999 -999 -999 -999 -999 -999 -999
0.75109040108745 0.582355875280492 -999 -999 -999 -999 -999 -999 -999 -999
0.244938714198007 0.237914728467749 -999 -999 -999 -999 -999 -999 -999 -999
0.00397088471454099 0.179729396251758 -999 -999 -999 -999 -999 -999 -999 -999
0.746068845933055 0.572353005138601 -999 -999 -999 -999 -999 -999 -999 -999
0.25066566925253 0.233325827142134 -999 -999 -999 -999 -999 -999 -999 -999
0.00326548481441547 0.194321167719265 -999 -999 -999 -999 -999 -999 -999 -999
0.799253138849226 0.635321445094643 -999 -999 -999 -999 -999 -999 -999 -999
0.195854767580237 0.122736489776258 -999 -999 -999 -999 -999 -999 -999 -999
0.00489209357053748 0.2419420651291 -999 -999 -999 -999 -999 -999 -999 -999
0.684438058007764 0.510202914979203 -999 -999 -999 -999 -999 -999 -999 -999
0.312697336711404 0.346511843226007 -999 -999 -999 -999 -999 -999 -999 -999
0.00286460528083211 0.14328524179479 -999 -999 -999 -999 -999 -999 -999 -999
0.727018102597196 0.591058833436139 -999 -999 -999 -999 -999 -999 -999 -999
0.269511425562383 0.212542880823542 -999 -999 -999 -999 -999 -999 -999 -999
0.00347047184042036 0.196398285740318 -999 -999 -999 -999 -999 -999 -999 -999
0.677633443860374 0.446648908293692 -999 -999 -999 -999 -999 -999 -999 -999
0.319882853468327 0.439504982883848 -999 -999 -999 -999 -999 -999 -999 -999
0.00248370267129887 0.113846108822458 -999 -999 -999 -999 -999 -999 -999 -999
0.872133844176193 0.512037855338482 -999 -999 -999 -999 -999 -999 -999 -999
0.119247744024666 0.335456061303898 -999 -999 -999 -999 -999 -999 -999 -999
0.0086184117991387 0.152506083357619 -999 -999 -999 -999 -999 -999 -999 -999
0.691477132350099 0.584082369723021 -999 -999 -999 -999 -999 -999 -999 -999
0.305458882806865 0.224703775544876 -999 -999 -999 -999 -999 -999 -999 -999
0.00306398484303627 0.191213854732102 -999 -999 -999 -999 -999 -999 -999 -999
0.758973964265287 0.579359292111617 -999 -999 -999 -999 -999 -999 -999 -999
0.237016063003325 0.235369387729238 -999 -999 -999 -999 -999 -999 -999 -999
0.00400997273138756 0.185271320159145 -999 -999 -999 -999 -999 -999 -999 -999
0.609793662427832 0.586016518718487 -999 -999 -999 -999 -999 -999 -999 -999
0.388228107483971 0.219693300070647 -999 -999 -999 -999 -999 -999 -999 -999
0.00197823008819632 0.194290181210867 -999 -999 -999 -999 -999 -999 -999 -999
0.701318630807721 0.499457580655255 -999 -999 -999 -999 -999 -999 -999 -999
0.295899291977458 0.335940955116323 -999 -999 -999 -999 -999 -999 -999 -999
0.00278207721482178 0.164601464228422 -999 -999 -999 -999 -999 -999 -999 -999
0.785760106530436 0.638133482859457 -999 -999 -999 -999 -999 -999 -999 -999
0.209372369593016 0.108814733363803 -999 -999 -999 -999 -999 -999 -999 -999
0.00486752387654759 0.25305178377674 -999 -999 -999 -999 -999 -999 -999 -999
0.759952478491546 0.582686490982573 -999 -999 -999 -999 -999 -999 -999 -999
0.236244495202747 0.227147149989992 -999 -999 -999 -999 -999 -999 -999 -999
0.00380302630570856 0.190166359027435 -999 -999 -999 -999 -999 -999 -999 -999
0.7970464305477 0.587552515740865 -999 -999 -999 -999 -999 -999 -999 -999
0.198655525884692 0.220446143951541 -999 -999 -999 -999 -999 -999 -999 -999
0.00429804356760755 0.192001340307596 -999 -999 -999 -999 -999 -999 -999 -999
0.792326339521495 0.602767192256869 -999 -999 -999 -999 -999 -999 -999 -999
0.20272539914023 0.212852001398584 -999 -999 -999 -999 -999 -999 -999 -999
0.00494826133827327 0.184380806344547 -999 -999 -999 -999 -999 -999 -999 -999
0.749654191420403 0.523756108382002 -999 -999 -999 -999 -999 -999 -999 -999
0.246817136389493 0.335468540407854 -999 -999 -999 -999 -999 -999 -999 -999
0.00352867219010472 0.140775351210145 -999 -999 -999 -999 -999 -999 -999 -999
0.718425274314396 0.603562156873259 -999 -999 -999 -999 -999 -999 -999 -999
0.278526395172353 0.218296729490655 -999 -999 -999 -999 -999 -999 -999 -999
0.00304833051325184 0.178141113636086 -999 -999 -999 -999 -999 -999 -999 -999
0.801830431878606 0.593910352218791 -999 -999 -999 -999 -999 -999 -999 -999
0.192320987505031 0.217618694643812 -999 -999 -999 -999 -999 -999 -999 -999
0.00584858061636362 0.188470953137397 -999 -999 -999 -999 -999 -999 -999 -999
0.764296188897235 0.61057530884462 -999 -999 -999 -999 -999 -999 -999 -999
0.231518722117995 0.222069455218638 -999 -999 -999 -999 -999 -999 -999 -999
0.00418508898477109 0.167355235936741 -999 -999 -999 -999 -999 -999 -999 -999
0.778801505678914 0.590610817918866 -999 -999 -999 -999 -999 -999 -999 -999
0.216313927847564 0.21685361332867 -999 -999 -999 -999 -999 -999 -999 -999
0.00488456647352251 0.192535568752463 -999 -999 -999 -999 -999 -999 -999 -999
0.768156434961758 0.504408138290589 -999 -999 -999 -999 -999 -999 -999 -999
0.228306455448261 0.339906915608288 -999 -999 -999 -999 -999 -999 -999 -999
0.00353710958998169 0.155684946101124 -999 -999 -999 -999 -999 -999 -999 -999
0.829580761456066 0.448496856234307 -999 -999 -999 -999 -999 -999 -999 -999
0.165087788719081 0.440736981844392 -999 -999 -999 -999 -999 -999 -999 -999
0.00533144982485171 0.1107661619213 -999 -999 -999 -999 -999 -999 -999 -999
0.788404933350127 0.500676234485709 -999 -999 -999 -999 -999 -999 -999 -999
0.206560031982652 0.344098400644118 -999 -999 -999 -999 -999 -999 -999 -999
0.00503503466721947 0.155225364870174 -999 -999 -999 -999 -999 -999 -999 -999
0.678801646021541 0.590351955012914 -999 -999 -999 -999 -999 -999 -999 -999
0.318579645589215 0.21931478915049 -999 -999 -999 -999 -999 -999 -999 -999
0.00261870838924479 0.190333255836596 -999 -999 -999 -999 -999 -999 -999 -999
0.746396417778652 0.591494871616867 -999 -999 -999 -999 -999 -999 -999 -999
0.249580756819712 0.232834744871302 -999 -999 -999 -999 -999 -999 -999 -999
0.00402282540163678 0.175670383511831 -999 -999 -999 -999 -999 -999 -999 -999
0.736889559384103 0.5927244686338 -999 -999 -999 -999 -999 -999 -999 -999
0.259690903810884 0.210985453941917 -999 -999 -999 -999 -999 -999 -999 -999
0.00341953680501217 0.196290077424283 -999 -999 -999 -999 -999 -999 -999 -999
0.751124215314584 0.446732468131269 -999 -999 -999 -999 -999 -999 -999 -999
0.245386293863296 0.447372588106244 -999 -999 -999 -999 -999 -999 -999 -999
0.00348949082211996 0.105894943762488 -999 -999 -999 -999 -999 -999 -999 -999
0.76921546518303 0.585741317892008 -999 -999 -999 -999 -999 -999 -999 -999
0.226201428413837 0.214652977398827 -999 -999 -999 -999 -999 -999 -999 -999
0.00458310640313143 0.199605704709165 -999 -999 -999 -999 -999 -999 -999 -999
0.675165302679785 0.518460380163011 -999 -999 -999 -999 -999 -999 -999 -999
0.322086672458325 0.3356314445064 -999 -999 -999 -999 -999 -999 -999 -999
0.00274802486188988 0.14590817533059 -999 -999 -999 -999 -999 -999 -999 -999
0.760201079013958 0.580756957231334 -999 -999 -999 -999 -999 -999 -999 -999
0.236018116497567 0.220702297784613 -999 -999 -999 -999 -999 -999 -999 -999
0.00378080448847404 0.198540744984053 -999 -999 -999 -999 -999 -999 -999 -999
0.733977891649789 0.589007592259 -999 -999 -999 -999 -999 -999 -999 -999
0.262432287676664 0.225566763906139 -999 -999 -999 -999 -999 -999 -999 -999
0.00358982067354713 0.185425643834862 -999 -999 -999 -999 -999 -999 -999 -999
0.808174018037327 0.655638711240533 -999 -999 -999 -999 -999 -999 -999 -999
0.186979031151347 0.116370002905859 -999 -999 -999 -999 -999 -999 -999 -999
0.00484695081132466 0.227991285853608 -999 -999 -999 -999 -999 -999 -999 -999
0.7805271859517 0.591762603297327 -999 -999 -999 -999 -999 -999 -999 -999
0.215442997034569 0.221000747775327 -999 -999 -999 -999 -999 -999 -999 -999
0.00402981701372933 0.187236648927345 -999 -999 -999 -999 -999 -999 -999 -999
0.830243225357062 0.433707938669589 -999 -999 -999 -999 -999 -999 -999 -999
0.163259496027345 0.447810566008431 -999 -999 -999 -999 -999 -999 -999 -999
0.00649727861559267 0.11848149532198 -999 -999 -999 -999 -999 -999 -999 -999
0.806658877621592 0.594140238313407 -999 -999 -999 -999 -999 -999 -999 -999
0.188279809062928 0.221198521628662 -999 -999 -999 -999 -999 -999 -999 -999
0.00506131331548123 0.184661240057931 -999 -999 -999 -999 -999 -999 -999 -999
0.736836814723105 0.579240695099622 -999 -999 -999 -999 -999 -999 -999 -999
0.258978228070248 0.215828857752576 -999 -999 -999 -999 -999 -999 -999 -999
0.00418495720664702 0.204930447147801 -999 -999 -999 -999 -999 -999 -999 -999
0.760839395058022 0.655444876893879 -999 -999 -999 -999 -999 -999 -999 -999
0.234867950914916 0.106769181746337 -999 -999 -999 -999 -999 -999 -999 -999
0.00429265402706016 0.237785941359785 -999 -999 -999 -999 -999 -999 -999 -999
0.712483204224877 0.567180728755233 -999 -999 -999 -999 -999 -999 -999 -999
0.284084596111203 0.231824929833179 -999 -999 -999 -999 -999 -999 -999 -999
0.0034321996639222 0.200994341411588 -999 -999 -999 -999 -999 -999 -999 -999
0.722391819434053 0.586830320299387 -999 -999 -999 -999 -999 -999 -999 -999
0.27446419891095 0.219344865317697 -999 -999 -999 -999 -999 -999 -999 -999
0.00314398165499684 0.193824814382916 -999 -999 -999 -999 -999 -999 -999 -999
0.778957645362762 0.658024200375154 -999 -999 -999 -999 -999 -999 -999 -999
0.216522999372045 0.110526695330423 -999 -999 -999 -999 -999 -999 -999 -999
0.00451935526519253 0.231449104294423 -999 -999 -999 -999 -999 -999 -999 -999
0.705137382349278 0.509237292051823 -999 -999 -999 -999 -999 -999 -999 -999
0.291692356285007 0.341160572109058 -999 -999 -999 -999 -999 -999 -999 -999
0.00317026136571441 0.149602135839119 -999 -999 -999 -999 -999 -999 -999 -999
0.704764953256381 0.440981701052792 -999 -999 -999 -999 -999 -999 -999 -999
0.29220806066375 0.450781154730268 -999 -999 -999 -999 -999 -999 -999 -999
0.00302698607986944 0.10823714421694 -999 -999 -999 -999 -999 -999 -999 -999
0.659758402022864 0.429663606578378 -999 -999 -999 -999 -999 -999 -999 -999
0.337802882630146 0.45871745515853 -999 -999 -999 -999 -999 -999 -999 -999
0.00243871534698979 0.111618938263091 -999 -999 -999 -999 -999 -999 -999 -999
0.827825201279398 0.513366907102156 -999 -999 -999 -999 -999 -999 -999 -999
0.166707195715149 0.343059036619792 -999 -999 -999 -999 -999 -999 -999 -999
0.00546760300545454 0.143574056278052 -999 -999 -999 -999 -999 -999 -999 -999
0.832470994065593 0.520273800933741 -999 -999 -999 -999 -999 -999 -999 -999
0.161372958893657 0.332090588573709 -999 -999 -999 -999 -999 -999 -999 -999
0.00615604704075128 0.14763561049255 -999 -999 -999 -999 -999 -999 -999 -999
0.722908532593226 0.460266865571669 -999 -999 -999 -999 -999 -999 -999 -999
0.273751787761602 0.435370050887589 -999 -999 -999 -999 -999 -999 -999 -999
0.00333967964517308 0.104363083540743 -999 -999 -999 -999 -999 -999 -999 -999
0.769696106059605 0.586357746721774 -999 -999 -999 -999 -999 -999 -999 -999
0.225438653746029 0.22283372665449 -999 -999 -999 -999 -999 -999 -999 -999
0.00486524019436502 0.190808526623736 -999 -999 -999 -999 -999 -999 -999 -999
0.732069278689368 0.580020254655638 -999 -999 -999 -999 -999 -999 -999 -999
0.26436645242878 0.223804843147371 -999 -999 -999 -999 -999 -999 -999 -999
0.00356426888185304 0.196174902196992 -999 -999 -999 -999 -999 -999 -999 -999
0.686242768042613 0.60255743845554 -999 -999 -999 -999 -999 -999 -999 -999
0.311126305046312 0.218629452697586 -999 -999 -999 -999 -999 -999 -999 -999
0.00263092691107484 0.178813108846875 -999 -999 -999 -999 -999 -999 -999 -999
0.772851978875102 0.593943958828965 -999 -999 -999 -999 -999 -999 -999 -999
0.222594990642796 0.216922991973979 -999 -999 -999 -999 -999 -999 -999 -999
0.00455303048210233 0.189133049197055 -999 -999 -999 -999 -999 -999 -999 -999
0.734709872184563 0.648292933400205 -999 -999 -999 -999 -999 -999 -999 -999
0.262098613099468 0.1072919445494 -999 -999 -999 -999 -999 -999 -999 -999
0.00319151471597017 0.244415122050395 -999 -999 -999 -999 -999 -999 -999 -999
0.780838334460765 0.655168484254273 -999 -999 -999 -999 -999 -999 -999 -999
0.214283378341028 0.112252782559557 -999 -999 -999 -999 -999 -999 -999 -999
0.00487828719820648 0.23257873318617 -999 -999 -999 -999 -999 -999 -999 -999
0.739903634197111 0.515908613251776 -999 -999 -999 -999 -999 -999 -999 -999
0.256169039480938 0.340682820596846 -999 -999 -999 -999 -999 -999 -999 -999
0.0039273263219503 0.143408566151379 -999 -999 -999 -999 -999 -999 -999 -999
0.816776936848638 0.581750221066765 -999 -999 -999 -999 -999 -999 -999 -999
0.17732764211592 0.229152141639186 -999 -999 -999 -999 -999 -999 -999 -999
0.00589542103544166 0.18909763729405 -999 -999 -999 -999 -999 -999 -999 -999
0.786758123477449 0.588095623455628 -999 -999 -999 -999 -999 -999 -999 -999
0.208955299289587 0.225825753990066 -999 -999 -999 -999 -999 -999 -999 -999
0.00428657723296494 0.186078622554307 -999 -999 -999 -999 -999 -999 -999 -999
0.756331122825212 0.640958594054687 -999 -999 -999 -999 -999 -999 -999 -999
0.239928728533664 0.111598801678309 -999 -999 -999 -999 -999 -999 -999 -999
0.0037401486411255 0.247442604267004 -999 -999 -999 -999 -999 -999 -999 -999
0.730076745528799 0.515039478006602 -999 -999 -999 -999 -999 -999 -999 -999
0.266654575853164 0.328562234916351 -999 -999 -999 -999 -999 -999 -999 -999
0.00326867861803771 0.156398287077048 -999 -999 -999 -999 -999 -999 -999 -999
0.679132298707436 0.448261499293144 -999 -999 -999 -999 -999 -999 -999 -999
0.318208906489324 0.448178979133459 -999 -999 -999 -999 -999 -999 -999 -999
0.00265879480324128 0.103559521573397 -999 -999 -999 -999 -999 -999 -999 -999
0.819631374566981 0.526852948088307 -999 -999 -999 -999 -999 -999 -999 -999
0.174598452371358 0.332655890204942 -999 -999 -999 -999 -999 -999 -999 -999
0.00577017306166157 0.140491161706752 -999 -999 -999 -999 -999 -999 -999 -999
0.686716918255342 0.432012300990887 -999 -999 -999 -999 -999 -999 -999 -999
0.310624539429755 0.456414371972461 -999 -999 -999 -999 -999 -999 -999 -999
0.00265854231490306 0.111573327036652 -999 -999 -999 -999 -999 -999 -999 -999
0.641560699208477 0.521222382377288 -999 -999 -999 -999 -999 -999 -999 -999
0.356292892965047 0.336654438054357 -999 -999 -999 -999 -999 -999 -999 -999
0.00214640782647407 0.142123179568354 -999 -999 -999 -999 -999 -999 -999 -999
0.753272675250647 0.653506801057062 -999 -999 -999 -999 -999 -999 -999 -999
0.242021317826614 0.104591254325515 -999 -999 -999 -999 -999 -999 -999 -999
0.00470600692274042 0.241901944617423 -999 -999 -999 -999 -999 -999 -999 -999
0.724128521777212 0.521507238350562 -999 -999 -999 -999 -999 -999 -999 -999
0.272373916482761 0.334423298693748 -999 -999 -999 -999 -999 -999 -999 -999
0.00349756174002759 0.14406946295569 -999 -999 -999 -999 -999 -999 -999 -999
0.76843006282768 0.520973538066507 -999 -999 -999 -999 -999 -999 -999 -999
0.226937078974201 0.32940518404101 -999 -999 -999 -999 -999 -999 -999 -999
0.00463285819811962 0.149621277892483 -999 -999 -999 -999 -999 -999 -999 -999
0.647865574783484 0.502711183206177 -999 -999 -999 -999 -999 -999 -999 -999
0.349653975156564 0.350493257014942 -999 -999 -999 -999 -999 -999 -999 -999
0.0024804500599499 0.14679555977888 -999 -999 -999 -999 -999 -999 -999 -999
0.660107873356672 0.501707660451235 -999 -999 -999 -999 -999 -999 -999 -999
0.337718263062574 0.346822500750413 -999 -999 -999 -999 -999 -999 -999 -999
0.0021738635807544 0.151469838798351 -999 -999 -999 -999 -999 -999 -999 -999
0.618371978370289 0.521736348198619 -999 -999 -999 -999 -999 -999 -999 -999
0.379577241508757 0.336976874743321 -999 -999 -999 -999 -999 -999 -999 -999
0.00205078012095513 0.14128677705806 -999 -999 -999 -999 -999 -999 -999 -999
0.792967222983263 0.592087226966592 -999 -999 -999 -999 -999 -999 -999 -999
0.201873645944595 0.22135649735331 -999 -999 -999 -999 -999 -999 -999 -999
0.00515913107214123 0.186556275680099 -999 -999 -999 -999 -999 -999 -999 -999
0.716290770674867 0.590892584289784 -999 -999 -999 -999 -999 -999 -999 -999
0.280443111376211 0.215952368514125 -999 -999 -999 -999 -999 -999 -999 -999
0.00326611794892122 0.193155047196091 -999 -999 -999 -999 -999 -999 -999 -999
0.721233788652589 0.52264269327797 -999 -999 -999 -999 -999 -999 -999 -999
0.275966019865175 0.326528125971142 -999 -999 -999 -999 -999 -999 -999 -999
0.00280019148223565 0.150829180750888 -999 -999 -999 -999 -999 -999 -999 -999
0.723010194167336 0.588166245080727 -999 -999 -999 -999 -999 -999 -999 -999
0.273323496212923 0.218083105988458 -999 -999 -999 -999 -999 -999 -999 -999
0.00366630961974081 0.193750648930816 -999 -999 -999 -999 -999 -999 -999 -999
0.703515474489804 0.423477527141289 -999 -999 -999 -999 -999 -999 -999 -999
0.2935222344717 0.460409216882888 -999 -999 -999 -999 -999 -999 -999 -999
0.00296229103849435 0.116113255975822 -999 -999 -999 -999 -999 -999 -999 -999
0.670929735687614 0.45081970873705 -999 -999 -999 -999 -999 -999 -999 -999
0.326781010473643 0.436488908186305 -999 -999 -999 -999 -999 -999 -999 -999
0.0022892538387426 0.112691383076644 -999 -999 -999 -999 -999 -999 -999 -999
0.71476935584733 0.59543271892294 -999 -999 -999 -999 -999 -999 -999 -999
0.281988622331567 0.218476067347046 -999 -999 -999 -999 -999 -999 -999 -999
0.00324202182110315 0.186091213730014 -999 -999 -999 -999 -999 -999 -999 -999
0.79017214231164 0.515130502143571 -999 -999 -999 -999 -999 -999 -999 -999
0.205428465387356 0.328609865537893 -999 -999 -999 -999 -999 -999 -999 -999
0.00439939230100347 0.156259632318536 -999 -999 -999 -999 -999 -999 -999 -999
0.714103307789522 0.44120911000319 -999 -999 -999 -999 -999 -999 -999 -999
0.282837992681041 0.448437349862958 -999 -999 -999 -999 -999 -999 -999 -999
0.00305869952943969 0.110353540133853 -999 -999 -999 -999 -999 -999 -999 -999
0.75713394298137 0.621044449227993 -999 -999 -999 -999 -999 -999 -999 -999
0.238975075576566 0.11035826537948 -999 -999 -999 -999 -999 -999 -999 -999
0.00389098144206392 0.268597285392526 -999 -999 -999 -999 -999 -999 -999 -999
0.736933656147565 0.435706780868324 -999 -999 -999 -999 -999 -999 -999 -999
0.259556158853891 0.457048254138911 -999 -999 -999 -999 -999 -999 -999 -999
0.00351018499854332 0.107244964992766 -999 -999 -999 -999 -999 -999 -999 -999
0.77426053787226 0.579399670313826 -999 -999 -999 -999 -999 -999 -999 -999
0.221490061758894 0.218191160927771 -999 -999 -999 -999 -999 -999 -999 -999
0.00424940036884602 0.202409168758402 -999 -999 -999 -999 -999 -999 -999 -999
0.63399370847031 0.523955138024133 -999 -999 -999 -999 -999 -999 -999 -999
0.363855247768583 0.335343113868944 -999 -999 -999 -999 -999 -999 -999 -999
0.00215104376110636 0.140701748106922 -999 -999 -999 -999 -999 -999 -999 -999
0.782528094660111 0.514504579854341 -999 -999 -999 -999 -999 -999 -999 -999
0.213275766273214 0.328394214402747 -999 -999 -999 -999 -999 -999 -999 -999
0.00419613906667414 0.157101205742913 -999 -999 -999 -999 -999 -999 -999 -999
0.807051071240449 0.575396489948705 -999 -999 -999 -999 -999 -999 -999 -999
0.187949214277924 0.22725158704203 -999 -999 -999 -999 -999 -999 -999 -999
0.00499971448162576 0.197351923009264 -999 -999 -999 -999 -999 -999 -999 -999
0.704972726899595 0.592969339949589 -999 -999 -999 -999 -999 -999 -999 -999
0.292057470234451 0.211913608528666 -999 -999 -999 -999 -999 -999 -999 -999
0.00296980286595541 0.195117051521745 -999 -999 -999 -999 -999 -999 -999 -999
0.656382287476727 0.50308388962173 -999 -999 -999 -999 -999 -999 -999 -999
0.34114395024926 0.344102797199065 -999 -999 -999 -999 -999 -999 -999 -999
0.0024737622740123 0.152813313179203 -999 -999 -999 -999 -999 -999 -999 -999
-999 -999 -999 -999 -999 -999 -999 -999 -999 -999
-999 -999 -999 -999 -999 -999 -999 -999 -999 -999
-999 -999 -999 -999 -999 -999 -999 -999 -999 -999
-999 -999 -999 -999 -999 -999 -999 -999 -999 -999
-999 -999 -999 -999 -999 -999 -999 -999 -999 -999
-999 -999 -999 -999 -999 -999 -999 -999 -999 -999
