364
290
204
114
54
35
35
33
24
21
22
22
21
21
18
22
17
17
18
19
16
18
17
21
16
16
17
19
16
17
21
18
16
16
16
18
17
19
17
16
19
18
20
18
19
18
17
16
16
16
16
19
18
17
17
17
18
17
18
18
17
18
16
17
22
20
15
15
17
16
18
17
17
19
19
20
17
19
18
19
19
17
17
16
19
19
20
19
17
16
18
18
19
17
18
17
20
17
17
21
34
23
33
19
25
22
15
26
22
28
28
21
21
17
16
17
15
19
17
12
20
11
10
19
16
13
14
14
16
21
18
23
11
9
21
22
18
15
14
17
23
16
23
25
19
20
23
14
17
11
13
15
14
18
12
15
18
31
13
17
11
13
16
17
17
24
16
12
25
16
17
23
12
17
17
19
15
24
14
15
25
28
9
13
15
17
16
14
21
27
18
15
9
17
14
20
22
13
22
18
10
9
12
12
17
17
16
20
17
20
14
15
12
17
18
16
13
16
18
13
18
18
22
19
21
18
15
11
15
9
22
16
17
14
12
18
14
15
21
17
18
18
15
11
25
18
14
15
13
9
19
19
11
21
19
12
16
20
16
18
26
16
15
22
23
13
26
21
21
17
22
14
15
12
13
16
18
25
11
16
17
15
17
18
11
24
19
15
13
19
13
16
14
18
12
16
26
13
10
15
11
15
18
16
17
11
11
18
23
18
14
15
12
25
17
22
20
11
29
14
11
10
19
13
15
18
12
16
19
10
10
15
20
17
21
11
13
12
17
18
20
16
12
20
18
23
21
27
19
13
9
11
14
16
17
10
18
13
19
12
14
16
15
11
13
19
17
24
19
11
14
16
15
19
17
15
15
17
12
16
27
27
9
13
14
13
17
14
16
14
11
13
18
21
19
24
17
15
11
15
14
21
11
9
18
13
20
12
14
12
13
13
17
21
15
11
10
20
12
13
23
20
12
20
19
13
12
16
18
19
14
18
19
15
11
13
19
13
16
24
18
11
17
15
13
15
12
17
9
13
17
15
23
14
16
10
28
23
15
17
13
12
16
12
20
17
21
14
11
15
17
14
11
12
22
17
18
13
17
21
12
8
18
25
12
22
28
17
17
11
17
19
13
12
13
18
27
18
15
16
21
9
16
13
11
19
11
20
16
23
18
16
23
14
21
15
18
20
18
13
18
12
17
14
20
15
13
17
12
17
19
17
18
14
15
15
16
15
12
23
20
20
17
14
27
16
24
12
15
14
16
25
23
12
19
13
13
22
15
20
16
16
10
22
18
21
14
15
17
18
13
11
20
17
13
17
18
16
14
20
22
17
17
19
16
15
14
26
20
20
16
14
15
15
12
13
19
16
13
14
13
14
11
12
15
14
21
15
15
11
13
16
19
18
10
16
24
16
28
15
23
20
13
16
19
11
13
11
13
18
13
12
15
21
29
17
16
15
19
15
16
13
28
21
13
15
18
15
21
15
28
19
25
17
9
13
12
12
16
18
10
23
15
15
13
13
20
13
19
21
19
17
14
16
15
25
17
19
15
11
12
12
16
15
17
17
12
13
15
15
18
12
18
14
13
28
14
21
16
17
9
14
10
18
19
16
12
21
12
11
12
20
19
16
14
16
11
15
18
16
17
27
17
15
14
16
17
22
21
15
15
14
17
14
11
15
15
21
20
9
12
11
11
13
11
10
11
12
18
12
24
17
14
16
11
12
21
25
15
23
15
22
18
11
22
20
22
20
12
13
15
23
25
10
14
19
14
21
20
22
12
16
19
16
13
13
9
15
19
18
25
13
13
14
23
13
15
18
16
15
22
24
19
14
12
13
12
14
13
17
13
12
15
22
18
16
22
13
22
14
14
13
17
16
18
10
14
18
15
16
12
12
13
15
17
14
14
13
14
10
19
14
23
12
18
16
20
15
26
13
12
10
28
13
12
13
16
15
15
16
18
9
11
10
14
27
14
25
15
11
16
13
20
12
16
16
16
18
13
21
18
17
19
21
16
14
20
12
23
20
15
21
14
16
17
16
18
16
21
13
15
10
20
12
28
11
13
20
17
17
19
33
17
13
15
15
13
12
13
16
14
12
9
14
15
23
14
13
10
10
15
17
14
14
30
10
16
29
19
11
14
16
21
10
14
17
20
23
18
13
19
13
16
18
18
14
15
10
15
22
17
11
30
10
20
18
20
12
23
16
11
18
16
16
28
33
13
19
15
18
23
13
19
20
12
18
18
13
14
14
16
16
14
17
10
15
13
24
16
20
