0.578771212486841 0.755276936640871
0.366776230584582 0.215459349974878
0.0544525569285831 0.0292637133842507
0.49694698551508 0.217922846692015
0.499293038284765 0.723457446170025
0.0037599762001537 0.0586197071379554
0.685236351339998 0.703588784316521
0.289463068973617 0.256834587844402
0.0253005796863769 0.0395766278390761
0.536609207652632 0.381664791264294
0.418620159847933 0.603901002097347
0.0447706324994398 0.0144342066383678
0.490146868776567 0.343231238129539
0.490090868686121 0.61443393130152
0.0197622625373115 0.0423348305689253
0.319477937782858 0.276871860525666
0.676597679345903 0.712314132295318
0.00392438287123387 0.0108140071790191
0.60695994357003 0.569277655125505
0.372337752062896 0.422972840453673
0.0207023043670596 0.00774950442082025
0.446915552106687 0.479844747956122
0.529302034963226 0.508446249580349
0.0237824129300831 0.0117090024635218
0.74571016238998 0.692472804364687
0.214531483327239 0.234554376376366
0.0397583542827711 0.0729728192589362
0.706472720649241 0.702298643012617
0.284896862444293 0.275716213582078
0.00863041690645951 0.0219851434053129
0.403931194288077 0.417394436106122
0.591720441726681 0.572859944306682
0.00434836398524895 0.00974561958720438
0.451865074699864 0.447891394051757
0.525743861317678 0.527159540112577
0.0223910639824586 0.0249490658356603
0.60121721963128 0.493387385020483
0.383571366142348 0.471168318892979
0.0152114142263736 0.0354442960865339
0.639953948833235 0.605695056144229
0.347515160263036 0.389876104943086
0.0125308909037383 0.00442883891266756
0.480655776466434 0.493777800752697
0.5073403925648 0.493631983660279
0.0120038309687665 0.0125902155870198
0.622841994679291 0.572710629912778
0.373456394714765 0.426186844234719
0.0037016106059332 0.00110252585249616
0.400122656647602 0.429135733220144
0.588446673705972 0.545683100195167
0.0114306696464236 0.0251811665846848
0.481655944563441 0.339153369762925
0.502496943885148 0.658779354762205
0.0158471115514156 0.00206727547486812
0.468391867970866 0.442525322722003
0.519066707329333 0.481964692764578
0.01254142469979 0.0755099845134235
0.603412986743979 0.617983534192649
0.376620726402033 0.361323287869344
0.0199662868539928 0.0206931779380145
0.345315464274613 0.383672089864091
0.610865285432183 0.603763430882581
0.0438192502932 0.0125644792533196
0.377619619504226 0.559228435600744
0.579993867535904 0.434467493629944
0.0423865129598768 0.00630407076930242
0.589595818500823 0.572441035850529
0.381866958342988 0.412428699866304
0.0285372231561778 0.01513026428318
0.273277763555141 0.399194884313357
0.687259356782066 0.551291983640336
0.0394628796628041 0.0495131320463146
0.42423485371461 0.564769973936292
0.514164205727823 0.43116853721744
0.0616009405575593 0.00406148884627276
0.377148250630418 0.337266473911996
0.570429270024648 0.618818599245185
0.052422479344933 0.0439149268428121
0.591384887096623 0.548559713239184
0.391116987138332 0.435204753110899
0.017498125765055 0.0162355336499082
0.448086790877202 0.448377043521718
0.49687976669027 0.480264860302554
0.0550334424325222 0.0713580961757306
0.532644834526861 0.571494407841211
0.464527810988097 0.397133901124654
0.00282735448505964 0.0313716910341455
0.445077229955169 0.411791575993225
0.51667372209617 0.580820430317984
0.0382490479486676 0.00738799368879484
0.375512874997583 0.332549633476164
0.575735325389361 0.643000560008603
0.0487517996130484 0.024449806515225
0.501840088487825 0.329426659581378
0.491323711062929 0.634741486231815
0.00683620044924842 0.0358318541867961
0.578932942090545 0.648672358446262
0.392360922751118 0.348173861599891
0.0287061351583385 0.00315377995385209
0.551539972195148 0.572913164449062
0.442261367611727 0.423536743380964
0.00619866019310951 0.00355009216997759
0.330011138500135 0.313210718828997
0.595786882714279 0.679432604531141
0.0742019787855814 0.00735667663987035
0.589414347615544 0.604044690220575
0.336700520813141 0.386910527129311
0.0738851315713286 0.00904478265012212
0.657952636324239 0.75232665317277
0.334390543257051 0.186548444863161
0.00765682041871708 0.0611249019640545
0.492940521554787 0.526503477286492
0.493005426027122 0.422228430134504
0.0140540524180916 0.051268092579022
0.296048860436029 0.511271819371014
0.690832357759976 0.479134975955275
0.0131187818039914 0.00959320467372234
0.328799435861051 0.508649053952314
0.645436879901013 0.485730454976211
0.0257636842379331 0.00562049107146269
0.576764434976992 0.668887962561019
0.415922938484567 0.298286901859094
0.00731262653845224 0.0328251355798885
0.596267795031212 0.609778778438283
0.381880018394098 0.385272150999773
0.0218521865746983 0.00494907056194452
0.424426347818439 0.51884458464184
0.500486141620726 0.46988008923239
0.0750875105608416 0.0112753261257714
0.39531740565496 0.508775883291999
0.586685935162904 0.478235619003742
0.0179966591821436 0.0129884977042629
0.503439751789415 0.601300520385165
0.480843798643278 0.359363805594682
0.0157164495673019 0.0393356740201574
0.560360098716972 0.650151804886945
0.412934301285491 0.325554295053395
0.0267055999975272 0.0242939000596569
0.57456053689269 0.606846755017783
0.407540645472316 0.388859615351123
0.0178988176350004 0.00429362963109702
0.382935439240176 0.452723415106804
0.600875411498395 0.523671792594241
0.0161891492614372 0.023604792298961
0.471447652023637 0.25869875997575
0.517624178378884 0.738611011904835
0.0109281695974779 0.00269022811939862
0.444278056822819 0.550431293600285
0.517606508576154 0.430175221485192
0.038115434601024 0.0193934849145222
0.452847333902748 0.368141214424605
0.503270713350829 0.623014630156785
0.0438819527464365 0.00884415541861182
0.469539220603959 0.56220388178342
0.506714773971436 0.423957228509705
0.0237460054246149 0.0138388897068788
0.583480558201644 0.398171507113641
0.402095373201484 0.517063548539834
0.0144240685968633 0.0847649443465368
0.358030073423358 0.451434398265591
0.628296980180025 0.534964347891104
0.0136729463966288 0.0136012538433086
0.640619172160033 0.565250600576989
0.336555567837623 0.413241043305373
0.0228252600023368 0.0215083561176318
0.489353430792466 0.658866537553422
0.485845768010147 0.313049018851707
0.0248008011973915 0.0280844435948673
0.426145184352782 0.295213964175594
0.56955393295232 0.654638859735269
0.00430088269488417 0.0501471760891306
0.656836602090052 0.606108161658709
0.330726826850166 0.376862323333077
0.0124365710597669 0.0170295150082196
0.623394936183402 0.766702020053496
0.349733401070044 0.219348672339634
0.0268716627465399 0.0139493076068701
0.509146334811831 0.519037388194004
0.469515118072952 0.473098995855598
0.0213385471152084 0.00786361595039958
0.544830713728966 0.546012239651576
0.437625101728539 0.4440698434596
0.0175441845425089 0.00991791688883303
0.496999975523849 0.586649627110489
0.502102562763486 0.381880996976994
0.000897461712660583 0.0314693759125217
0.578840172892853 0.716336358963646
0.415984351810612 0.170677677726632
0.00517547529652873 0.112985963309715
0.357443757916314 0.381232278346525
0.63071405615682 0.588917303436404
0.0118421859268628 0.0298504182170684
0.384415043275548 0.566828959116704
0.600756545497817 0.41265649307449
0.0148284112266269 0.020514547808817
0.442120617405976 0.431705385142549
0.493770576023167 0.529317255465741
0.0641088065708568 0.0389773593917182
0.376034804362158 0.392337073035605
0.576514685470999 0.580402204727519
0.0474505101668469 0.0272607222368852
0.398481660156467 0.486308995835823
0.586529221646291 0.508495226566893
0.0149891181972368 0.00519577759728539
0.514798943703506 0.545803157548692
0.468002138317976 0.442872258401617
0.0171989179785208 0.0113245840496863
0.653761232012002 0.718840685662899
0.339825782820548 0.266937739051402
0.00641298516746446 0.014221575285695
0.379123894277888 0.291837873569451
0.578100300211193 0.635763814739452
0.0427758055109092 0.0723983116910816
0.512855198292074 0.591155438949033
0.430390070323312 0.377076644445309
0.0567547313846144 0.0317679166056639
0.504240471301315 0.640663041105539
0.476303302918822 0.351958437057653
0.0194562257798712 0.00737852183680616
0.398315766991726 0.262403558561394
0.581239481929803 0.734986143289185
0.0204447510784633 0.00261029814942852
0.437447678741669 0.572539350839183
0.548130974120782 0.37896196591043
0.0144213471375518 0.0484986832503841
0.551767745557144 0.757258034758782
0.431096651258107 0.211124925562739
0.0171356031847405 0.0316170396784787
0.586673589543182 0.510737643584203
0.385990085956854 0.467964745391498
0.0273363244999561 0.0212976110243055
0.447068665984882 0.518654777259103
0.515142129819839 0.47720114269445
0.0377892041952803 0.00414408004644961
0.439930978694637 0.427906420283152
0.534635739112669 0.547197488038632
0.0254332821926972 0.0248960916782271
0.412907938184349 0.628869328427637
0.579118502247484 0.328917593916258
0.00797355956815803 0.0422130776561147
0.411841861912798 0.293944849469716
0.576689139031274 0.701219879753919
0.0114689990559239 0.00483527077636926
0.509593509055951 0.43502591240305
0.450864552630259 0.52804902072809
0.03954193831379 0.0369250668688544
0.674848830397988 0.894626858053843
0.241532466991487 0.0886067793554651
0.083618702610536 0.0167663625906887
0.364286525834794 0.568665967164845
0.607865071640061 0.410388407339513
0.0278484025251372 0.0209456254956542
0.528559196517094 0.585258597993417
0.454712628612867 0.390744075513459
0.0167281748700438 0.0239973264931094
0.524000352522549 0.522340960057971
0.445746136160892 0.463399429710249
0.0302535113165518 0.0142596102317918
0.722345237883514 0.584418573472589
0.271759472657353 0.409717536259755
0.00589528945913021 0.00586389026766109
0.550811734962069 0.594763126847011
0.363142011007818 0.347047213292683
0.0860462540301102 0.0581896598603015
0.566138129134689 0.574495601777532
0.406920995451138 0.416853115311649
0.026940875414167 0.00865128291081253
0.411947108367582 0.390084903001385
0.548400602886444 0.567074013768251
0.0396522887459669 0.0428410832303686
0.348870388355862 0.490190204463417
0.642733321072231 0.466718707675681
0.00839629057190304 0.0430910878609116
0.471773707380734 0.382468538726015
0.465802829100387 0.593925480841179
0.0624234635188758 0.0236059804328038
0.483448867089066 0.450994819749894
0.514713392308847 0.496408327918004
0.00183774060209063 0.0525968523321077
0.533742268637355 0.582815402440758
0.464399739484592 0.382398839623478
0.0018579918780477 0.0347857579357588
0.571543572204459 0.742447679334144
0.418563556214999 0.223473703934872
0.00989287158054815 0.0340786167309811
0.6047755926608 0.779714026957106
0.363489687190532 0.215222977465087
0.0317347201486777 0.0050629955777989
0.458723832972457 0.567533044838004
0.524624988758543 0.410705820592017
0.0166511782689974 0.0217611345699744
0.622911855609512 0.708743635760018
0.365448119646266 0.281525769903248
0.0116400247442227 0.00973059433673185
0.39399856814041 0.569350072035035
0.600370565672009 0.398350469539288
0.00563086618757503 0.0322994584256841
0.601999756881124 0.635398478619319
0.380149407329517 0.358973240529787
0.0178508357893659 0.00562828085090622
0.495625596078317 0.45637092712398
0.479311347054766 0.534602450272704
0.0250630568668985 0.00902662260331442
0.584332981601847 0.677105281955451
0.394249413158701 0.310179556947424
0.0214176052394505 0.0127151610971225
0.520163748177314 0.341661052464268
0.462281993277467 0.625720654944757
0.0175542585452174 0.0326182925909782
0.388222194050474 0.39078896484934
0.547562755719029 0.582176989894382
0.0642150502304926 0.027034045256272
0.594216281565208 0.639240806329938
0.38938058763764 0.339832683630583
0.0164031307971429 0.0209265100394893
0.473256377434363 0.683022481943336
0.498029745631642 0.292908105356282
0.0287138769339992 0.0240694127003881
0.351520923817132 0.424543033114789
0.633322717686369 0.5309095414069
0.0151563584965094 0.044547425478311
0.394269722735697 0.41441621074025
0.585705514376726 0.57315845080869
0.0200247628875858 0.0124253384510638
0.450601979774076 0.548211374012398
0.488244691514908 0.449638688844877
0.0611533287110218 0.00214993714271199
0.370749878373835 0.43144945606997
0.614006337008903 0.56016267742433
0.0152437846172577 0.0083878665056991
0.462271909258861 0.325888666111609
0.528029015602289 0.632495075572947
0.00969907513883773 0.041616258315436
0.426538601985557 0.480497015595589
0.504909230345465 0.453973379256472
0.0685521676689633 0.0655296051479298
0.542158962067841 0.315815104065967
0.43419559118666 0.681349319238279
0.0236454467455103 0.00283557669575465
0.395677437609146 0.342407666534592
0.583056990611495 0.618851514667983
0.0212655717793792 0.0387408187974387
0.646493800667944 0.678185021353453
0.326327256666813 0.278329220519489
0.0271789426652365 0.0434857581270485
0.649988542992716 0.770042988297064
0.332923940496863 0.224986024892481
0.0170875165104363 0.00497098681045616
0.42055883163992 0.58357611366405
0.550884444710464 0.372505337528002
0.0285567236496111 0.0439185488079401
0.603736796105976 0.734431415619384
0.388699040196326 0.243592448020357
0.00756416369769995 0.0219761363602564
0.406722572374348 0.281602086790796
0.588188908318967 0.714322889021004
0.00508851930668097 0.00407502418818994
0.458608617953928 0.409101276560441
0.491073708577929 0.564748866851017
0.0503176734681434 0.0261498565885368
0.58325073957302 0.674890486144982
0.383869702116346 0.32346507376886
0.0328795583106408 0.0016444400861604
0.34323970049524 0.328796342396722
0.630960047062271 0.666907279965696
0.0258002524425023 0.00429637763758217
0.516803514973848 0.466187837158127
0.425062618202235 0.501906675442669
0.0581338668239132 0.0319054873992117
0.44529397129566 0.255372478615842
0.548501310138196 0.708258010599314
0.00620471856612657 0.0363695107848443
0.328033877394339 0.301640814770593
0.668509392676767 0.625940526679417
0.00345672992889276 0.072418658549987
0.420839407902922 0.629759149996473
0.531971904410213 0.287284405891169
0.047188687686867 0.0829564441123535
0.450355044166992 0.359267696876295
0.540722255802795 0.621150162229238
0.0089227000302137 0.0195821408944728
0.522081326649287 0.502026375884782
0.470871802524865 0.49166823902323
0.00704687082585311 0.0063053850919796
0.463044910200965 0.435927096620088
0.508327053305507 0.487795648811187
0.0286280364935188 0.0762772545687227
0.375160203862436 0.329713241602726
0.599150980051092 0.658131970436057
0.0256888160864706 0.0121547879612081
0.44751081991562 0.470482719834881
0.500096800206278 0.5203338628276
0.0523923798781096 0.00918341733751512
0.464807794062608 0.482096292495938
0.479929334722423 0.458515196634209
0.0552628712149738 0.0593885108698605
0.4759153943682 0.286501397852753
0.483618943080483 0.650056611961405
0.0404656625513267 0.063441990185856
0.310817796406986 0.390250678960205
0.601642008535793 0.584779600570411
0.0875401950572244 0.0249697204693931
0.338792493035162 0.348022653174724
0.656250531261993 0.638981704441861
0.00495697570284823 0.0129956423834004
0.41489905614424 0.493606548479889
0.580237685242139 0.490758363638137
0.0048632586136147 0.0156350878819662
0.372067233893381 0.236249171347765
0.594468194451455 0.716192264283727
0.0334645716551556 0.047558564368508
0.498978198473068 0.627063566117613
0.492441353870905 0.331683943908422
0.00858044765602693 0.0412524899739635
0.327697240617943 0.327520009736103
0.644376278450579 0.647383777952147
0.0279264809314764 0.0250962123117482
0.454884926970654 0.414631705079216
0.521985725660442 0.585097407422264
0.0231293473689039 0.00027088749852875
0.460221924131573 0.425076124208964
0.529250561789992 0.564725823130118
0.0105275140784328 0.0101980526609129
0.431391751198822 0.296739190631227
0.527873456377908 0.688960640966953
0.0407347924232573 0.0143001684018292
0.552424778421201 0.537806630245996
0.440792694625636 0.399638786529767
0.00678252695316228 0.0625545832242339
0.576926566837573 0.524096705427396
0.392692070154516 0.444615126712903
0.0303813630079051 0.0312881678597019
0.525908227146558 0.439998297468621
0.407219371440873 0.544501192579677
0.0668724014125668 0.015500509951698
0.471039190175717 0.390913770500941
0.517083324864932 0.590492440649485
0.0118774849593404 0.0185937888495662
0.534903391033761 0.301299320606461
0.464839626947712 0.684804009858341
0.000256982018528639 0.0138966695351943
0.625838497517464 0.519182048559838
0.340567213383736 0.416261924082562
0.0335942890987926 0.0645560273576127
0.376509840650181 0.433219529589279
0.582645672371639 0.546027027309874
0.0408444869781911 0.0207534431008618
0.470913818996094 0.621040435862699
0.507927166187796 0.319506079778451
0.021159014816121 0.0594534843588529
0.445701010874054 0.427115804191072
0.536171232428371 0.543067177246371
0.0181277566975898 0.0298170185625606
0.654547406576742 0.449099052624778
0.319116796905213 0.535227287408357
0.026335796518033 0.015673659966867
0.430548547802634 0.145277044974474
0.487917673227383 0.834829505230993
0.0815337789699825 0.0198934497945372
0.568348028503623 0.51181385543417
0.409679418829989 0.447206491131945
0.021972552666384 0.0409796534338965
0.586284950514769 0.701001379830485
0.383222223809867 0.298870806473766
0.0304928256753589 0.00012781369573242
0.436420814953185 0.569116447455538
0.522789372495723 0.40147843177116
0.040789812551079 0.0294051207733117
0.520741026947746 0.463055339803945
0.458901908250708 0.496146291004109
0.0203570648015515 0.0407983691919431
0.553071718928221 0.497596864772045
0.423072827990517 0.495838881232085
0.0238554530812532 0.00656425399588747
0.398216684327559 0.345932026327572
0.588948933951245 0.590695969862282
0.0128343817212114 0.0633720038101374
0.634642857621714 0.471944499400536
0.34636992614949 0.527827810171931
0.0189872162287892 0.000227690427519697
0.562817738565514 0.538758240440249
0.419583035926279 0.423624500375621
0.017599225508207 0.0376172591841248
0.61896827740827 0.756381625524571
0.350729480565753 0.224158462087579
0.0303022420259751 0.0194599123878416
0.578015482376702 0.47534170303822
0.384719670652583 0.518965481527587
0.037264846970717 0.00569281543419644
0.674064109588863 0.47923590102285
0.282496095868 0.480636206834101
0.0434397945431398 0.040127892143051
0.513753302802055 0.602967157634836
0.47612785368797 0.344199385542426
0.0101188435099804 0.0528334568227466
0.528560263025159 0.618468492912782
0.430567122299351 0.379893391632283
0.0408726146754822 0.00163811545492922
0.360010220335388 0.546709418783224
0.579497077693073 0.452058454262025
0.0604927019715528 0.00123212695475086
0.41975222037189 0.41931705465273
0.537244804230097 0.5652596889181
0.0430029753980204 0.015423256429175
0.676162149197918 0.829746511670353
0.320982861687326 0.152847587526524
0.00285498911476494 0.0174059008031136
0.566551629640116 0.604318677479513
0.393908198055038 0.316140961412664
0.0395401723048565 0.0795403611078101
0.54355066213583 0.427840117603528
0.445201264183255 0.545211438107227
0.0112480736809069 0.0269484442892416
0.58016052074582 0.334352974237958
0.391536752546296 0.60281135407985
0.0283027267079004 0.0628356716821888
0.402163190509839 0.278315043313406
0.539902525549407 0.668027915846719
0.0579342839407525 0.053657040839868
0.509915342018186 0.566001983680054
0.485023117853477 0.4016865153723
0.00506154012833446 0.0323115009476433
0.289691391037394 0.400028618465285
0.652446654847426 0.537951257788551
0.0578619541151842 0.0620201237461658
0.545104243244451 0.700029224341103
0.423237169049689 0.295291305896056
0.0316585877058604 0.00467946976284451
0.633871398105259 0.646808955725234
0.352055824490865 0.346628742177756
0.0140727774038828 0.00656230209702383
0.349145091543898 0.420488397922652
0.618822606684486 0.570377866588232
0.0320323017716253 0.00913373548910725
0.425864581902752 0.308496463593342
0.52487301909436 0.684540782823898
0.049262399002887 0.00696275358275944
0.361092411010896 0.335919159015114
0.577917601590158 0.629030749888556
0.0609899873989542 0.0350500910963305
0.446216533164431 0.190245578108414
0.488903854102999 0.782879999362043
0.0648796127325747 0.0268744225295483
0.568361742747429 0.708162765278695
0.37280401845328 0.290746644824622
0.058834238799283 0.00109058989668199
0.661934605485781 0.821274999519355
0.321903109887296 0.112488761104713
0.0161622846269259 0.0662362393759258
0.544547808956809 0.490860901779722
0.388110863300108 0.494743897655852
0.067341327743073 0.0143952005644283
0.432180094168626 0.585345957021104
0.514149386798522 0.354432421431505
0.0536705190328556 0.0602216215473988
0.424821019040336 0.827292844472708
0.534222902303328 0.167531666013861
0.0409560786563333 0.00517548951343282
0.385431927549026 0.595258632043098
0.60514772940171 0.401714212543521
0.0094203430492719 0.00302715541338743
0.527715065876403 0.595636732079652
0.439833343479278 0.392474345131269
0.0324515906443316 0.0118889227890746
0.269408466480264 0.430963263642317
0.692876686568512 0.568096734073903
0.0377148469512321 0.000940002283770225
0.63627859488578 0.721324010890991
0.354939012274689 0.248869951755183
0.00878239283951806 0.0298060373538316
0.515003150432265 0.5481580184498
0.474984820531238 0.43590922434538
0.0100120290364922 0.0159327572048067
0.616782677115723 0.604356972705644
0.344290313411053 0.370785571758479
0.0389270094732337 0.0248574555358931
0.460591976178287 0.378966630664883
0.492596642615074 0.581614172841512
0.0468113812066378 0.0394191964936004
0.491959979628749 0.187293403549764
0.488149743884947 0.78239233467433
0.0198902764863003 0.0303142617759171
0.482865365754019 0.526991113807084
0.509055836747451 0.420260255459048
0.00807879749853174 0.0527486307338598
0.58394514858713 0.406593205325386
0.413665004302454 0.573475876821094
0.00238984711043001 0.0199309178535123
0.484921405135045 0.411896481432131
0.487267749042022 0.548703250551582
0.0278108458229189 0.0394002680162763
0.46636790311942 0.521831133582834
0.52605260453481 0.434098892279147
0.00757949234577253 0.0440699741380289
0.449312254645994 0.522923054646238
0.503274683385431 0.397384281793204
0.0474130619685618 0.0796926635605697
0.526594061088347 0.446386414373247
0.431885607451006 0.538801496569586
0.0415203314606527 0.014812089057178
-999 -999
-999 -999
-999 -999
-999 -999
-999 -999
-999 -999
