0.672279094027173 0.72099600651146
0.127600571470789 0.276480951286448
0.200120334502033 0.0025230422021016
0.589840947512321 0.743187847532885
0.224278024649384 0.252361548852848
0.185881027838301 0.00445060361427111
0.398153296593323 0.656348002659618
0.465819554072183 0.341355888106407
0.136027149334499 0.00229610923397493
0.749426573733638 0.824149176035434
0.0819361904844836 0.171342362756136
0.168637235781874 0.0045084612084288
0.591503724209041 0.602704493679087
0.278564310572878 0.394925591372051
0.129931965218085 0.00236991494886099
0.543314970301553 0.68157229069819
0.24150253659579 0.31541985630433
0.215182493102656 0.00300785299748637
0.60392352049331 0.898121919198451
0.0855457573461975 0.0968597434397157
0.310530722160492 0.00501833736184303
0.481580390798072 0.6563437406046
0.27483402770423 0.342103225484649
0.243585581497699 0.00155303391075611
0.496742253314537 0.860094159270779
0.441161442824876 0.133154761176111
0.0620963038605884 0.00675107955310874
0.518066483661011 0.640962848663526
0.37633846507483 0.357516991821419
0.10559505126416 0.00152015951505417
0.59007166122435 0.770423598492746
0.300514711696521 0.226164714622862
0.109413627079122 0.00341168688438923
0.627071084151775 0.766676886599914
0.150667411446098 0.226191851936298
0.222261504402122 0.00713126146378675
0.684491248180096 0.706211697457082
0.20195382731201 0.2918256705626
0.113554924507891 0.00196263198031193
0.613262679178975 0.84880747043492
0.18899820202539 0.145412438448198
0.197739118795638 0.00578009111688576
0.65212741392796 0.730633117164297
0.0794540743986604 0.266417821529253
0.268418511673379 0.00294906130645026
0.747212571174133 0.830233564581668
0.0892688593820542 0.15986588597348
0.163518569443816 0.00990054944484833
0.708408382801804 0.695173785647344
0.165621165414377 0.297461275801501
0.125970451783815 0.00736493855115542
0.576161884815272 0.650699515966166
0.335277365331371 0.345984383169052
0.0885607498533607 0.0033161008647814
0.526320331994632 0.78419692752996
0.338258691789207 0.212490721502592
0.135420976216164 0.00331235096744408
0.385166140630487 0.869927835797075
0.479536074376723 0.11246925718003
0.135297784992794 0.0176029070229024
0.711938004904936 0.728481633475504
0.222635188762883 0.267826347897604
0.0654268063321835 0.0036920186268891
0.596638499382057 0.75770313501532
0.224318519588765 0.240031379449514
0.179042981029179 0.0022654855351745
0.533697194258474 0.679103054056834
0.327164913879668 0.319945603824133
0.13913789186186 0.000951342119027393
0.48806116613071 0.779784196654488
0.407182146334036 0.21670618838376
0.104756687535254 0.00350961496175983
0.526039902653546 0.674923324898447
0.373167349685817 0.315407400056633
0.100792747660639 0.00966927504491911
0.57440149568416 0.6767692171901
0.343177121714015 0.32172388618078
0.0824213826018303 0.00150689662912369
0.588828576205855 0.67362509659092
0.272604419931454 0.324164171549462
0.138567003862694 0.00221073185961775
0.735979733363203 0.662534102359575
0.127780074120482 0.335615362076964
0.136240192516316 0.00185053556346143
0.427089808030997 0.714532179900199
0.446789616456216 0.282537418395116
0.126120575512787 0.00293040170468192
0.618990527490823 0.761294352650594
0.188821658224964 0.236048113359906
0.19218781428421 0.0026575339894985
0.48753731158525 0.761770369518526
0.401586939698793 0.232732637857892
0.110875748715956 0.00549699262358711
0.649527189539171 0.701984854114132
0.149800613838934 0.297042588818186
0.200672196621895 0.000972557067693318
0.599114019157234 0.784453360304857
0.0697780434854907 0.203537491960658
0.331107937357271 0.0120091477344858
0.776547992695971 0.787687149508934
0.0642915840684251 0.208574826754113
0.159160423235602 0.00373802373695826
0.599752678506992 0.712073647830023
0.331292445625776 0.28266978724606
0.0689548758672351 0.00525656492391343
0.581518021672567 0.729658424390209
0.261662351974034 0.267903931405726
0.156819626353399 0.00243764420406698
0.644077385548167 0.789871582996256
0.217813056013717 0.20646231987953
0.138109558438114 0.00366609712420521
0.775472596860184 0.74175158578991
0.0823466120940405 0.253918956816695
0.142180791045772 0.00432945739339104
0.612555491162864 0.816910620110668
0.230537585208427 0.180898863274515
0.156906923628706 0.00219051661480596
0.596388534032976 0.772360532620382
0.233223775540353 0.226238117321047
0.170387690426671 0.00140135005857008
0.656862196359599 0.835078016573639
0.0891160483945854 0.155405750208747
0.254021755245811 0.00951623321760989
0.548329028489996 0.679294745986961
0.250965322185505 0.318360157394219
0.200705649324494 0.00234509661882142
0.653453718538339 0.794714244416435
0.240259460880262 0.201311312579844
0.106286820581397 0.00397444300371534
0.601250174317597 0.754268856689216
0.0811375240328089 0.240998917952493
0.317612301649593 0.00473222535828996
0.683731749751541 0.758584290666892
0.112675281858724 0.238934813165741
0.20359296838974 0.00248089616736109
0.592654090980007 0.789717358809089
0.0910114298649638 0.207599338151005
0.316334479155028 0.00268330303990655
0.568483305676924 0.768803129400717
0.190785965046257 0.226506368777272
0.240730729276818 0.00469050182201563
0.738495044280354 0.858341542060633
0.105970863928757 0.129759594122907
0.155534091790891 0.0118988638164638
0.633639806770651 0.845660468384057
0.252555432932599 0.151627652865432
0.113804760296744 0.00271187875051244
0.536924277724992 0.762768971823096
0.263561635099396 0.235319045430405
0.19951408717561 0.00191198274649785
0.697487662974916 0.741730145587019
0.162962474794658 0.254787089236208
0.139549862230432 0.00348276517676847
0.539378077006139 0.819060378581076
0.291488649849597 0.178975156580351
0.169133273144265 0.00196446483856459
0.72094671136395 0.759691379748956
0.183653760357941 0.238238845394279
0.0953995282781056 0.00206977485677002
0.623701567332841 0.755852480972814
0.24520286307772 0.240208029500805
0.131095569589444 0.00393948952637033
0.525835796816848 0.658881859466034
0.340611511380409 0.338760213248135
0.133552691802747 0.00235792728583075
0.516365022023411 0.859177426020124
0.352587095488867 0.133722376431492
0.131047882487726 0.00710019754838378
0.48147741736009 0.741779906228496
0.261763670391892 0.256582225179376
0.256758912248015 0.00163786859212715
0.677453308770163 0.73737049817648
0.10316469611407 0.259842989162159
0.219381995115767 0.00278651266135861
0.755290982691711 0.827943296148962
0.106832779596347 0.16535094210341
0.137876237711939 0.00670576174762819
0.62136055005589 0.833995082582805
0.237842090253805 0.164328798872769
0.1407973596903 0.00167611854442307
0.571869744815283 0.686468166754182
0.267526453763956 0.311540812148245
0.160603801420763 0.00199102109757302
0.719336652137387 0.803613398430029
0.133531659121853 0.192175012405653
0.147131688740763 0.00421158916432165
0.63171429346974 0.772571605549764
0.190897659699159 0.221649654076847
0.177388046831096 0.00577874037339321
0.612542657108943 0.698903634031087
0.276364742298188 0.298058499988766
0.111092600592866 0.00303786598014544
0.577704352592264 0.774055749901189
0.17898422206863 0.224081993565381
0.243311425339111 0.00186225653343182
0.649388373290293 0.820042916965308
0.239149122418107 0.175443509973834
0.111462504291604 0.0045135730608642
0.587225494668752 0.773039628172047
0.26799973620873 0.212969418179253
0.144774769122523 0.0139909536486951
0.603591636832045 0.744716725603066
0.31136037078528 0.252869463375825
0.0850479923826734 0.00241381102110814
0.542517173747007 0.826526226035229
0.342021296615888 0.165899874097708
0.115461529637112 0.00757389986706681
0.613205788038627 0.722355053935778
0.191385611284506 0.273721687040772
0.195408600676869 0.00392325902345199
0.600730906341852 0.685095572278446
0.146952485807314 0.312169009850262
0.25231660785083 0.00273541787128606
0.45803155172272 0.641091848140602
0.408525921813366 0.354637853402563
0.133442526463913 0.00427029845683939
0.591861890907418 0.754749511912669
0.295448716624874 0.239764615144096
0.112689392467709 0.00548587294323618
0.499849226751201 0.727639042828966
0.403402824987269 0.26657632980441
0.0967479482615336 0.00578462736662574
0.56076695510325 0.708767020296679
0.311715071183541 0.288300890452847
0.127517973713209 0.00293208925047578
0.427175415111098 0.764688597537093
0.405411027230127 0.232845274941644
0.167413557658776 0.00246612752126091
0.64504693599921 0.749029775264727
0.148191917556397 0.249105803456434
0.20676114644439 0.00186442127883118
0.531556280762183 0.740139388795629
0.356812269626641 0.253989078497353
0.111631449611173 0.00587153270702063
0.696105712383818 0.750587015571616
0.0997847963340541 0.245426081143308
0.20410949128213 0.0039869032850664
0.640244712421191 0.710263753450323
0.134392886573801 0.286561737587052
0.225362401005007 0.00317450896262047
0.690097541659517 0.831036353084625
0.194357264514247 0.162576514392222
0.115545193826237 0.00638713252314865
0.602918005977021 0.815940524823094
0.10178086490838 0.175857199898625
0.295301129114604 0.00820227527828074
0.549127125296842 0.72380502566024
0.167959053245773 0.274952144269934
0.282913821457388 0.0012428300698226
0.572148521087852 0.78794424440603
0.141797397706591 0.207635945580367
0.286054081205554 0.0044198100136122
0.41218932662284 0.747710881412758
0.469768914350475 0.245569886943755
0.118041759026682 0.00671923164348159
0.652104817698671 0.874558849911372
0.171450489762626 0.120554174949903
0.176444692538703 0.00488697513872057
0.581050119636867 0.724617933584634
0.189281328839676 0.272952046870783
0.22966855152346 0.00243001954458429
0.568956826908826 0.717162923683501
0.253631546040775 0.278962121931941
0.1774116270504 0.00387495438456517
0.504846703004267 0.781504736594844
0.370302785153751 0.216502209506445
0.124850511841984 0.00199305389871739
0.648061856466446 0.797841234491057
0.230107202289317 0.195761489946924
0.121830941244239 0.00639727556202481
0.516635017661398 0.705669746807587
0.365266612781543 0.291534754111034
0.118098369557063 0.00279549908137301
0.503277703954134 0.732861894654982
0.389839295739224 0.265289456806477
0.106883000306644 0.00184864853854421
0.602690021521006 0.820730110747499
0.255324187628453 0.177628092363819
0.141985790850544 0.00164179688869092
0.770175435875542 0.790754347298848
0.0879867277663503 0.204388397728896
0.141837836358112 0.00485725497225579
0.647779050103534 0.75150316747632
0.179407663235443 0.246066038135531
0.172813286661026 0.00243079438814819
0.578506804788398 0.708785514860529
0.247394360765646 0.286412817580803
0.174098834445958 0.00480166755866872
0.709047770976398 0.777624075924004
0.127259008230316 0.217446323816931
0.16369322079329 0.00492960025906721
0.609691447613913 0.805019847881951
0.269182468170791 0.190345031763637
0.121126084215296 0.00463512035441453
0.531616719482816 0.776625660667421
0.257736376002178 0.216232581299616
0.210646904514999 0.00714175803295676
0.522301873916986 0.74013213951607
0.282614477243067 0.25688326793394
0.19508364883995 0.00298459254998982
0.682708994583445 0.821738604788358
0.0741850862499256 0.173332369401466
0.243105919166632 0.00492902581018586
0.639556117336754 0.79130532334926
0.147247506133016 0.192525178811136
0.213196376530235 0.0161694978396077
0.623896766321037 0.78455849119901
0.193633130174404 0.207773742969251
0.18247010350456 0.0076677658317408
0.584967953504715 0.808630654607892
0.115418585264976 0.179870955332007
0.299613461230307 0.0114983900600989
0.539798396238019 0.767989546552195
0.24087209120678 0.230096188865583
0.219329512555202 0.00191426458222561
0.593957971535217 0.673259565518011
0.196023015706931 0.323372261159991
0.210019012757852 0.00336817332199812
0.569468571912303 0.726662735958598
0.33336517264061 0.272021861026904
0.0971662554470841 0.00131540301450109
0.698902648292012 0.806729704994878
0.148884185662279 0.188964380604127
0.152213166045703 0.00430591440099819
0.5612241337355 0.780126384955098
0.2372484853776 0.212818019963986
0.201527380886898 0.00705559508091138
0.564025676232837 0.746853591830709
0.3443034150453 0.250373511731602
0.0916709087218586 0.00277289643769161
0.549995520592733 0.755456297162738
0.308284578003203 0.239226888856717
0.141719901404063 0.00531681398054789
0.544545426543261 0.807120242101404
0.294178544758374 0.186729806496347
0.161276028698364 0.00614995140224442
0.480981346343841 0.763975393840826
0.400337163304999 0.233589545833887
0.118681490351162 0.00243506032529671
0.6520411574614 0.677522565836032
0.235772770568571 0.319065523193736
0.112186071970029 0.00341191097022907
0.629805703612959 0.80063232983099
0.162113413972549 0.192699068970211
0.208080882414488 0.00666860119879262
0.564427827473611 0.762078571738281
0.245183020629175 0.236477327104482
0.190389151897211 0.00144410115723824
0.438550497020208 0.752505875012703
0.485725116748781 0.242765655334547
0.0757243862310091 0.00472846965275572
0.527619398355123 0.747160385139941
0.268788962031117 0.250607218862246
0.203591639613765 0.00223239599781472
0.590356442576069 0.804118682415207
0.160556260616849 0.191205317757167
0.249087296807075 0.00467599982762009
0.530524053115157 0.687850987580866
0.364391131624303 0.310743013348187
0.105084815260543 0.00140599907094169
0.646509373956298 0.722673775257437
0.0874967436853767 0.271602582261556
0.265993882358325 0.00572364248100939
0.541847549839776 0.674163804875232
0.367452741377866 0.323996543186329
0.0906997087823576 0.00183965193844648
0.571416487328641 0.879778821101301
0.282429513361837 0.116541263816965
0.146153999309521 0.00367991508172542
0.553526430957792 0.687179940276597
0.340985184579021 0.310483873477857
0.105488384463189 0.00233618624554757
0.544518293674981 0.756962418272091
0.241998357562401 0.237747173654132
0.213483348762616 0.00529040807377023
0.485316223962631 0.615295787435219
0.388377997361008 0.383848537005901
0.126305778676359 0.000855675558877333
0.651654086016673 0.699843737338446
0.277837508917096 0.297151403742922
0.0705084050662328 0.00300485891863192
0.59158656109765 0.787499185291249
0.292697462003814 0.210442798585653
0.115715976898535 0.00205801612309512
0.699569232831724 0.765693821120826
0.0716265945391356 0.230487971695825
0.228804172629145 0.00381820718334888
0.749390441386713 0.789259750988729
0.161224929880069 0.202275628241215
0.0893846287332181 0.00846462077004927
0.716787213283676 0.788500960683404
0.0989341927810243 0.208272095417009
0.184278593935294 0.00322694389959084
0.787333187028147 0.741226760335044
0.0858188661796286 0.25132751182807
0.12684794679223 0.00744572783687524
0.450852119638136 0.71801793538492
0.445590944702228 0.280432074535393
0.103556935659635 0.00154999007968852
0.583362290350442 0.806725093900862
0.207866174008767 0.19165051303878
0.208771535640791 0.00162439306035148
0.667928514323647 0.767879194845001
0.136546304015187 0.230730566788601
0.195525181661166 0.00139023836640078
0.514811573748418 0.775309329392162
0.259231838159354 0.219613156937474
0.225956588092225 0.00507751367035993
0.638987129204621 0.762280421199526
0.193235696625181 0.235150832663798
0.167777174170197 0.00256874613668096
0.652664519795994 0.831153367711238
0.162661096923147 0.166270670139098
0.184674383280861 0.00257596214966153
0.626857725823452 0.790109881677846
0.219995150392579 0.206660041464854
0.153147123783964 0.00323007685730139
0.478726620041422 0.673723111217686
0.418398471521154 0.324436511822615
0.102874908437425 0.00184037695969667
0.58453950423181 0.742819953978243
0.263060421393545 0.251018080004222
0.152400074374645 0.00616196601753203
0.594758630115523 0.736359432241266
0.188209524853614 0.262577486723766
0.217031845030862 0.00106308103496247
0.574687681631711 0.756539366000458
0.332706499678764 0.239248827411986
0.0926058186895175 0.0042118065875585
0.678711494070009 0.76809226433076
0.164007778821865 0.228665710053715
0.157280727108131 0.00324202561552518
0.471455906964676 0.673334195349113
0.40038100049281 0.323056165368685
0.128163092542509 0.00360963928220674
0.654741748013387 0.750978089679061
0.0664619815741823 0.246337409151414
0.278796270412424 0.00268450116952756
0.785648764892358 0.737703097768024
0.135574295332979 0.259398251378736
0.0787769397746655 0.0028986508532423
0.711313462003155 0.805473637910884
0.163149751082294 0.189015364181063
0.125536786914547 0.00551099790805472
0.644057158699222 0.778926454334975
0.114649614389811 0.220143469499662
0.241293226910958 0.00093007616536519
0.533683204227174 0.837514936362896
0.309691183268577 0.158634764646882
0.156625612504253 0.00385029899023381
0.506422294382071 0.810112242923415
0.289353185604794 0.186798203481
0.204224520013137 0.00308955359559143
0.588888117162151 0.737995000928764
0.214946138177693 0.257190884444323
0.196165744660159 0.00481411462690959
0.589791382795425 0.762455600456691
0.307304022859392 0.235504920730371
0.102904594345182 0.00203947881293766
0.468552473013721 0.709125537453757
0.453668021456191 0.288315099537854
0.0777795055300835 0.0025593630083893
0.520925778293853 0.719036784561895
0.280992882580181 0.276755826311683
0.198081339125965 0.0042073891264294
0.427671489787644 0.784484486494492
0.478055658632891 0.209330454457545
0.0942728515794664 0.00618505904795742
0.562888393017914 0.700111363014752
0.281264329145803 0.29720088940247
0.155847277836282 0.00268774758277714
0.426650652706315 0.701485490433651
0.504643930623701 0.296559183529198
0.0687054166699824 0.00195532603714686
0.533331272559061 0.655011555134735
0.380089161125178 0.342085164132302
0.0865795663157576 0.00290328073296329
0.814253536248098 0.817565442547724
0.0646542685156007 0.1775361053054
0.121092195236307 0.00489845214688075
0.520778305914443 0.829519853342946
0.401270080701401 0.1595736989131
0.0779516133841541 0.0109064477439513
0.550481165590842 0.721087594828973
0.262922413924337 0.274638661779567
0.186596420484824 0.00427374339146574
0.615448044618454 0.76863395756685
0.211415483860239 0.224608162607792
0.173136471521307 0.00675787982535539
0.559958862082357 0.735934850921916
0.242155120130281 0.261394468192141
0.197886017787361 0.00267068088594193
0.622618306586886 0.690887595264993
0.25047200754821 0.306024035339259
0.126909685864908 0.00308836939574669
0.573324113763043 0.77278160245543
0.24045374220114 0.221485861026414
0.186222144035818 0.00573253651815851
0.662025205976536 0.735570836075943
0.116655629843428 0.262166250389616
0.221319164180038 0.00226291353444015
0.646453266937294 0.779068882526034
0.17382337112868 0.216777904027286
0.179723361934027 0.00415321344668299
0.585062614660075 0.741891175648962
0.267702165898337 0.254370407974984
0.147235219441585 0.00373841637605051
0.544375740725465 0.819259394807059
0.26133113656886 0.175251597696844
0.194293122705676 0.00548900749609993
0.627622908187503 0.783107497126038
0.14251240874519 0.21055625983604
0.229864683067297 0.00633624303791844
0.475294351370981 0.758802660162571
0.32181556348439 0.237758464323357
0.202890085144631 0.0034388755140666
0.475910313191331 0.735351060618533
0.383987836139832 0.261999149383258
0.140101850668842 0.00264978999821124
0.557587394406743 0.68569761668495
0.287615402699881 0.312506086924666
0.154797202893382 0.00179629639037864
0.584489341264957 0.822362564857173
0.269604413015308 0.170506120300873
0.145906245719735 0.00713131484196192
0.481560151190847 0.688086488873979
0.418603605137999 0.309240190925493
0.099836243671145 0.00267332020051928
0.398988106091561 0.633401713134708
0.525241803900433 0.363515814165846
0.0757700900080124 0.00308247269944226
0.503278689789053 0.750399493523099
0.380642370927274 0.244017119992052
0.116078939283676 0.00558338648484485
0.686938295137832 0.715890401657039
0.0542142313013856 0.279421429195943
0.258847473560782 0.00468816914701624
0.648816930267337 0.757600884870523
0.207815789766862 0.235371168801446
0.143367279965809 0.00702794632803335
0.548836542340954 0.645379242254234
0.317234096179909 0.3528828309159
0.133929361479136 0.00173792682987382
0.488014201205932 0.660258791037772
0.258744949852893 0.337420640444281
0.253240848941174 0.00232056851794791
0.49650535041978 0.618439283948598
0.411692182621593 0.3801002386429
0.0918024669586223 0.00146047740850088
0.696372029076136 0.784950308745174
0.162394494104864 0.212491140686145
0.141233476818999 0.0025585505686802
0.627993157232012 0.715421442866331
0.245248174541262 0.281773650071845
0.126758668226729 0.0028049070618294
0.442300150492111 0.720753192864358
0.475397522307848 0.276804640777654
0.0823023272000431 0.00244216635798536
0.664873202706925 0.717956195266221
0.153516142401778 0.276355038855168
0.181610654891297 0.00568876587861855
0.460206440355689 0.709152490834643
0.448405592873741 0.289479995555031
0.0913879667705705 0.00136751361033037
0.444545983577405 0.67128664518504
0.394257866182564 0.325641524529921
0.16119615024003 0.00307183028504659
0.631161915780149 0.716450158729023
0.254181511245524 0.281982532132566
0.114656572974329 0.00156730913840683
0.524261426939454 0.785453119749228
0.224744318338044 0.206390741173754
0.250994254722502 0.00815613907701091
0.441478305159744 0.708576127691642
0.327368386783338 0.28606894669035
0.231153308056914 0.0053549256180042
0.517535556174128 0.760693372037863
0.135225574884991 0.236285758993057
0.347238868940879 0.00302086896907895
0.563489079914147 0.740883575846442
0.356142197477666 0.257284012733054
0.0803687226081839 0.00183241142050394
0.471776958913115 0.773655957075246
0.400651843532942 0.219938256365673
0.127571197553943 0.00640578655908544
0.533556473158514 0.62808110206788
0.29341975074959 0.370638072798073
0.173023776091896 0.00128082513404105
0.480830377617719 0.787880853595737
0.445431612700702 0.208700187517637
0.0737380096815697 0.00341895888662644
0.576782208341139 0.808237156862316
0.257382245393645 0.188420265162523
0.165835546265221 0.0033425779751574
0.572624053248825 0.70431403458073
0.289558705487691 0.293219529086329
0.137817241263493 0.0024664363329377
0.544821024080367 0.662952292254596
0.334299190581312 0.33525326552235
0.12087978533832 0.00179444222305796
-999 -999
-999 -999
-999 -999
-999 -999
-999 -999
-999 -999
