491 491 2
491 492 2
491 493 2
491 494 2
491 495 2
491 496 1
491 497 2
491 498 2
491 499 2
491 500 2
491 501 2
491 502 2
491 503 2
491 504 2
491 505 2
491 506 2
491 507 2
491 508 2
491 509 2
491 510 2
492 491 2
492 492 2
492 493 2
492 494 2
492 495 1
492 496 2
492 497 2
492 498 2
492 499 2
492 500 2
492 501 2
492 502 2
492 503 2
492 504 2
492 505 2
492 506 2
492 507 2
492 508 2
492 509 2
492 510 2
493 491 2
493 492 2
493 493 2
493 494 2
493 495 2
493 496 2
493 497 2
493 498 2
493 499 2
493 500 2
493 501 2
493 502 2
493 503 2
493 504 2
493 505 2
493 506 2
493 507 2
493 508 2
493 509 2
493 510 2
494 491 2
494 492 2
494 493 2
494 494 2
494 495 2
494 496 2
494 497 2
494 498 2
494 499 2
494 500 2
494 501 2
494 502 2
494 503 2
494 504 2
494 505 2
494 506 2
494 507 2
494 508 2
494 509 2
494 510 2
495 491 2
495 492 2
495 493 2
495 494 2
495 495 2
495 496 2
495 497 2
495 498 2
495 499 2
495 500 2
495 501 2
495 502 2
495 503 2
495 504 2
495 505 2
495 506 2
495 507 2
495 508 2
495 509 2
495 510 2
496 491 2
496 492 2
496 493 2
496 494 2
496 495 2
496 496 2
496 497 2
496 498 2
496 499 2
496 500 2
496 501 2
496 502 2
496 503 2
496 504 2
496 505 2
496 506 2
496 507 2
496 508 2
496 509 2
496 510 2
497 491 2
497 492 2
497 493 2
497 494 2
497 495 2
497 496 2
497 497 2
497 498 2
497 499 2
497 500 2
497 501 2
497 502 2
497 503 2
497 504 2
497 505 1
497 506 1
497 507 2
497 508 2
497 509 2
497 510 2
498 491 2
498 492 2
498 493 2
498 494 2
498 495 2
498 496 2
498 497 2
498 498 2
498 499 2
498 500 2
498 501 2
498 502 2
498 503 2
498 504 2
498 505 2
498 506 2
498 507 2
498 508 2
498 509 2
498 510 2
499 491 2
499 492 2
499 493 2
499 494 2
499 495 2
499 496 2
499 497 2
499 498 2
499 499 2
499 500 2
499 501 2
499 502 2
499 503 2
499 504 2
499 505 2
499 506 2
499 507 2
499 508 2
499 509 2
499 510 2
500 491 2
500 492 2
500 493 2
500 494 2
500 495 2
500 496 2
500 497 2
500 498 2
500 499 2
500 500 2
500 501 2
500 502 2
500 503 2
500 504 2
500 505 2
500 506 2
500 507 2
500 508 2
500 509 2
500 510 2
501 491 2
501 492 2
501 493 2
501 494 2
501 495 2
501 496 2
501 497 2
501 498 2
501 499 2
501 500 2
501 501 2
501 502 2
501 503 2
501 504 2
501 505 2
501 506 2
501 507 2
501 508 2
501 509 2
501 510 2
502 491 2
502 492 2
502 493 2
502 494 2
502 495 2
502 496 2
502 497 2
502 498 2
502 499 2
502 500 2
502 501 2
502 502 2
502 503 2
502 504 2
502 505 2
502 506 2
502 507 2
502 508 2
502 509 2
502 510 2
503 491 2
503 492 2
503 493 2
503 494 2
503 495 2
503 496 2
503 497 2
503 498 2
503 499 2
503 500 2
503 501 2
503 502 2
503 503 2
503 504 2
503 505 2
503 506 2
503 507 2
503 508 2
503 509 2
503 510 2
504 491 2
504 492 2
504 493 2
504 494 2
504 495 2
504 496 2
504 497 2
504 498 2
504 499 2
504 500 2
504 501 2
504 502 2
504 503 2
504 504 2
504 505 2
504 506 2
504 507 2
504 508 2
504 509 2
504 510 2
505 491 2
505 492 2
505 493 2
505 494 2
505 495 2
505 496 2
505 497 2
505 498 2
505 499 2
505 500 2
505 501 2
505 502 2
505 503 2
505 504 2
505 505 2
505 506 2
505 507 2
505 508 2
505 509 2
505 510 2
506 491 2
506 492 2
506 493 2
506 494 2
506 495 2
506 496 2
506 497 2
506 498 2
506 499 2
506 500 2
506 501 2
506 502 2
506 503 2
506 504 2
506 505 2
506 506 2
506 507 2
506 508 2
506 509 2
506 510 2
507 491 2
507 492 2
507 493 2
507 494 2
507 495 2
507 496 2
507 497 2
507 498 2
507 499 2
507 500 2
507 501 2
507 502 2
507 503 2
507 504 2
507 505 2
507 506 2
507 507 2
507 508 2
507 509 2
507 510 2
508 491 2
508 492 2
508 493 2
508 494 2
508 495 2
508 496 2
508 497 2
508 498 2
508 499 2
508 500 2
508 501 2
508 502 2
508 503 2
508 504 2
508 505 2
508 506 2
508 507 2
508 508 2
508 509 2
508 510 2
509 491 2
509 492 2
509 493 2
509 494 2
509 495 2
509 496 2
509 497 2
509 498 2
509 499 2
509 500 2
509 501 2
509 502 2
509 503 2
509 504 2
509 505 2
509 506 2
509 507 2
509 508 2
509 509 2
509 510 2
510 491 2
510 492 2
510 493 2
510 494 2
510 495 2
510 496 2
510 497 2
510 498 2
510 499 2
510 500 2
510 501 2
510 502 2
510 503 2
510 504 2
510 505 2
510 506 2
510 507 2
510 508 2
510 509 2
510 510 2
