281
273
254
237
216
196
167
149
130
102
94
87
73
66
65
50
45
41
42
35
45
35
45
42
47
46
47
43
40
43
36
35
31
33
33
31
31
31
34
34
34
36
39
37
44
51
35
43
46
53
46
54
40
26
38
48
44
39
34
32
33
24
33
33
32
33
35
42
40
36
35
33
29
27
32
32
35
29
34
34
32
30
35
37
44
29
31
40
44
36
35
36
27
31
29
28
25
27
32
29
26
30
34
36
21
24
26
27
33
33
20
21
30
27
25
31
28
25
37
41
36
29
35
32
24
23
21
25
32
33
32
28
32
35
30
33
37
23
24
27
29
29
35
31
29
35
31
19
18
21
20
11
19
17
20
17
22
14
18
13
11
8
11
12
21
13
9
17
22
13
11
12
15
15
16
13
15
12
16
14
15
9
12
15
12
10
15
19
16
15
17
10
11
14
14
20
22
25
16
8
15
12
16
20
22
16
15
19
12
15
14
18
20
18
12
13
11
12
10
8
13
17
13
16
13
19
14
20
16
11
15
11
12
12
13
21
11
16
11
17
15
14
16
12
10
9
10
12
18
20
10
14
10
12
14
15
18
18
15
15
13
16
14
18
16
16
18
13
12
19
18
22
9
18
15
15
11
24
17
11
20
13
14
13
12
15
12
14
11
16
19
14
9
9
13
11
14
14
18
16
14
19
12
10
11
16
16
17
8
17
12
11
12
16
12
16
15
14
23
12
16
22
15
14
10
13
13
8
15
19
16
12
20
19
11
9
12
11
18
24
14
13
11
14
11
10
20
19
11
11
14
13
13
14
11
16
19
12
9
15
15
20
12
15
15
16
14
20
10
16
13
13
13
14
21
12
13
9
10
10
15
12
13
12
12
13
25
20
11
20
20
18
17
17
11
13
15
18
15
13
10
17
17
20
13
14
9
10
7
14
15
13
16
11
14
16
21
21
11
15
9
19
13
17
19
20
18
22
18
16
21
17
16
19
16
15
7
14
14
17
21
19
16
9
11
11
9
12
21
13
15
15
12
16
15
11
8
8
17
14
17
16
14
19
12
14
17
10
13
15
12
13
13
21
21
24
16
14
9
16
16
11
14
13
11
16
18
12
12
11
11
18
12
10
14
12
18
13
10
12
13
20
12
19
15
14
12
15
17
14
12
20
20
27
22
18
17
16
23
14
15
20
15
21
18
17
19
14
20
13
18
10
16
16
16
17
23
13
12
10
10
11
14
11
16
14
19
12
17
13
17
10
13
14
19
18
10
16
13
20
15
15
13
24
10
14
11
14
9
13
10
15
13
16
12
17
12
10
15
14
29
20
12
16
15
15
14
11
17
16
17
16
13
20
18
13
21
13
18
17
22
22
15
11
13
16
17
19
18
18
13
14
18
18
14
13
13
14
13
19
15
18
13
13
11
13
7
12
22
15
11
8
15
15
14
12
13
13
16
18
14
17
16
9
18
9
20
14
12
14
15
13
14
21
25
24
25
20
18
10
17
13
24
18
15
12
18
14
14
9
15
16
13
15
17
17
9
20
13
12
15
18
15
19
10
13
10
22
19
16
16
16
18
19
22
17
14
14
14
20
24
30
23
22
13
17
16
20
17
12
15
11
15
10
13
12
12
12
17
18
15
12
12
11
16
12
11
13
16
11
11
19
14
19
16
16
16
15
20
15
13
16
24
20
17
20
18
19
12
15
11
15
16
13
11
17
15
14
12
13
14
11
15
12
9
17
15
13
19
19
11
15
15
16
14
11
12
16
16
19
25
27
16
12
12
16
13
20
19
28
17
14
10
10
13
12
12
20
22
19
14
15
11
19
15
18
15
13
14
9
13
17
22
10
11
13
21
14
16
13
14
19
15
14
15
11
14
15
14
17
9
11
15
13
16
11
15
14
21
12
15
24
17
11
16
21
14
15
12
21
13
13
14
18
23
16
19
15
18
12
8
12
13
12
13
14
13
15
13
12
14
21
24
20
19
11
18
13
11
19
18
23
22
13
14
18
19
18
21
22
19
9
16
17
20
13
16
11
14
16
10
11
9
8
12
18
17
17
20
17
14
11
18
13
13
15
11
16
20
21
14
14
16
14
15
11
11
13
13
13
11
19
14
12
13
26
22
22
15
12
16
13
16
12
13
28
23
34
29
13
15
17
18
10
15
10
10
16
16
20
19
13
13
21
12
8
18
21
21
20
16
21
14
11
14
14
9
22
25
22
20
21
15
12
12
14
13
13
13
16
13
16
17
15
13
10
12
21
16
26
