0.493731942017956 0.703905521206428
0.466810857964613 0.253923013375024
0.0394572000174456 0.0421714654185445
0.496371140427076 0.26829747355101
0.502086745951619 0.681304401143549
0.00154211362129195 0.0503981253054418
0.717214471140427 0.671189725987575
0.26665982612709 0.268289682730796
0.0161257027324952 0.0605205912816249
0.48328004322696 0.333568112919159
0.478118607572018 0.662275055495402
0.0386013492010093 0.00415683158543923
0.492360590945225 0.363049967924073
0.506307705452517 0.616933129880522
0.00133170360225066 0.020016902195405
0.372636885249448 0.323616853450638
0.588784466451515 0.676015954781817
0.0385786482990305 0.000367191767538655
0.652042150310361 0.563107332846358
0.347208858284515 0.423710826787048
0.000748991405129618 0.0131818403665882
0.424281243593424 0.493992006715534
0.571479592831012 0.486301529933144
0.00423916357555619 0.0197064633513179
0.719864001854338 0.803112569850029
0.242288027718387 0.181562107915652
0.0378479704272683 0.0153253222343186
0.728236044342452 0.740833880261211
0.262974411781101 0.226333721484288
0.00878954387644805 0.0328323982545047
0.36961253889246 0.438528331147248
0.616890932114515 0.546378784906154
0.0134965289930319 0.0150928839465999
0.495450917855138 0.464918926476453
0.479362728798439 0.503898149461239
0.0251863533464145 0.0311829240623105
0.595693771451181 0.516145007542903
0.378194009539418 0.481106081645175
0.0261122190093953 0.00274891081192323
0.649586203137529 0.598409647556763
0.344169288964937 0.398036424070051
0.00624450789752722 0.0035539283731851
0.4910571685452 0.450417002012537
0.494922187670664 0.51471556907207
0.0140206437841351 0.0348674289153879
0.609284915093257 0.582809671680653
0.377768108889201 0.399740469337154
0.012946976017546 0.0174498589821858
0.380218367433167 0.453305450796092
0.588511672293294 0.494069925074182
0.0312699602735371 0.0526246241297343
0.407337468952637 0.290098525076642
0.555673379078444 0.677385387316173
0.0369891519689041 0.0325160876071944
0.518219765324317 0.481043230838547
0.471946200859562 0.480986463702283
0.00983403381612447 0.0379703054591732
0.669634878354311 0.537262621877288
0.321683003361843 0.45049945128858
0.00868211828384678 0.0122379268341325
0.323091215410251 0.39087350423129
0.659393990837313 0.586822979171176
0.0175147937524387 0.0223035165975424
0.394186664398206 0.541864482707414
0.567815086418152 0.455628015119316
0.0379982491836267 0.00250750217326724
0.580262066770274 0.53100674830931
0.400249647909396 0.442912402296827
0.0194882853203215 0.0260808493938678
0.298837137645419 0.397581995645321
0.692947866276665 0.568673099575862
0.00821499607791034 0.0337449047788115
0.48122843597029 0.576739198636289
0.514228638923665 0.414321524869326
0.00454292510606124 0.0089392764943834
0.36612385829405 0.294601851148883
0.589763231701003 0.686652109112853
0.0441129100049403 0.0187460397382719
0.599587464452097 0.503307585932593
0.370788052361301 0.486426594289295
0.0296244831866057 0.0102658197781114
0.42203963837507 0.476481669983912
0.551868049518178 0.47099969453717
0.0260923121067584 0.052518635478923
0.501355462811676 0.593067581911267
0.492094334416948 0.402278360979079
0.00655020277136584 0.00465405710966147
0.451057618326311 0.391766833915785
0.522172535896589 0.573909698099173
0.0267698457770994 0.0343234679850324
0.411232659519936 0.358430089042466
0.580825414160006 0.639675385650944
0.00794192632006219 0.00189452530659488
0.482337811989622 0.333255854730958
0.46957729014828 0.628481887380815
0.0480848978620992 0.0382622578882284
0.577889493334568 0.677302147498833
0.409814458286724 0.296195550954061
0.0122960483787065 0.0265023015471069
0.544437738817354 0.543838944282173
0.442626440302247 0.44134000986133
0.0129358208803929 0.0148210458565062
0.329210604207497 0.324912034936624
0.620939998065765 0.662762210358207
0.0498493977267315 0.0123257547051827
0.565724197947532 0.591608417819615
0.433000778320041 0.380501130397216
0.00127502373241717 0.027890451783159
0.677898257522994 0.82206324723147
0.307984134995083 0.15911449072611
0.0141176074819267 0.0188222620424141
0.479583302534706 0.516104762142792
0.505920492362861 0.448284025477123
0.014496205102434 0.0356112123800789
0.254958795726262 0.505768795328321
0.740209704770346 0.482433590003628
0.0048314995033789 0.0117976146680478
0.382236054564891 0.480205869327282
0.564799531023154 0.508099436697862
0.0529644144119433 0.0116946939748554
0.570075855468701 0.68682142428857
0.416019462698407 0.286222582276088
0.0139046818328906 0.0269559934353283
0.61234912458336 0.625035188502974
0.376368691778941 0.370259550612326
0.0112821836377102 0.00470526088471692
0.504445197232144 0.493025744858546
0.473848114172313 0.505658252334836
0.0217066885955417 0.00131600280661828
0.356574607619167 0.565111525853228
0.639933102313709 0.430596087518966
0.00349229006711023 0.00429238662781064
0.547988319479674 0.604100903392307
0.430485149395411 0.344433071108918
0.0215265311249059 0.0514660254987624
0.517059732241893 0.550226074760364
0.437864383725034 0.363249620517232
0.0450758840330568 0.0865243047223935
0.567459162915608 0.547432887316798
0.417124261921795 0.44273251944672
0.0154165751626073 0.00983459323649156
0.399578391911426 0.46866560391389
0.591110790472268 0.523578324869216
0.0093108176163079 0.00775607121690603
0.452079451539247 0.269969637069388
0.533271783756544 0.725270456922078
0.0146487647042263 0.00475990600854237
0.413423927398923 0.500912856143163
0.549507506106364 0.45949963539895
0.0370685664947103 0.0395875084578856
0.406321198058042 0.301191620414841
0.55193297347246 0.686770430426051
0.0417458284694872 0.0120379491591135
0.445552297731658 0.561982836047393
0.512454343143252 0.431014298620177
0.041993359125077 0.00700286533242935
0.578729722274544 0.444191138249002
0.385752437634267 0.538823491712662
0.0355178400911882 0.0169853700383325
0.323011629718025 0.391977084090592
0.656716976053024 0.587274690423313
0.0202713942289402 0.0207482254861023
0.63206961168947 0.598138086216738
0.338581081281752 0.385643831653624
0.02934930702878 0.0162180821296437
0.532935057442343 0.644762043655306
0.413555679742724 0.353455126641981
0.0535092628149343 0.00178282970271331
0.401136329548801 0.327337392932722
0.539988998599128 0.657601290810714
0.0588746718520787 0.0150613162565567
0.716671262170669 0.668801260928827
0.276283520912208 0.326732713374073
0.00704521691712699 0.00446602569710519
0.654303279728609 0.80226824757938
0.313739682319969 0.191095574139231
0.0319570379514147 0.00663617828137923
0.526796546849522 0.480463580226271
0.438182190425091 0.471023121812266
0.0350212627254009 0.048513297961464
0.625978835499964 0.483422423355179
0.367304329374709 0.511059507055663
0.00671683512531907 0.00551806958916234
0.519088852962681 0.570367142037201
0.441060690345844 0.41894055837986
0.0398504566914851 0.0106922995829238
0.588828836014898 0.788085026761099
0.410996199235833 0.175936836705422
0.000174964749267028 0.0359781365334904
0.350126823468656 0.36874111239465
0.607416522365213 0.630089632133431
0.0424566541661308 0.00116925547192515
0.357504355126252 0.532950409161986
0.578435585287806 0.448444833225308
0.0640600595859483 0.0186047576126959
0.507971425230363 0.411169728521935
0.471778094602936 0.583998932978605
0.0202504801667093 0.00483133849946196
0.354131786209482 0.383341255873632
0.64437379533366 0.556879074210602
0.00149441845685214 0.0597796699157561
0.399874296735579 0.501442797824044
0.588449664382892 0.481379347466504
0.0116760388815346 0.0171778547094425
0.553401630064628 0.553839647436364
0.425684154265282 0.426704664249884
0.0209142156700853 0.0194556883137395
0.610234058016476 0.703490435160762
0.339778522093804 0.286225963248027
0.0499874198897322 0.0102836015912073
0.410371840241458 0.310492428389722
0.583709572600027 0.66631928715533
0.00591858715850228 0.0231882844549428
0.530539339051603 0.528101800835767
0.393579272168613 0.415469698076588
0.0758813887797696 0.0564285010876568
0.512148558391398 0.656178911687944
0.455794981537581 0.332122256041884
0.0320564600710256 0.0116988322701831
0.431471829394428 0.297702380600776
0.555620877341129 0.686194524499415
0.0129072932644412 0.0161030948998048
0.467771784332815 0.575530929535886
0.526372560629117 0.351324678527192
0.00585565503805537 0.0731443919369283
0.536481352268521 0.754012045283377
0.444362191010214 0.244077921876396
0.0191564567212765 0.00191003284024148
0.612590617263052 0.584656073899835
0.30287178907509 0.405873150448197
0.0845375936618444 0.00947077565198313
0.418076903646165 0.529221349379537
0.532925326859343 0.448777801941373
0.048997769494496 0.0220008486791027
0.405126141777259 0.414619349558415
0.559622610503876 0.577036907806006
0.0352512477188744 0.0083437426355824
0.472274157644507 0.625655479527722
0.511196586570403 0.3620595198386
0.0165292557850898 0.012285000633683
0.39794580013355 0.27930347682699
0.570672515278928 0.710326446210389
0.0313816845875285 0.0103700769626147
0.501728557734968 0.440902716164332
0.455528087535792 0.513077600602912
0.0427433547292351 0.0460196832327568
0.723400843822788 0.852055645450981
0.221521323823659 0.11144398768794
0.0550778323535469 0.036500366861073
0.377771064117287 0.483579355518355
0.606938175642327 0.457507281932859
0.0152907602403775 0.0589133625487985
0.506766591195349 0.594388547883793
0.453524968005983 0.347229772321668
0.0397084407986561 0.0583816797945431
0.439248477953944 0.465075234754185
0.543822733104495 0.51701641707949
0.0169287889415516 0.0179083481663232
0.700239504469374 0.621074109587141
0.287372384179774 0.368191479579902
0.0123881113508542 0.0107344108329547
0.599761827876815 0.60171042468147
0.378199066585617 0.397694361883265
0.0220391055375764 0.000595213435269357
0.579507112679206 0.594818963206252
0.39254142813809 0.356883447171528
0.0279514591827059 0.0482975896222152
0.4503031202302 0.374002709303076
0.535347475994302 0.603812517442906
0.0143494037754936 0.0221847732540219
0.317705775621363 0.488600965270692
0.669963801241755 0.501140901551026
0.0123304231368735 0.0102581331782785
0.459221179665855 0.381727999636667
0.50294090923165 0.594788223841305
0.0378379111025114 0.0234837765220281
0.522820432083957 0.478939845871669
0.465029154521589 0.472906196425645
0.0121504133944565 0.048153957702673
0.552863361703557 0.583950346880041
0.444287742629289 0.379062878206392
0.00284889566714334 0.0369867749135784
0.516261684490413 0.727726904252158
0.421123110112738 0.227688086480763
0.0626152053968503 0.0445850092670731
0.599628505646069 0.750185299526603
0.358005142480161 0.201416684906538
0.042366351873774 0.0483980155668682
0.466530427150927 0.588881791094207
0.524951990071105 0.408815913982909
0.00851758277796304 0.0023022949228812
0.626854791636336 0.67952395040879
0.34286298023261 0.29106696250384
0.0302822281310436 0.029409087087373
0.480621619013671 0.585600210922552
0.514449528478336 0.37641945864387
0.00492885250800603 0.0379803304335847
0.59547108330706 0.652314404796751
0.390798156765152 0.324316315189769
0.0137307599277973 0.0233692800134883
0.507642523418002 0.508649398472685
0.490145692885263 0.476790594543715
0.00221178369673257 0.0145600069836062
0.56653628961091 0.647534589164241
0.42025524205343 0.332576753820666
0.0132084683356464 0.0198886570150986
0.476165748850842 0.360920550087862
0.50250219683494 0.614372868718477
0.0213320543142204 0.0247065811936552
0.478714073512678 0.358023648905833
0.512857628567854 0.626570650687472
0.00842829791947073 0.0154057004066987
0.578806668845557 0.565556765016596
0.402165392059539 0.369833931084947
0.0190279390949187 0.0646093038984434
0.498717321042362 0.685491594491559
0.483909367456267 0.26753090096684
0.0173733115013727 0.0469775045416062
0.326241055120471 0.437097671865274
0.594978180309271 0.531625366789814
0.0787807645702671 0.0312769613449017
0.379759038317692 0.409552861403421
0.618842963935893 0.563035149754686
0.00139799774641055 0.0274119888418957
0.482164806704986 0.554023737043905
0.501085968656979 0.432661590599423
0.0167492246380423 0.013314672356673
0.308603207609247 0.434857555118056
0.659952874707529 0.553434155476379
0.031443917683222 0.0117082894055744
0.539535991118937 0.365968238422345
0.449215550427027 0.545830299746639
0.0112484584540421 0.0882014618310067
0.489022191933429 0.533293255745033
0.498719656181453 0.434914850704222
0.0122581518851135 0.0317918935507431
0.511947222269047 0.38260570295967
0.444976891927333 0.597606735910017
0.0430758858036204 0.0197875611303022
0.38760470139639 0.347352406046701
0.598780851475568 0.617252154717064
0.0136144471280393 0.0353954392362221
0.659402347092116 0.72863804294285
0.339117015418031 0.249840854491537
0.00148063748984461 0.0215211025656288
0.596690370520207 0.743148625757339
0.369044923264975 0.244527861997064
0.0342647062148134 0.0123235122455904
0.493992584995038 0.561367511727269
0.491678785138123 0.393029019971799
0.0143286298668391 0.0456034683009321
0.617550466772517 0.693257055308622
0.371662307790865 0.28520551824817
0.0107872254366193 0.0215374264432077
0.414759591704658 0.255808296988298
0.547989014720028 0.713306502446686
0.0372513935753183 0.0308852005650333
0.503970166203811 0.425001932779536
0.489879911016274 0.548128289605415
0.00614992277991799 0.0268697776150571
0.499540627720692 0.688127856977066
0.467027247877395 0.298962948104353
0.0334321244019185 0.0129091949185922
0.351608591144498 0.338948719060939
0.608546985843191 0.620827310422211
0.0398444230123081 0.0402239705168591
0.487853465709876 0.432844631243821
0.488453511394806 0.553739303603947
0.023693022895318 0.0134160651522368
0.425280388011117 0.242360460582197
0.556453315429 0.756032041198523
0.0182662965598737 0.00160749821927914
0.346052029499162 0.204886062195726
0.65178261066286 0.755166822491297
0.00216535983797044 0.0399471153129724
0.485809736551061 0.689148645165389
0.486575633157766 0.299103750585291
0.0276146302911827 0.0117476042493162
0.444364343176589 0.316621828688312
0.510155909268917 0.649854520894511
0.0454797475544925 0.0335236504171732
0.47113735576221 0.527984091493181
0.509673311907608 0.453420708701804
0.0191893323301726 0.0185951998050093
0.456772271189421 0.411290291160748
0.541776090502314 0.558358859018086
0.00145163830825752 0.0303508498211694
0.398635895767956 0.435541482520969
0.589741505602547 0.541658881306732
0.0116225986294953 0.0227996361722948
0.440063605904434 0.479191762558418
0.541032825974128 0.49880492476888
0.0189035681214342 0.0220033126726911
0.484863364133715 0.483129973891154
0.500694786347214 0.480430977736618
0.014441849519068 0.0364390483722189
0.507084176852613 0.321430384636733
0.467002144061093 0.672531181091596
0.0259136790863059 0.00603843427166071
0.308753642065619 0.379135249605591
0.635312057258158 0.616901903382612
0.0559343006762186 0.00396284701178729
0.351503238817238 0.392167950344913
0.639378840514939 0.562942106640789
0.00911792066782885 0.0448899430142895
0.475783822497529 0.453303414670395
0.518929842242999 0.504039776779635
0.00528633525947123 0.0426568085499718
0.363411838948082 0.209243471355054
0.62850262111543 0.787700070361552
0.00808553993649963 0.00305645828338808
0.494498404854823 0.607542822208632
0.500703529780136 0.371468237923983
0.00479806536504777 0.020988939867385
0.313633290069111 0.379081996537062
0.619189648812156 0.583103948053182
0.0671770611187215 0.0378140554097472
0.435527969148321 0.398158824737585
0.558114669131608 0.58929643104722
0.00635736172008192 0.0125447442151886
0.441201262257829 0.371158533198586
0.555448919297987 0.552910663262481
0.00334981844419526 0.0759308035389244
0.43405274176253 0.295157006368696
0.537704832384678 0.678075892792496
0.0282424258527941 0.0267671008388144
0.616130309019642 0.531992274608281
0.362946701561788 0.419663060211669
0.020922989418557 0.0483446651800633
0.586777255112565 0.486459647156058
0.374384353177169 0.456015063940906
0.0388383917102644 0.0575252889030314
0.49844987588106 0.434712918682005
0.458019142924871 0.555728199542838
0.0435309811940733 0.00955888177516863
0.419558110580402 0.399465834109343
0.478783334756888 0.600228181202636
0.101658554662696 0.000305984688012108
0.45793104188114 0.31540178851614
0.537234164221276 0.650582758041182
0.00483479389758124 0.0340154534426942
0.553643278710995 0.537816694207934
0.401105340205278 0.436321355766724
0.0452513810837155 0.025861950025342
0.365906248983017 0.455554711259255
0.633524708433142 0.540534897459278
0.000569042583833239 0.00391039128146875
0.514368379708572 0.672218321405737
0.427309127691123 0.324771982509477
0.0583224926003021 0.00300969608478719
0.406569414619691 0.426150609016075
0.489160656818059 0.545987453208893
0.104269928562252 0.0278619377750432
0.650616737854024 0.519230545334268
0.322645198896339 0.480567253872665
0.0267380632496371 0.000202200793057866
0.464828922187336 0.199123420087508
0.528448915844917 0.799029581353648
0.00672216196775652 0.00184699855885347
0.589613114422844 0.500821629098486
0.398330586490374 0.425091074402758
0.0120562990867755 0.0740872964987513
0.625785400926747 0.703525180829794
0.356081293616151 0.276202928416867
0.0181333054571056 0.02027189075333
0.449141582925843 0.584696403821
0.544524026152145 0.348938185140696
0.00633439092201912 0.0663654110382974
0.490553194763835 0.482758482113923
0.501306015762921 0.509401194348019
0.00814078947323417 0.00784032353804865
0.561974919766741 0.492526305945148
0.40331754569051 0.498888694936564
0.0347075345427407 0.00858499911829183
0.415334353343047 0.313023225267079
0.581693356272906 0.599089563948311
0.0029722903840499 0.0878872107846198
0.640070938160992 0.487255765443497
0.348006618996716 0.505381610204682
0.011922442842284 0.00736262435180482
0.611320205654123 0.583498321582271
0.37875335432839 0.410102559849958
0.00992644001749077 0.00639911856777608
0.603404257357848 0.764822695080928
0.35601825028598 0.198299787106274
0.0405774923561823 0.0368775178127949
0.529059578843036 0.532769233726132
0.435219343158869 0.445807450360822
0.0357210779980867 0.0214233159130334
0.63092739899231 0.439710105068456
0.322447697508602 0.558855527193656
0.0466249034990867 0.00143436773789695
0.550762533229813 0.62162094361884
0.433250154974184 0.328712002744484
0.015987311796018 0.0496670536366652
0.623747516943681 0.640947774329503
0.362136779099899 0.358203161235679
0.0141157039564307 0.000849064434824505
0.381483013664025 0.530348774838461
0.597476295244345 0.458726659946345
0.0210406910916364 0.0109245652151938
0.484535106773687 0.43099852744941
0.483018937428024 0.568149026083461
0.0324459557983021 0.000852446467127049
0.642652634023701 0.855236658553744
0.32899213715799 0.123928607661791
0.0283552288183192 0.0208347337844544
0.596165851251513 0.636604553059669
0.399274472757611 0.317530507963902
0.00455967599086895 0.0458649389764337
0.585038525832161 0.436949755329543
0.39295735251306 0.517240015233724
0.0220041216547754 0.0458102294367249
0.608785836525555 0.340964476451259
0.365105239715523 0.64645215411106
0.0261089237589273 0.0125833694376732
0.412360958252121 0.319165374650248
0.576120037372717 0.657762595386213
0.0115190043751714 0.0230720299635364
0.474794412298521 0.531599187208147
0.513603877058035 0.452324860959114
0.011601710643437 0.0160759518327289
0.301256403556662 0.439390803136064
0.696514855425799 0.545975984674104
0.0022287410175395 0.0146332121898265
0.585307363002229 0.744689727168455
0.381714228216372 0.228826847536849
0.0329784087814025 0.0264834252946927
0.66553541780205 0.611559187652461
0.318459223592725 0.380869982655473
0.016005358605233 0.00757082969206822
0.32675843403468 0.413568440042293
0.625505764511218 0.56999003576476
0.0477358014540906 0.0164415241929561
0.439071025446444 0.32788391495688
0.555670701273341 0.624252821622704
0.00525827328021933 0.0478632634204076
0.394039202504926 0.275246570218057
0.571536516132312 0.723932839180521
0.0344242813627665 0.000820590601422953
0.454341229094499 0.20666792842084
0.506498097987631 0.784557324283355
0.0391606729178626 0.0087747472958073
0.594907889258581 0.654188109489323
0.368820390155558 0.27827038211268
0.0362717205858656 0.0675415083980018
0.650350685194668 0.821223141799021
0.308446801904574 0.12747119916628
0.041202512900757 0.0513056590346843
0.579578389978561 0.485041941130059
0.377728765442782 0.506202596445387
0.0426928445786647 0.00875546242456936
0.485076573367603 0.575974818798898
0.480589744400807 0.37460788722587
0.0343336822315905 0.0494172939752241
0.444448678903599 0.700811891877028
0.528721957667982 0.208622838861979
0.0268293634284191 0.0905652692610003
0.384490310120553 0.580793839606709
0.595336718518639 0.381247447119941
0.0201729713608073 0.0379587132733612
0.514519238933971 0.616807351979005
0.420188836796227 0.379012649260896
0.0652919242698141 0.00417999876008847
0.293309334452211 0.417618107954583
0.697061883151027 0.562676484370785
0.00962878239676201 0.0197054076746297
0.567201528063992 0.746459585210459
0.426668445841682 0.246005776576057
0.00613002609433088 0.0075346382134851
0.520792347345718 0.529524751857974
0.471915498438099 0.447577220031023
0.00729215421617836 0.0228980281110106
0.613360197205854 0.579235182260944
0.357271596748855 0.371259105019565
0.0293682060452835 0.0495057127195005
0.517838228714725 0.42193463653367
0.481928589078677 0.565623403564701
0.000233182206592047 0.0124419599016223
0.449010356170224 0.21688833681292
0.529022122235346 0.780262349541102
0.0219675215944268 0.00284931364596393
0.471766523559282 0.504764514177296
0.499070421129087 0.494241889752683
0.0291630553116346 0.000993596070024881
0.617577213551968 0.402600041691279
0.372584087748015 0.573983282232106
0.00983869870000122 0.0234166760766254
0.455196531918774 0.426524365392994
0.489507734395208 0.51872521763157
0.0552957336860084 0.0547504169754377
0.42947369270401 0.571537716931586
0.548710971035361 0.380276348863385
0.0218153362606196 0.048185934205027
0.407463861195271 0.56801733141934
0.543007795368012 0.418461962105348
0.0495283434367117 0.0135207064753219
0.556940150692015 0.482351416428287
0.397665395956545 0.507881259344913
0.0453944533514464 0.0097673242267982
-999 -999
-999 -999
-999 -999
-999 -999
-999 -999
-999 -999
