491 491 1
491 492 1
491 493 1
491 494 1
491 495 1
491 496 1
491 497 1
491 498 1
491 499 1
491 500 1
491 501 1
491 502 1
491 503 1
491 504 1
491 505 1
491 506 1
491 507 1
491 508 1
491 509 1
491 510 1
492 491 1
492 492 1
492 493 1
492 494 1
492 495 1
492 496 1
492 497 1
492 498 1
492 499 1
492 500 1
492 501 1
492 502 1
492 503 1
492 504 1
492 505 1
492 506 1
492 507 1
492 508 1
492 509 1
492 510 1
493 491 1
493 492 1
493 493 1
493 494 1
493 495 1
493 496 1
493 497 1
493 498 1
493 499 1
493 500 1
493 501 1
493 502 1
493 503 1
493 504 1
493 505 1
493 506 1
493 507 1
493 508 1
493 509 1
493 510 1
494 491 1
494 492 1
494 493 1
494 494 1
494 495 1
494 496 1
494 497 1
494 498 1
494 499 1
494 500 1
494 501 1
494 502 1
494 503 1
494 504 1
494 505 1
494 506 1
494 507 1
494 508 1
494 509 1
494 510 1
495 491 1
495 492 1
495 493 1
495 494 1
495 495 1
495 496 1
495 497 1
495 498 1
495 499 1
495 500 1
495 501 1
495 502 1
495 503 1
495 504 1
495 505 1
495 506 1
495 507 1
495 508 1
495 509 1
495 510 1
496 491 1
496 492 1
496 493 1
496 494 1
496 495 1
496 496 1
496 497 1
496 498 1
496 499 1
496 500 1
496 501 1
496 502 1
496 503 1
496 504 1
496 505 1
496 506 1
496 507 1
496 508 1
496 509 1
496 510 1
497 491 1
497 492 1
497 493 1
497 494 1
497 495 1
497 496 1
497 497 1
497 498 1
497 499 1
497 500 1
497 501 1
497 502 1
497 503 1
497 504 1
497 505 1
497 506 1
497 507 1
497 508 1
497 509 1
497 510 1
498 491 1
498 492 1
498 493 1
498 494 1
498 495 1
498 496 1
498 497 1
498 498 1
498 499 1
498 500 1
498 501 1
498 502 1
498 503 1
498 504 1
498 505 1
498 506 1
498 507 1
498 508 1
498 509 1
498 510 1
499 491 1
499 492 1
499 493 1
499 494 1
499 495 1
499 496 1
499 497 1
499 498 1
499 499 1
499 500 1
499 501 1
499 502 1
499 503 1
499 504 1
499 505 1
499 506 1
499 507 1
499 508 1
499 509 1
499 510 1
500 491 1
500 492 1
500 493 1
500 494 1
500 495 1
500 496 1
500 497 1
500 498 1
500 499 1
500 500 1
500 501 1
500 502 1
500 503 1
500 504 1
500 505 1
500 506 1
500 507 1
500 508 1
500 509 1
500 510 1
501 491 2
501 492 2
501 493 2
501 494 2
501 495 2
501 496 2
501 497 2
501 498 2
501 499 2
501 500 2
501 501 2
501 502 2
501 503 2
501 504 2
501 505 2
501 506 2
501 507 2
501 508 2
501 509 2
501 510 2
502 491 2
502 492 2
502 493 2
502 494 2
502 495 2
502 496 2
502 497 2
502 498 2
502 499 2
502 500 2
502 501 2
502 502 2
502 503 2
502 504 2
502 505 2
502 506 2
502 507 2
502 508 2
502 509 2
502 510 2
503 491 2
503 492 2
503 493 2
503 494 2
503 495 2
503 496 2
503 497 2
503 498 2
503 499 2
503 500 2
503 501 2
503 502 2
503 503 2
503 504 2
503 505 2
503 506 2
503 507 2
503 508 2
503 509 2
503 510 2
504 491 2
504 492 2
504 493 2
504 494 2
504 495 2
504 496 2
504 497 2
504 498 2
504 499 2
504 500 2
504 501 2
504 502 2
504 503 2
504 504 2
504 505 2
504 506 2
504 507 2
504 508 2
504 509 2
504 510 2
505 491 2
505 492 2
505 493 2
505 494 2
505 495 2
505 496 2
505 497 2
505 498 2
505 499 2
505 500 2
505 501 2
505 502 2
505 503 2
505 504 2
505 505 2
505 506 2
505 507 2
505 508 2
505 509 2
505 510 2
506 491 2
506 492 2
506 493 2
506 494 2
506 495 2
506 496 2
506 497 2
506 498 2
506 499 2
506 500 2
506 501 2
506 502 2
506 503 2
506 504 2
506 505 2
506 506 2
506 507 2
506 508 2
506 509 2
506 510 2
507 491 2
507 492 2
507 493 2
507 494 2
507 495 2
507 496 2
507 497 2
507 498 2
507 499 2
507 500 2
507 501 2
507 502 2
507 503 2
507 504 2
507 505 2
507 506 2
507 507 2
507 508 2
507 509 2
507 510 2
508 491 2
508 492 2
508 493 2
508 494 2
508 495 2
508 496 2
508 497 2
508 498 2
508 499 2
508 500 2
508 501 2
508 502 2
508 503 2
508 504 2
508 505 2
508 506 2
508 507 2
508 508 2
508 509 2
508 510 2
509 491 2
509 492 2
509 493 2
509 494 2
509 495 2
509 496 2
509 497 2
509 498 2
509 499 2
509 500 2
509 501 2
509 502 2
509 503 2
509 504 2
509 505 2
509 506 2
509 507 2
509 508 2
509 509 2
509 510 2
510 491 2
510 492 2
510 493 2
510 494 2
510 495 2
510 496 2
510 497 2
510 498 2
510 499 2
510 500 2
510 501 2
510 502 2
510 503 2
510 504 2
510 505 2
510 506 2
510 507 2
510 508 2
510 509 2
510 510 2
