376
365
365
361
348
320
306
296
282
274
257
229
214
198
184
158
141
132
127
103
93
82
71
66
33
23
15
25
24
26
25
16
14
11
18
17
20
19
16
18
16
13
11
12
9
10
13
20
18
14
16
8
7
8
9
10
11
8
8
6
8
6
5
6
10
4
5
5
7
8
5
4
7
6
6
4
7
6
5
6
6
4
5
8
5
7
6
4
4
5
6
7
4
4
4
5
8
7
5
6
4
5
6
4
6
4
4
4
4
6
6
4
5
6
4
6
4
5
6
4
6
6
5
6
5
2
2
4
3
3
3
2
2
3
3
2
2
2
2
2
2
4
3
2
3
3
2
2
2
2
5
2
2
2
2
2
2
3
2
3
2
3
2
3
2
2
3
2
2
2
2
3
2
2
2
2
2
2
2
2
2
2
3
3
4
2
2
2
2
4
2
2
2
2
2
3
2
2
2
2
5
2
2
3
2
2
2
2
2
2
2
2
2
2
2
2
2
2
2
2
2
2
2
2
2
2
2
2
2
2
2
2
2
2
2
2
2
2
2
2
2
2
2
2
2
2
2
2
2
2
2
2
2
2
2
2
2
2
2
2
2
3
2
2
2
2
2
2
2
2
2
2
2
2
2
2
2
2
2
2
2
2
2
2
2
2
2
2
2
2
2
2
2
2
2
2
2
2
2
2
2
2
2
2
2
2
2
2
2
2
2
2
2
2
3
2
2
2
3
2
2
3
2
2
2
2
2
2
3
2
2
2
2
3
2
2
2
2
2
2
2
2
2
2
2
2
2
2
2
2
2
2
2
2
2
2
2
2
2
2
2
2
2
2
2
2
2
2
2
2
2
2
2
2
2
2
2
2
2
2
2
2
2
2
2
2
2
2
2
2
2
2
2
2
2
2
2
2
2
2
2
2
2
3
2
2
2
2
2
2
3
2
2
3
2
2
2
2
3
2
2
2
2
3
3
2
2
2
2
3
3
2
2
2
2
3
4
3
2
3
2
2
2
2
2
3
2
2
2
2
2
3
2
2
2
2
2
2
2
2
2
2
2
2
2
2
2
2
2
2
2
2
2
2
2
2
2
2
2
2
2
2
2
2
2
2
2
2
2
2
2
2
2
2
2
2
2
2
2
2
2
2
2
2
2
2
2
2
2
2
2
3
3
2
2
2
2
3
2
2
2
2
2
2
2
2
2
3
2
2
2
2
2
2
2
2
2
2
2
2
2
2
2
2
2
2
2
2
2
2
2
2
2
2
2
2
2
3
2
2
2
2
2
2
2
2
2
2
2
2
2
3
2
2
2
3
2
2
2
2
2
2
2
2
2
2
2
2
2
2
2
2
2
2
2
2
2
2
2
2
2
2
2
2
2
2
2
2
2
2
2
2
2
2
2
2
2
2
2
2
2
2
2
2
2
2
2
3
2
2
2
2
2
2
3
2
2
2
2
2
2
2
2
2
2
2
2
2
2
2
2
2
2
2
2
2
2
2
2
2
2
2
2
2
2
2
2
2
2
2
2
2
2
2
2
2
2
2
2
2
2
3
2
2
2
2
2
2
2
2
2
2
2
2
2
2
2
2
2
2
2
2
2
2
2
2
2
2
2
2
2
2
2
2
2
2
2
2
2
2
2
2
2
2
3
2
2
2
2
2
2
2
3
2
4
2
3
2
2
3
2
2
3
2
2
2
2
3
2
2
2
2
2
2
2
2
2
3
2
3
2
4
2
2
2
2
2
2
2
2
2
2
2
2
3
2
2
2
2
2
2
2
2
2
3
2
2
2
2
2
3
3
3
2
2
2
2
2
2
2
3
2
2
2
2
2
2
2
2
2
2
2
2
2
2
2
2
2
2
2
2
2
2
2
2
2
2
2
2
2
2
2
2
2
2
2
2
2
2
2
2
3
2
2
2
2
2
2
2
2
3
2
2
2
2
2
2
3
2
2
2
2
2
2
3
2
2
2
2
2
2
2
3
2
2
2
2
2
2
2
2
2
2
2
2
2
2
2
2
2
2
2
2
2
2
2
2
2
2
2
2
2
2
2
2
2
2
2
2
2
2
2
2
2
2
2
2
2
2
2
2
2
2
2
2
2
2
2
2
2
2
2
2
2
2
2
2
2
2
2
2
2
2
2
2
2
2
2
2
2
2
2
3
2
2
2
2
3
2
3
2
2
2
2
2
2
2
3
2
2
2
3
2
3
2
2
2
2
2
2
2
2
2
2
2
2
2
2
2
2
2
3
2
2
2
2
2
2
2
2
