0.723666266200236 0.325118812504143 -999 -999 -999 -999 -999 -999 -999 -999
0.273428245090393 0.33507435335229 -999 -999 -999 -999 -999 -999 -999 -999
0.00290548870937118 0.339806834143567 -999 -999 -999 -999 -999 -999 -999 -999
0.751439910709164 0.319875350809333 -999 -999 -999 -999 -999 -999 -999 -999
0.244881773610763 0.339748022408044 -999 -999 -999 -999 -999 -999 -999 -999
0.00367831568007285 0.340376626782622 -999 -999 -999 -999 -999 -999 -999 -999
0.660915273628654 0.333184939522412 -999 -999 -999 -999 -999 -999 -999 -999
0.336685844414348 0.332624256478844 -999 -999 -999 -999 -999 -999 -999 -999
0.00239888195699714 0.334190803998745 -999 -999 -999 -999 -999 -999 -999 -999
0.822211614145338 0.324652885374021 -999 -999 -999 -999 -999 -999 -999 -999
0.172393099773512 0.34581766323343 -999 -999 -999 -999 -999 -999 -999 -999
0.00539528608114942 0.329529451392548 -999 -999 -999 -999 -999 -999 -999 -999
0.599489412823415 0.325536883041378 -999 -999 -999 -999 -999 -999 -999 -999
0.398502284589645 0.348087859350151 -999 -999 -999 -999 -999 -999 -999 -999
0.00200830258694003 0.326375257608471 -999 -999 -999 -999 -999 -999 -999 -999
0.681822271202179 0.320842963045147 -999 -999 -999 -999 -999 -999 -999 -999
0.315541131934617 0.344141333686547 -999 -999 -999 -999 -999 -999 -999 -999
0.00263659686320441 0.335015703268307 -999 -999 -999 -999 -999 -999 -999 -999
0.888995540166908 0.32292368815727 -999 -999 -999 -999 -999 -999 -999 -999
0.101648259837431 0.334062681844664 -999 -999 -999 -999 -999 -999 -999 -999
0.00935619999565997 0.343013629998066 -999 -999 -999 -999 -999 -999 -999 -999
0.652663802691074 0.34598492405268 -999 -999 -999 -999 -999 -999 -999 -999
0.345029112399464 0.338088266955502 -999 -999 -999 -999 -999 -999 -999 -999
0.00230708490946198 0.315926808991818 -999 -999 -999 -999 -999 -999 -999 -999
0.846800691286606 0.323893952491764 -999 -999 -999 -999 -999 -999 -999 -999
0.14616552881338 0.33084916482192 -999 -999 -999 -999 -999 -999 -999 -999
0.007033779900015 0.345256882686317 -999 -999 -999 -999 -999 -999 -999 -999
0.638827117950229 0.333743543011998 -999 -999 -999 -999 -999 -999 -999 -999
0.359155256623143 0.329383864195223 -999 -999 -999 -999 -999 -999 -999 -999
0.00201762542662917 0.336872592792779 -999 -999 -999 -999 -999 -999 -999 -999
0.767908631428167 0.340943602780573 -999 -999 -999 -999 -999 -999 -999 -999
0.22800034642737 0.318049583417333 -999 -999 -999 -999 -999 -999 -999 -999
0.00409102214446329 0.341006813802093 -999 -999 -999 -999 -999 -999 -999 -999
0.776672779622461 0.33941151477784 -999 -999 -999 -999 -999 -999 -999 -999
0.219041125793237 0.334118504600075 -999 -999 -999 -999 -999 -999 -999 -999
0.00428609458430098 0.326469980622085 -999 -999 -999 -999 -999 -999 -999 -999
0.70541797724301 0.334969675952317 -999 -999 -999 -999 -999 -999 -999 -999
0.291743023860065 0.331254203761684 -999 -999 -999 -999 -999 -999 -999 -999
0.00283899889692503 0.333776120285999 -999 -999 -999 -999 -999 -999 -999 -999
0.848057584941585 0.320928589788336 -999 -999 -999 -999 -999 -999 -999 -999
0.145285385592206 0.337557777897725 -999 -999 -999 -999 -999 -999 -999 -999
0.00665702946620845 0.341513632313939 -999 -999 -999 -999 -999 -999 -999 -999
0.730116994992648 0.358144522834235 -999 -999 -999 -999 -999 -999 -999 -999
0.266512445366151 0.312977953437391 -999 -999 -999 -999 -999 -999 -999 -999
0.00337055964119991 0.328877523728374 -999 -999 -999 -999 -999 -999 -999 -999
0.835975264215712 0.340831218205368 -999 -999 -999 -999 -999 -999 -999 -999
0.157944659789386 0.347632239187745 -999 -999 -999 -999 -999 -999 -999 -999
0.00608007599490351 0.311536542606887 -999 -999 -999 -999 -999 -999 -999 -999
0.693266443198487 0.349294555357637 -999 -999 -999 -999 -999 -999 -999 -999
0.303894922981205 0.322683775430726 -999 -999 -999 -999 -999 -999 -999 -999
0.00283863382030935 0.328021669211637 -999 -999 -999 -999 -999 -999 -999 -999
0.647154423256765 0.319828356442754 -999 -999 -999 -999 -999 -999 -999 -999
0.350588349593006 0.340544408421443 -999 -999 -999 -999 -999 -999 -999 -999
0.00225722715022899 0.339627235135804 -999 -999 -999 -999 -999 -999 -999 -999
0.784048769889956 0.347078057594872 -999 -999 -999 -999 -999 -999 -999 -999
0.211506956813298 0.330160507432457 -999 -999 -999 -999 -999 -999 -999 -999
0.00444427329674556 0.322761434972671 -999 -999 -999 -999 -999 -999 -999 -999
0.86699627393873 0.349787077016933 -999 -999 -999 -999 -999 -999 -999 -999
0.125470385221403 0.332561201948554 -999 -999 -999 -999 -999 -999 -999 -999
0.00753334083986685 0.317651721034513 -999 -999 -999 -999 -999 -999 -999 -999
0.730854329210682 0.331212975682611 -999 -999 -999 -999 -999 -999 -999 -999
0.265734193099137 0.329565427085123 -999 -999 -999 -999 -999 -999 -999 -999
0.00341147769018051 0.339221597232266 -999 -999 -999 -999 -999 -999 -999 -999
0.762455026265102 0.314020219342289 -999 -999 -999 -999 -999 -999 -999 -999
0.233785765144395 0.333825288250878 -999 -999 -999 -999 -999 -999 -999 -999
0.0037592085905028 0.352154492406833 -999 -999 -999 -999 -999 -999 -999 -999
0.67154974233616 0.339591586582091 -999 -999 -999 -999 -999 -999 -999 -999
0.326027696750916 0.336777059700325 -999 -999 -999 -999 -999 -999 -999 -999
0.00242256091292402 0.323631353717584 -999 -999 -999 -999 -999 -999 -999 -999
0.782374579616982 0.329017045375557 -999 -999 -999 -999 -999 -999 -999 -999
0.212737100500325 0.336752511298043 -999 -999 -999 -999 -999 -999 -999 -999
0.00488831988269413 0.3342304433264 -999 -999 -999 -999 -999 -999 -999 -999
0.678497863731601 0.31060940773067 -999 -999 -999 -999 -999 -999 -999 -999
0.319043194738911 0.335168163160532 -999 -999 -999 -999 -999 -999 -999 -999
0.00245894152948871 0.354222429108797 -999 -999 -999 -999 -999 -999 -999 -999
0.675529440173407 0.313426086064336 -999 -999 -999 -999 -999 -999 -999 -999
0.321954373186135 0.340367494579169 -999 -999 -999 -999 -999 -999 -999 -999
0.00251618664045901 0.346206419356496 -999 -999 -999 -999 -999 -999 -999 -999
0.674757135540186 0.329329323305456 -999 -999 -999 -999 -999 -999 -999 -999
0.322502030144656 0.333525783074744 -999 -999 -999 -999 -999 -999 -999 -999
0.00274083431515873 0.3371448936198 -999 -999 -999 -999 -999 -999 -999 -999
0.662526206212325 0.32691965208936 -999 -999 -999 -999 -999 -999 -999 -999
0.334803777924789 0.336591416494551 -999 -999 -999 -999 -999 -999 -999 -999
0.00267001586288665 0.336488931416089 -999 -999 -999 -999 -999 -999 -999 -999
0.703457152506031 0.330916540616678 -999 -999 -999 -999 -999 -999 -999 -999
0.293681709035153 0.333747900003985 -999 -999 -999 -999 -999 -999 -999 -999
0.00286113845881517 0.335335559379338 -999 -999 -999 -999 -999 -999 -999 -999
0.77062389403714 0.347525860936183 -999 -999 -999 -999 -999 -999 -999 -999
0.22524200061799 0.329619701922546 -999 -999 -999 -999 -999 -999 -999 -999
0.00413410534486973 0.322854437141271 -999 -999 -999 -999 -999 -999 -999 -999
0.769556859810849 0.3131862698772 -999 -999 -999 -999 -999 -999 -999 -999
0.226104013358088 0.347920756351868 -999 -999 -999 -999 -999 -999 -999 -999
0.00433912683106299 0.338892973770932 -999 -999 -999 -999 -999 -999 -999 -999
0.701838230979537 0.322953352740355 -999 -999 -999 -999 -999 -999 -999 -999
0.295070540041749 0.331754755341227 -999 -999 -999 -999 -999 -999 -999 -999
0.00309122897871428 0.34529189191842 -999 -999 -999 -999 -999 -999 -999 -999
0.789830138342816 0.334426956535174 -999 -999 -999 -999 -999 -999 -999 -999
0.20561390409899 0.333489033824169 -999 -999 -999 -999 -999 -999 -999 -999
0.00455595755819417 0.332084009640657 -999 -999 -999 -999 -999 -999 -999 -999
0.787038342267392 0.338992069276299 -999 -999 -999 -999 -999 -999 -999 -999
0.208473434363692 0.32074875627359 -999 -999 -999 -999 -999 -999 -999 -999
0.0044882233689162 0.34025917445011 -999 -999 -999 -999 -999 -999 -999 -999
0.710048049927011 0.336653682873005 -999 -999 -999 -999 -999 -999 -999 -999
0.287008810378059 0.340848253832836 -999 -999 -999 -999 -999 -999 -999 -999
0.00294313969493038 0.32249806329416 -999 -999 -999 -999 -999 -999 -999 -999
0.727882584448493 0.356887118308148 -999 -999 -999 -999 -999 -999 -999 -999
0.268534395764007 0.321990813859286 -999 -999 -999 -999 -999 -999 -999 -999
0.00358301978750042 0.321122067832566 -999 -999 -999 -999 -999 -999 -999 -999
0.794572997074267 0.345845899656953 -999 -999 -999 -999 -999 -999 -999 -999
0.200823978272439 0.330799342522058 -999 -999 -999 -999 -999 -999 -999 -999
0.0046030246532934 0.323354757820989 -999 -999 -999 -999 -999 -999 -999 -999
0.748854510012311 0.334126469055053 -999 -999 -999 -999 -999 -999 -999 -999
0.247682759624068 0.342825756521432 -999 -999 -999 -999 -999 -999 -999 -999
0.00346273036362034 0.323047774423515 -999 -999 -999 -999 -999 -999 -999 -999
0.812555259433759 0.314836201425005 -999 -999 -999 -999 -999 -999 -999 -999
0.182376452284612 0.348634181526279 -999 -999 -999 -999 -999 -999 -999 -999
0.00506828828162969 0.336529617048716 -999 -999 -999 -999 -999 -999 -999 -999
0.769375466752195 0.350227469566554 -999 -999 -999 -999 -999 -999 -999 -999
0.22664283374808 0.340488343269932 -999 -999 -999 -999 -999 -999 -999 -999
0.00398169949972461 0.309284187163513 -999 -999 -999 -999 -999 -999 -999 -999
0.843642817621811 0.33683802637345 -999 -999 -999 -999 -999 -999 -999 -999
0.149690636494187 0.343431884913256 -999 -999 -999 -999 -999 -999 -999 -999
0.00666654588400348 0.319730088713295 -999 -999 -999 -999 -999 -999 -999 -999
0.687152101867887 0.320573766416591 -999 -999 -999 -999 -999 -999 -999 -999
0.3102641471449 0.331449480080328 -999 -999 -999 -999 -999 -999 -999 -999
0.0025837509872126 0.347976753503082 -999 -999 -999 -999 -999 -999 -999 -999
0.791435924275451 0.350340015131412 -999 -999 -999 -999 -999 -999 -999 -999
0.203687571426421 0.331708257086435 -999 -999 -999 -999 -999 -999 -999 -999
0.00487650429812721 0.317951727782152 -999 -999 -999 -999 -999 -999 -999 -999
0.756930030501611 0.345705522232993 -999 -999 -999 -999 -999 -999 -999 -999
0.238998291758153 0.333926719531632 -999 -999 -999 -999 -999 -999 -999 -999
0.00407167774023474 0.320367758235376 -999 -999 -999 -999 -999 -999 -999 -999
0.760525513437614 0.349694584748618 -999 -999 -999 -999 -999 -999 -999 -999
0.235170997228951 0.349020765369207 -999 -999 -999 -999 -999 -999 -999 -999
0.00430348933343635 0.301284649882175 -999 -999 -999 -999 -999 -999 -999 -999
0.794602190009608 0.322656880520079 -999 -999 -999 -999 -999 -999 -999 -999
0.201101474241047 0.337631099956021 -999 -999 -999 -999 -999 -999 -999 -999
0.00429633574934475 0.3397120195239 -999 -999 -999 -999 -999 -999 -999 -999
0.776263538439673 0.35512735534402 -999 -999 -999 -999 -999 -999 -999 -999
0.219228720803773 0.329038668493237 -999 -999 -999 -999 -999 -999 -999 -999
0.00450774075655478 0.315833976162743 -999 -999 -999 -999 -999 -999 -999 -999
0.867037833567571 0.325231102450905 -999 -999 -999 -999 -999 -999 -999 -999
0.125176080543066 0.326168914976792 -999 -999 -999 -999 -999 -999 -999 -999
0.00778608588936366 0.348599982572302 -999 -999 -999 -999 -999 -999 -999 -999
0.842169259833805 0.344761798445496 -999 -999 -999 -999 -999 -999 -999 -999
0.151578126134842 0.320507621363015 -999 -999 -999 -999 -999 -999 -999 -999
0.0062526140313532 0.334730580191488 -999 -999 -999 -999 -999 -999 -999 -999
0.761588320031224 0.331370056592449 -999 -999 -999 -999 -999 -999 -999 -999
0.234437206581929 0.320713278493496 -999 -999 -999 -999 -999 -999 -999 -999
0.00397447338684753 0.347916664914055 -999 -999 -999 -999 -999 -999 -999 -999
0.742832238753312 0.328522354362716 -999 -999 -999 -999 -999 -999 -999 -999
0.253537366317938 0.35492894919226 -999 -999 -999 -999 -999 -999 -999 -999
0.00363039492874997 0.316548696445024 -999 -999 -999 -999 -999 -999 -999 -999
0.814787564189454 0.341053120651997 -999 -999 -999 -999 -999 -999 -999 -999
0.179693250455852 0.332136065011181 -999 -999 -999 -999 -999 -999 -999 -999
0.00551918535469425 0.326810814336822 -999 -999 -999 -999 -999 -999 -999 -999
0.756541982781082 0.341951483837161 -999 -999 -999 -999 -999 -999 -999 -999
0.239376769319271 0.326236861441265 -999 -999 -999 -999 -999 -999 -999 -999
0.00408124789964718 0.331811654721574 -999 -999 -999 -999 -999 -999 -999 -999
0.757860986304044 0.358716901893814 -999 -999 -999 -999 -999 -999 -999 -999
0.238316506958381 0.335623887937588 -999 -999 -999 -999 -999 -999 -999 -999
0.00382250673757521 0.305659210168599 -999 -999 -999 -999 -999 -999 -999 -999
0.654884556172274 0.316944270705651 -999 -999 -999 -999 -999 -999 -999 -999
0.342812837678877 0.347007281087828 -999 -999 -999 -999 -999 -999 -999 -999
0.0023026061488482 0.336048448206521 -999 -999 -999 -999 -999 -999 -999 -999
0.857633575096918 0.338991287514788 -999 -999 -999 -999 -999 -999 -999 -999
0.134562793711523 0.330255532341925 -999 -999 -999 -999 -999 -999 -999 -999
0.00780363119155906 0.330753180143286 -999 -999 -999 -999 -999 -999 -999 -999
0.74183849816483 0.319959328652229 -999 -999 -999 -999 -999 -999 -999 -999
0.254492912970418 0.34013306345631 -999 -999 -999 -999 -999 -999 -999 -999
0.00366858886475161 0.339907607891461 -999 -999 -999 -999 -999 -999 -999 -999
0.73952095841887 0.325645540623303 -999 -999 -999 -999 -999 -999 -999 -999
0.256793021975397 0.341311746382193 -999 -999 -999 -999 -999 -999 -999 -999
0.00368601960573309 0.333042712994503 -999 -999 -999 -999 -999 -999 -999 -999
0.828621796561018 0.323902168435746 -999 -999 -999 -999 -999 -999 -999 -999
0.165045852904855 0.341091953908345 -999 -999 -999 -999 -999 -999 -999 -999
0.00633235053412674 0.335005877655909 -999 -999 -999 -999 -999 -999 -999 -999
0.832713354070552 0.331605821279667 -999 -999 -999 -999 -999 -999 -999 -999
0.161511165505998 0.338026945900132 -999 -999 -999 -999 -999 -999 -999 -999
0.00577548042345056 0.330367232820202 -999 -999 -999 -999 -999 -999 -999 -999
0.685606650093368 0.331796329959091 -999 -999 -999 -999 -999 -999 -999 -999
0.311497676443381 0.340044154546627 -999 -999 -999 -999 -999 -999 -999 -999
0.0028956734632512 0.328159515494282 -999 -999 -999 -999 -999 -999 -999 -999
0.801695509843591 0.343798521277498 -999 -999 -999 -999 -999 -999 -999 -999
0.192950988776379 0.325312363656161 -999 -999 -999 -999 -999 -999 -999 -999
0.00535350138002968 0.330889115066342 -999 -999 -999 -999 -999 -999 -999 -999
0.769525437141884 0.330669710771609 -999 -999 -999 -999 -999 -999 -999 -999
0.22662885166828 0.308200067030108 -999 -999 -999 -999 -999 -999 -999 -999
0.00384571118983671 0.361130222198283 -999 -999 -999 -999 -999 -999 -999 -999
0.696962518715503 0.33290076317552 -999 -999 -999 -999 -999 -999 -999 -999
0.300237029409169 0.33276530631545 -999 -999 -999 -999 -999 -999 -999 -999
0.0028004518753287 0.33433393050903 -999 -999 -999 -999 -999 -999 -999 -999
0.769893160140441 0.33901509174831 -999 -999 -999 -999 -999 -999 -999 -999
0.225592309101484 0.33633364690618 -999 -999 -999 -999 -999 -999 -999 -999
0.00451453075807488 0.32465126134551 -999 -999 -999 -999 -999 -999 -999 -999
0.824578752672111 0.333954421597815 -999 -999 -999 -999 -999 -999 -999 -999
0.169576085947762 0.330910441096305 -999 -999 -999 -999 -999 -999 -999 -999
0.00584516138012622 0.33513513730588 -999 -999 -999 -999 -999 -999 -999 -999
0.785285812127447 0.320519721152536 -999 -999 -999 -999 -999 -999 -999 -999
0.210170043143538 0.34381265983431 -999 -999 -999 -999 -999 -999 -999 -999
0.00454414472901474 0.335667619013155 -999 -999 -999 -999 -999 -999 -999 -999
0.746119847730508 0.34545659689658 -999 -999 -999 -999 -999 -999 -999 -999
0.250092382397848 0.32600373205623 -999 -999 -999 -999 -999 -999 -999 -999
0.00378776987164376 0.32853967104719 -999 -999 -999 -999 -999 -999 -999 -999
0.829956623579719 0.340759931407227 -999 -999 -999 -999 -999 -999 -999 -999
0.164628890028418 0.337418904238088 -999 -999 -999 -999 -999 -999 -999 -999
0.00541448639186366 0.321821164354685 -999 -999 -999 -999 -999 -999 -999 -999
0.722193574808903 0.332844465514728 -999 -999 -999 -999 -999 -999 -999 -999
0.274718932679878 0.346889963274866 -999 -999 -999 -999 -999 -999 -999 -999
0.00308749251121806 0.320265571210406 -999 -999 -999 -999 -999 -999 -999 -999
0.685421894334556 0.351896362283118 -999 -999 -999 -999 -999 -999 -999 -999
0.311824375790146 0.327420795581671 -999 -999 -999 -999 -999 -999 -999 -999
0.00275372987529646 0.320682842135211 -999 -999 -999 -999 -999 -999 -999 -999
0.64840247852563 0.33648730247843 -999 -999 -999 -999 -999 -999 -999 -999
0.349197622929633 0.31732510448437 -999 -999 -999 -999 -999 -999 -999 -999
0.00239989854473634 0.346187593037201 -999 -999 -999 -999 -999 -999 -999 -999
0.750986864798307 0.323649156948487 -999 -999 -999 -999 -999 -999 -999 -999
0.24540849600961 0.345673543488931 -999 -999 -999 -999 -999 -999 -999 -999
0.00360463919208359 0.330677299562582 -999 -999 -999 -999 -999 -999 -999 -999
0.725023395093295 0.331395449524347 -999 -999 -999 -999 -999 -999 -999 -999
0.271443484526936 0.343382617660768 -999 -999 -999 -999 -999 -999 -999 -999
0.00353312037976906 0.325221932814885 -999 -999 -999 -999 -999 -999 -999 -999
0.704171625087144 0.327410203584339 -999 -999 -999 -999 -999 -999 -999 -999
0.293076806697766 0.340131865492911 -999 -999 -999 -999 -999 -999 -999 -999
0.00275156821509011 0.33245793092275 -999 -999 -999 -999 -999 -999 -999 -999
0.760658593043451 0.326605907127935 -999 -999 -999 -999 -999 -999 -999 -999
0.235538151661765 0.344816725786772 -999 -999 -999 -999 -999 -999 -999 -999
0.00380325529478417 0.328577367085293 -999 -999 -999 -999 -999 -999 -999 -999
0.756543255736354 0.324973121724389 -999 -999 -999 -999 -999 -999 -999 -999
0.239475915858216 0.347621409981646 -999 -999 -999 -999 -999 -999 -999 -999
0.00398082840542893 0.327405468293966 -999 -999 -999 -999 -999 -999 -999 -999
0.730351068868479 0.329119172297146 -999 -999 -999 -999 -999 -999 -999 -999
0.266281360062148 0.336250419844232 -999 -999 -999 -999 -999 -999 -999 -999
0.00336757106937223 0.334630407858622 -999 -999 -999 -999 -999 -999 -999 -999
0.759734480570386 0.332160918609049 -999 -999 -999 -999 -999 -999 -999 -999
0.236336763926478 0.336826241044169 -999 -999 -999 -999 -999 -999 -999 -999
0.00392875550313619 0.331012840346782 -999 -999 -999 -999 -999 -999 -999 -999
0.707156922288707 0.348142237436686 -999 -999 -999 -999 -999 -999 -999 -999
0.289826593318897 0.321704857576598 -999 -999 -999 -999 -999 -999 -999 -999
0.00301648439239607 0.330152904986717 -999 -999 -999 -999 -999 -999 -999 -999
0.835102264514104 0.305311986636372 -999 -999 -999 -999 -999 -999 -999 -999
0.159029389788132 0.361965056666898 -999 -999 -999 -999 -999 -999 -999 -999
0.00586834569776371 0.33272295669673 -999 -999 -999 -999 -999 -999 -999 -999
0.81369836504071 0.316597178314802 -999 -999 -999 -999 -999 -999 -999 -999
0.181169244111227 0.335939316086299 -999 -999 -999 -999 -999 -999 -999 -999
0.00513239084806309 0.347463505598899 -999 -999 -999 -999 -999 -999 -999 -999
0.73137299236199 0.327624181954411 -999 -999 -999 -999 -999 -999 -999 -999
0.265351839055993 0.324233955303162 -999 -999 -999 -999 -999 -999 -999 -999
0.00327516858201674 0.348141862742427 -999 -999 -999 -999 -999 -999 -999 -999
0.795136138409562 0.326326710360733 -999 -999 -999 -999 -999 -999 -999 -999
0.200243066488165 0.337397778457603 -999 -999 -999 -999 -999 -999 -999 -999
0.00462079510227275 0.336275511181665 -999 -999 -999 -999 -999 -999 -999 -999
0.746152956128035 0.333945484409632 -999 -999 -999 -999 -999 -999 -999 -999
0.250159961875763 0.33145148069863 -999 -999 -999 -999 -999 -999 -999 -999
0.00368708199620237 0.334603034891738 -999 -999 -999 -999 -999 -999 -999 -999
0.870894640522233 0.343132715193292 -999 -999 -999 -999 -999 -999 -999 -999
0.121066840204 0.329903943253013 -999 -999 -999 -999 -999 -999 -999 -999
0.00803851927376783 0.326963341553694 -999 -999 -999 -999 -999 -999 -999 -999
0.728288178186573 0.316315847156225 -999 -999 -999 -999 -999 -999 -999 -999
0.268470816340912 0.359843328673253 -999 -999 -999 -999 -999 -999 -999 -999
0.00324100547251497 0.323840824170523 -999 -999 -999 -999 -999 -999 -999 -999
0.719955994289162 0.328142456296409 -999 -999 -999 -999 -999 -999 -999 -999
0.27687707813034 0.335688942813119 -999 -999 -999 -999 -999 -999 -999 -999
0.00316692758049654 0.336168600890472 -999 -999 -999 -999 -999 -999 -999 -999
0.780582401512016 0.311487597054396 -999 -999 -999 -999 -999 -999 -999 -999
0.214925066012773 0.355118794855674 -999 -999 -999 -999 -999 -999 -999 -999
0.00449253247521071 0.333393608089929 -999 -999 -999 -999 -999 -999 -999 -999
0.791229173635482 0.329160492915643 -999 -999 -999 -999 -999 -999 -999 -999
0.204047326608206 0.324169101968059 -999 -999 -999 -999 -999 -999 -999 -999
0.00472349975631233 0.346670405116298 -999 -999 -999 -999 -999 -999 -999 -999
0.700685365753584 0.3191913995029 -999 -999 -999 -999 -999 -999 -999 -999
0.29637129768535 0.327666444951427 -999 -999 -999 -999 -999 -999 -999 -999
0.00294333656106704 0.353142155545672 -999 -999 -999 -999 -999 -999 -999 -999
0.73650331822124 0.337355985186571 -999 -999 -999 -999 -999 -999 -999 -999
0.259979572729426 0.320999896190541 -999 -999 -999 -999 -999 -999 -999 -999
0.00351710904933345 0.341644118622888 -999 -999 -999 -999 -999 -999 -999 -999
0.819458928010526 0.316956424835522 -999 -999 -999 -999 -999 -999 -999 -999
0.174671543474169 0.358211050700649 -999 -999 -999 -999 -999 -999 -999 -999
0.00586952851530504 0.324832524463828 -999 -999 -999 -999 -999 -999 -999 -999
0.789611797799624 0.338273596461833 -999 -999 -999 -999 -999 -999 -999 -999
0.205793507672521 0.321440998028016 -999 -999 -999 -999 -999 -999 -999 -999
0.00459469452785544 0.340285405510151 -999 -999 -999 -999 -999 -999 -999 -999
0.754364840202335 0.333314045180656 -999 -999 -999 -999 -999 -999 -999 -999
0.241537889929074 0.329723859371173 -999 -999 -999 -999 -999 -999 -999 -999
0.00409726986859156 0.336962095448171 -999 -999 -999 -999 -999 -999 -999 -999
0.710866906592411 0.345158093726352 -999 -999 -999 -999 -999 -999 -999 -999
0.285795949437443 0.308493667949954 -999 -999 -999 -999 -999 -999 -999 -999
0.00333714397014525 0.346348238323694 -999 -999 -999 -999 -999 -999 -999 -999
0.779602847161271 0.340303149742711 -999 -999 -999 -999 -999 -999 -999 -999
0.215948928131086 0.328609011071972 -999 -999 -999 -999 -999 -999 -999 -999
0.00444822470764288 0.331087839185317 -999 -999 -999 -999 -999 -999 -999 -999
0.804724239549335 0.336914094549319 -999 -999 -999 -999 -999 -999 -999 -999
0.189756532346606 0.340488037543724 -999 -999 -999 -999 -999 -999 -999 -999
0.00551922810405856 0.322597867906957 -999 -999 -999 -999 -999 -999 -999 -999
0.775992518206825 0.358777605341846 -999 -999 -999 -999 -999 -999 -999 -999
0.219782952721968 0.308708827747608 -999 -999 -999 -999 -999 -999 -999 -999
0.00422452907120756 0.332513566910546 -999 -999 -999 -999 -999 -999 -999 -999
0.742913251499008 0.338888271784405 -999 -999 -999 -999 -999 -999 -999 -999
0.253296157554302 0.314278019035744 -999 -999 -999 -999 -999 -999 -999 -999
0.00379059094668909 0.346833709179851 -999 -999 -999 -999 -999 -999 -999 -999
0.823773049360491 0.343551691064152 -999 -999 -999 -999 -999 -999 -999 -999
0.170826699735753 0.320083854822157 -999 -999 -999 -999 -999 -999 -999 -999
0.0054002509037553 0.336364454113692 -999 -999 -999 -999 -999 -999 -999 -999
0.805921877207353 0.327543157808631 -999 -999 -999 -999 -999 -999 -999 -999
0.189161268526318 0.326247213708502 -999 -999 -999 -999 -999 -999 -999 -999
0.00491685426632965 0.346209628482867 -999 -999 -999 -999 -999 -999 -999 -999
0.794434640967316 0.334499813411891 -999 -999 -999 -999 -999 -999 -999 -999
0.200371069381171 0.321938852352951 -999 -999 -999 -999 -999 -999 -999 -999
0.00519428965151341 0.343561334235158 -999 -999 -999 -999 -999 -999 -999 -999
0.818068844672397 0.32705862127747 -999 -999 -999 -999 -999 -999 -999 -999
0.176528913699175 0.352018951103142 -999 -999 -999 -999 -999 -999 -999 -999
0.00540224162842835 0.320922427619389 -999 -999 -999 -999 -999 -999 -999 -999
0.755657648585023 0.327162957070182 -999 -999 -999 -999 -999 -999 -999 -999
0.240309601979498 0.318804784945938 -999 -999 -999 -999 -999 -999 -999 -999
0.00403274943547943 0.35403225798388 -999 -999 -999 -999 -999 -999 -999 -999
0.676899215981894 0.355418146732834 -999 -999 -999 -999 -999 -999 -999 -999
0.320422584317247 0.313772803052342 -999 -999 -999 -999 -999 -999 -999 -999
0.00267819970085883 0.330809050214824 -999 -999 -999 -999 -999 -999 -999 -999
0.724238191654599 0.344636545709109 -999 -999 -999 -999 -999 -999 -999 -999
0.272435132293248 0.34867098525071 -999 -999 -999 -999 -999 -999 -999 -999
0.0033266760521519 0.30669246904018 -999 -999 -999 -999 -999 -999 -999 -999
0.810241305043239 0.316915035661913 -999 -999 -999 -999 -999 -999 -999 -999
0.185033359197292 0.329361277273423 -999 -999 -999 -999 -999 -999 -999 -999
0.00472533575946979 0.353723687064664 -999 -999 -999 -999 -999 -999 -999 -999
0.783648560485086 0.330378501614046 -999 -999 -999 -999 -999 -999 -999 -999
0.211808884154305 0.324861695513035 -999 -999 -999 -999 -999 -999 -999 -999
0.00454255536060861 0.344759802872919 -999 -999 -999 -999 -999 -999 -999 -999
0.743358885169973 0.329759691640495 -999 -999 -999 -999 -999 -999 -999 -999
0.252750294384383 0.345349206870238 -999 -999 -999 -999 -999 -999 -999 -999
0.00389082044564424 0.324891101489267 -999 -999 -999 -999 -999 -999 -999 -999
0.76115898908545 0.328552263060366 -999 -999 -999 -999 -999 -999 -999 -999
0.235104546052401 0.340515578463674 -999 -999 -999 -999 -999 -999 -999 -999
0.00373646486214903 0.330932158475959 -999 -999 -999 -999 -999 -999 -999 -999
0.803734994192651 0.339785944975346 -999 -999 -999 -999 -999 -999 -999 -999
0.190892072840501 0.344045928606516 -999 -999 -999 -999 -999 -999 -999 -999
0.00537293296684845 0.316168126418138 -999 -999 -999 -999 -999 -999 -999 -999
0.761222826544168 0.356360856068906 -999 -999 -999 -999 -999 -999 -999 -999
0.235192798827231 0.338317219489837 -999 -999 -999 -999 -999 -999 -999 -999
0.00358437462860023 0.305321924441256 -999 -999 -999 -999 -999 -999 -999 -999
0.677090483681396 0.331437025537406 -999 -999 -999 -999 -999 -999 -999 -999
0.320441259006119 0.343104655289956 -999 -999 -999 -999 -999 -999 -999 -999
0.0024682573124855 0.325458319172637 -999 -999 -999 -999 -999 -999 -999 -999
0.794968459001736 0.318646108109837 -999 -999 -999 -999 -999 -999 -999 -999
0.199997201695199 0.335638366058468 -999 -999 -999 -999 -999 -999 -999 -999
0.00503433930306547 0.345715525831694 -999 -999 -999 -999 -999 -999 -999 -999
0.762505708592423 0.324061646390156 -999 -999 -999 -999 -999 -999 -999 -999
0.233907814836522 0.341104319243436 -999 -999 -999 -999 -999 -999 -999 -999
0.0035864765710547 0.334834034366408 -999 -999 -999 -999 -999 -999 -999 -999
0.750676585830529 0.321604322610899 -999 -999 -999 -999 -999 -999 -999 -999
0.245533546972863 0.341185632553671 -999 -999 -999 -999 -999 -999 -999 -999
0.00378986719660773 0.33721004483543 -999 -999 -999 -999 -999 -999 -999 -999
0.747239289229359 0.343544772899202 -999 -999 -999 -999 -999 -999 -999 -999
0.249027025638358 0.341669673841158 -999 -999 -999 -999 -999 -999 -999 -999
0.003733685132283 0.31478555325964 -999 -999 -999 -999 -999 -999 -999 -999
0.7999235727642 0.327218427629278 -999 -999 -999 -999 -999 -999 -999 -999
0.195324195442848 0.328884392407564 -999 -999 -999 -999 -999 -999 -999 -999
0.004752231792953 0.343897179963158 -999 -999 -999 -999 -999 -999 -999 -999
0.684168786601664 0.335800181510689 -999 -999 -999 -999 -999 -999 -999 -999
0.313046385643212 0.32166961951209 -999 -999 -999 -999 -999 -999 -999 -999
0.00278482775512372 0.342530198977222 -999 -999 -999 -999 -999 -999 -999 -999
0.726259693523463 0.347068274226844 -999 -999 -999 -999 -999 -999 -999 -999
0.270265313198499 0.339663870123738 -999 -999 -999 -999 -999 -999 -999 -999
0.00347499327803785 0.313267855649418 -999 -999 -999 -999 -999 -999 -999 -999
0.676061813497531 0.34332506584569 -999 -999 -999 -999 -999 -999 -999 -999
0.321293848156359 0.327571795492454 -999 -999 -999 -999 -999 -999 -999 -999
0.00264433834611014 0.329103138661856 -999 -999 -999 -999 -999 -999 -999 -999
0.870734975906512 0.341063401567756 -999 -999 -999 -999 -999 -999 -999 -999
0.120939351481079 0.311033736663637 -999 -999 -999 -999 -999 -999 -999 -999
0.00832567261240911 0.347902861768607 -999 -999 -999 -999 -999 -999 -999 -999
0.69332582273782 0.348446231148348 -999 -999 -999 -999 -999 -999 -999 -999
0.303876332781646 0.324917588744967 -999 -999 -999 -999 -999 -999 -999 -999
0.0027978444805349 0.326636180106686 -999 -999 -999 -999 -999 -999 -999 -999
0.760915331904151 0.337568289981373 -999 -999 -999 -999 -999 -999 -999 -999
0.235294029376977 0.360161909833994 -999 -999 -999 -999 -999 -999 -999 -999
0.00379063871887245 0.302269800184633 -999 -999 -999 -999 -999 -999 -999 -999
0.613050812443648 0.345918315162761 -999 -999 -999 -999 -999 -999 -999 -999
0.385084770210646 0.316696407335604 -999 -999 -999 -999 -999 -999 -999 -999
0.00186441734570618 0.337385277501635 -999 -999 -999 -999 -999 -999 -999 -999
0.700228594132548 0.339198456749796 -999 -999 -999 -999 -999 -999 -999 -999
0.296626106839339 0.338096558989986 -999 -999 -999 -999 -999 -999 -999 -999
0.00314529902811306 0.322704984260218 -999 -999 -999 -999 -999 -999 -999 -999
0.789269441061076 0.329818149730039 -999 -999 -999 -999 -999 -999 -999 -999
0.206054585715039 0.33176545124934 -999 -999 -999 -999 -999 -999 -999 -999
0.00467597322388461 0.338416399020621 -999 -999 -999 -999 -999 -999 -999 -999
0.759514827457538 0.352963164986573 -999 -999 -999 -999 -999 -999 -999 -999
0.236377066978551 0.309197976942627 -999 -999 -999 -999 -999 -999 -999 -999
0.00410810556391163 0.3378388580708 -999 -999 -999 -999 -999 -999 -999 -999
0.797177817645169 0.328300850570684 -999 -999 -999 -999 -999 -999 -999 -999
0.197785594395748 0.326603166628565 -999 -999 -999 -999 -999 -999 -999 -999
0.00503658795908375 0.345095982800751 -999 -999 -999 -999 -999 -999 -999 -999
0.794704834606812 0.329606645172395 -999 -999 -999 -999 -999 -999 -999 -999
0.200493392802712 0.348120779793077 -999 -999 -999 -999 -999 -999 -999 -999
0.00480177259047562 0.322272575034528 -999 -999 -999 -999 -999 -999 -999 -999
0.749398362911638 0.340354892304812 -999 -999 -999 -999 -999 -999 -999 -999
0.246813144152419 0.319478220608473 -999 -999 -999 -999 -999 -999 -999 -999
0.00378849293594232 0.340166887086715 -999 -999 -999 -999 -999 -999 -999 -999
0.719146613071831 0.327858070402547 -999 -999 -999 -999 -999 -999 -999 -999
0.277798608466932 0.34792702109704 -999 -999 -999 -999 -999 -999 -999 -999
0.00305477846123715 0.324214908500413 -999 -999 -999 -999 -999 -999 -999 -999
0.801216772319003 0.327759576647057 -999 -999 -999 -999 -999 -999 -999 -999
0.193876941307913 0.346640944060741 -999 -999 -999 -999 -999 -999 -999 -999
0.00490628637308474 0.325599479292202 -999 -999 -999 -999 -999 -999 -999 -999
0.764055497088437 0.356071301692214 -999 -999 -999 -999 -999 -999 -999 -999
0.231520437332706 0.306400110178699 -999 -999 -999 -999 -999 -999 -999 -999
0.00442406557885709 0.337528588129086 -999 -999 -999 -999 -999 -999 -999 -999
0.778839550947359 0.330789924848478 -999 -999 -999 -999 -999 -999 -999 -999
0.216820639001814 0.344228700688902 -999 -999 -999 -999 -999 -999 -999 -999
0.00433981005082656 0.324981374462619 -999 -999 -999 -999 -999 -999 -999 -999
0.76615722471847 0.357377034627708 -999 -999 -999 -999 -999 -999 -999 -999
0.229645174912383 0.316402615007699 -999 -999 -999 -999 -999 -999 -999 -999
0.00419760036914802 0.326220350364594 -999 -999 -999 -999 -999 -999 -999 -999
0.826395216675387 0.33420792330886 -999 -999 -999 -999 -999 -999 -999 -999
0.167432385269778 0.320675300605398 -999 -999 -999 -999 -999 -999 -999 -999
0.00617239805483588 0.345116776085742 -999 -999 -999 -999 -999 -999 -999 -999
0.787730603882918 0.334370203746745 -999 -999 -999 -999 -999 -999 -999 -999
0.207852422315886 0.33762369951025 -999 -999 -999 -999 -999 -999 -999 -999
0.00441697380119563 0.328006096743005 -999 -999 -999 -999 -999 -999 -999 -999
0.679395191027869 0.332636127479433 -999 -999 -999 -999 -999 -999 -999 -999
0.317920776765652 0.34893652968348 -999 -999 -999 -999 -999 -999 -999 -999
0.00268403220647912 0.318427342837087 -999 -999 -999 -999 -999 -999 -999 -999
0.748696667170639 0.349666866236696 -999 -999 -999 -999 -999 -999 -999 -999
0.247583017664519 0.321733922883036 -999 -999 -999 -999 -999 -999 -999 -999
0.00372031516484277 0.328599210880269 -999 -999 -999 -999 -999 -999 -999 -999
0.736479415079971 0.32031463059369 -999 -999 -999 -999 -999 -999 -999 -999
0.260178576752188 0.351528790702242 -999 -999 -999 -999 -999 -999 -999 -999
0.003342008167842 0.328156578704067 -999 -999 -999 -999 -999 -999 -999 -999
0.750666570944631 0.340917777600891 -999 -999 -999 -999 -999 -999 -999 -999
0.245758684766243 0.341644012613392 -999 -999 -999 -999 -999 -999 -999 -999
0.00357474428912716 0.317438209785718 -999 -999 -999 -999 -999 -999 -999 -999
0.77024242983049 0.320258037366396 -999 -999 -999 -999 -999 -999 -999 -999
0.225573825332733 0.33683145705812 -999 -999 -999 -999 -999 -999 -999 -999
0.00418374483677745 0.342910505575484 -999 -999 -999 -999 -999 -999 -999 -999
0.675845392898498 0.311254181588571 -999 -999 -999 -999 -999 -999 -999 -999
0.321500145773475 0.345007665118562 -999 -999 -999 -999 -999 -999 -999 -999
0.00265446132802764 0.343738153292867 -999 -999 -999 -999 -999 -999 -999 -999
0.760380850887935 0.322686610161613 -999 -999 -999 -999 -999 -999 -999 -999
0.235660612789566 0.357075886537669 -999 -999 -999 -999 -999 -999 -999 -999
0.00395853632249943 0.320237503300718 -999 -999 -999 -999 -999 -999 -999 -999
0.734926690732373 0.356523522115664 -999 -999 -999 -999 -999 -999 -999 -999
0.261673582234231 0.329850641875856 -999 -999 -999 -999 -999 -999 -999 -999
0.00339972703339566 0.31362583600848 -999 -999 -999 -999 -999 -999 -999 -999
0.80878957762532 0.334521748923331 -999 -999 -999 -999 -999 -999 -999 -999
0.18602953945699 0.345023993967885 -999 -999 -999 -999 -999 -999 -999 -999
0.00518088291768841 0.320454257108784 -999 -999 -999 -999 -999 -999 -999 -999
0.780327271961256 0.337585850728767 -999 -999 -999 -999 -999 -999 -999 -999
0.215618493240321 0.309861830246914 -999 -999 -999 -999 -999 -999 -999 -999
0.00405423479842278 0.352552319024319 -999 -999 -999 -999 -999 -999 -999 -999
0.829789978122939 0.334334892234633 -999 -999 -999 -999 -999 -999 -999 -999
0.164896412849404 0.328171955178059 -999 -999 -999 -999 -999 -999 -999 -999
0.0053136090276577 0.337493152587308 -999 -999 -999 -999 -999 -999 -999 -999
0.806428520229314 0.335922054810073 -999 -999 -999 -999 -999 -999 -999 -999
0.188331729046059 0.32695727971692 -999 -999 -999 -999 -999 -999 -999 -999
0.00523975072462711 0.337120665473007 -999 -999 -999 -999 -999 -999 -999 -999
0.739669594217863 0.339606850062692 -999 -999 -999 -999 -999 -999 -999 -999
0.257017827802056 0.312680173651798 -999 -999 -999 -999 -999 -999 -999 -999
0.00331257798008065 0.347712976285509 -999 -999 -999 -999 -999 -999 -999 -999
0.763556155243765 0.338322218025997 -999 -999 -999 -999 -999 -999 -999 -999
0.232267627771562 0.348314602684339 -999 -999 -999 -999 -999 -999 -999 -999
0.00417621698467271 0.313363179289664 -999 -999 -999 -999 -999 -999 -999 -999
0.713585371652972 0.360231736557186 -999 -999 -999 -999 -999 -999 -999 -999
0.28313461329631 0.318483760712395 -999 -999 -999 -999 -999 -999 -999 -999
0.00328001505071858 0.32128450273042 -999 -999 -999 -999 -999 -999 -999 -999
0.723098230995485 0.316799888572006 -999 -999 -999 -999 -999 -999 -999 -999
0.273722540886571 0.366218134554259 -999 -999 -999 -999 -999 -999 -999 -999
0.00317922811794282 0.316981976873735 -999 -999 -999 -999 -999 -999 -999 -999
0.78011464143394 0.346288966585223 -999 -999 -999 -999 -999 -999 -999 -999
0.215474912971934 0.327965107885337 -999 -999 -999 -999 -999 -999 -999 -999
0.00441044559412631 0.325745925529441 -999 -999 -999 -999 -999 -999 -999 -999
0.705099722396104 0.320030860890856 -999 -999 -999 -999 -999 -999 -999 -999
0.292042447101165 0.339498947597547 -999 -999 -999 -999 -999 -999 -999 -999
0.00285783050273042 0.340470191511597 -999 -999 -999 -999 -999 -999 -999 -999
0.702452138320347 0.325680453314668 -999 -999 -999 -999 -999 -999 -999 -999
0.294389920394435 0.321876111277924 -999 -999 -999 -999 -999 -999 -999 -999
0.00315794128521869 0.352443435407408 -999 -999 -999 -999 -999 -999 -999 -999
0.657424689900189 0.319668737633565 -999 -999 -999 -999 -999 -999 -999 -999
0.340124179405547 0.356955820873009 -999 -999 -999 -999 -999 -999 -999 -999
0.00245113069426316 0.323375441493426 -999 -999 -999 -999 -999 -999 -999 -999
0.824879262716213 0.326792005212675 -999 -999 -999 -999 -999 -999 -999 -999
0.169091127062309 0.352017161736874 -999 -999 -999 -999 -999 -999 -999 -999
0.00602961022147854 0.321190833050451 -999 -999 -999 -999 -999 -999 -999 -999
0.830601301925163 0.331068884075818 -999 -999 -999 -999 -999 -999 -999 -999
0.163051401985399 0.321622870211551 -999 -999 -999 -999 -999 -999 -999 -999
0.00634729608943839 0.347308245712632 -999 -999 -999 -999 -999 -999 -999 -999
0.719802620609536 0.347729954474904 -999 -999 -999 -999 -999 -999 -999 -999
0.276840073825166 0.301092626798151 -999 -999 -999 -999 -999 -999 -999 -999
0.00335730556529878 0.351177418726945 -999 -999 -999 -999 -999 -999 -999 -999
0.770286283832217 0.324196299550768 -999 -999 -999 -999 -999 -999 -999 -999
0.22570946148158 0.330859174598606 -999 -999 -999 -999 -999 -999 -999 -999
0.00400425468620314 0.344944525850627 -999 -999 -999 -999 -999 -999 -999 -999
0.733746328438337 0.345668555459902 -999 -999 -999 -999 -999 -999 -999 -999
0.262764164071882 0.333068734697988 -999 -999 -999 -999 -999 -999 -999 -999
0.00348950748978085 0.32126270984211 -999 -999 -999 -999 -999 -999 -999 -999
0.687283588025949 0.3349945526378 -999 -999 -999 -999 -999 -999 -999 -999
0.310068101887967 0.355273719001387 -999 -999 -999 -999 -999 -999 -999 -999
0.00264831008608452 0.309731728360812 -999 -999 -999 -999 -999 -999 -999 -999
0.773102257612837 0.34569180423291 -999 -999 -999 -999 -999 -999 -999 -999
0.222511162500598 0.309272800027062 -999 -999 -999 -999 -999 -999 -999 -999
0.00438657988656599 0.345035395740028 -999 -999 -999 -999 -999 -999 -999 -999
0.737056095428805 0.320206291641902 -999 -999 -999 -999 -999 -999 -999 -999
0.259776437213351 0.3303782500356 -999 -999 -999 -999 -999 -999 -999 -999
0.00316746735784489 0.349415458322499 -999 -999 -999 -999 -999 -999 -999 -999
0.782859018231746 0.332776214829042 -999 -999 -999 -999 -999 -999 -999 -999
0.21260421427811 0.338083541566136 -999 -999 -999 -999 -999 -999 -999 -999
0.00453676749014415 0.329140243604822 -999 -999 -999 -999 -999 -999 -999 -999
0.738653258776774 0.328128929669906 -999 -999 -999 -999 -999 -999 -999 -999
0.25789266397528 0.348624898661764 -999 -999 -999 -999 -999 -999 -999 -999
0.00345407724794511 0.323246171668331 -999 -999 -999 -999 -999 -999 -999 -999
0.816180880223879 0.322206367145104 -999 -999 -999 -999 -999 -999 -999 -999
0.17843638536026 0.347806474003191 -999 -999 -999 -999 -999 -999 -999 -999
0.00538273441586186 0.329987158851704 -999 -999 -999 -999 -999 -999 -999 -999
0.788124674414299 0.333552945660746 -999 -999 -999 -999 -999 -999 -999 -999
0.207249801874648 0.326307537569894 -999 -999 -999 -999 -999 -999 -999 -999
0.00462552371105457 0.340139516769361 -999 -999 -999 -999 -999 -999 -999 -999
0.758303212519838 0.306887068217195 -999 -999 -999 -999 -999 -999 -999 -999
0.237607075738006 0.34484197632622 -999 -999 -999 -999 -999 -999 -999 -999
0.00408971174215663 0.348270955456585 -999 -999 -999 -999 -999 -999 -999 -999
0.730994113143917 0.355488660207208 -999 -999 -999 -999 -999 -999 -999 -999
0.265508310199744 0.309232608691361 -999 -999 -999 -999 -999 -999 -999 -999
0.00349757665633943 0.335278731101432 -999 -999 -999 -999 -999 -999 -999 -999
0.679532922924467 0.319074622119311 -999 -999 -999 -999 -999 -999 -999 -999
0.318100076281168 0.341746300834662 -999 -999 -999 -999 -999 -999 -999 -999
0.00236700079436455 0.339179077046028 -999 -999 -999 -999 -999 -999 -999 -999
0.817872076052587 0.341769094505345 -999 -999 -999 -999 -999 -999 -999 -999
0.176988017051603 0.328730252906074 -999 -999 -999 -999 -999 -999 -999 -999
0.00513990689581029 0.329500652588581 -999 -999 -999 -999 -999 -999 -999 -999
0.686390319305423 0.323576305788186 -999 -999 -999 -999 -999 -999 -999 -999
0.310826363010463 0.340992494550773 -999 -999 -999 -999 -999 -999 -999 -999
0.00278331768411386 0.33543119966104 -999 -999 -999 -999 -999 -999 -999 -999
0.64068404940022 0.335603893722434 -999 -999 -999 -999 -999 -999 -999 -999
0.357071494819914 0.337801023195899 -999 -999 -999 -999 -999 -999 -999 -999
0.00224445577986578 0.326595083081667 -999 -999 -999 -999 -999 -999 -999 -999
0.755943639667496 0.311171694452311 -999 -999 -999 -999 -999 -999 -999 -999
0.240260406329188 0.350486350391249 -999 -999 -999 -999 -999 -999 -999 -999
0.00379595400331512 0.33834195515644 -999 -999 -999 -999 -999 -999 -999 -999
0.724533073398764 0.340661976415027 -999 -999 -999 -999 -999 -999 -999 -999
0.272399036936661 0.340069219468584 -999 -999 -999 -999 -999 -999 -999 -999
0.00306788966457508 0.31926880411639 -999 -999 -999 -999 -999 -999 -999 -999
0.768432784450748 0.344196225881231 -999 -999 -999 -999 -999 -999 -999 -999
0.227518343438393 0.320024917810215 -999 -999 -999 -999 -999 -999 -999 -999
0.00404887211085827 0.335778856308553 -999 -999 -999 -999 -999 -999 -999 -999
0.648822772797994 0.310276453315208 -999 -999 -999 -999 -999 -999 -999 -999
0.348990993152023 0.353518234676722 -999 -999 -999 -999 -999 -999 -999 -999
0.00218623404998229 0.33620531200807 -999 -999 -999 -999 -999 -999 -999 -999
0.660602478205607 0.342093358548653 -999 -999 -999 -999 -999 -999 -999 -999
0.336688297541274 0.342323348402555 -999 -999 -999 -999 -999 -999 -999 -999
0.00270922425311792 0.315583293048793 -999 -999 -999 -999 -999 -999 -999 -999
0.62022908967641 0.318505658284263 -999 -999 -999 -999 -999 -999 -999 -999
0.377571261252084 0.351415898634264 -999 -999 -999 -999 -999 -999 -999 -999
0.00219964907150628 0.330078443081473 -999 -999 -999 -999 -999 -999 -999 -999
0.793553136740445 0.333884710827811 -999 -999 -999 -999 -999 -999 -999 -999
0.201288400729215 0.340842388651389 -999 -999 -999 -999 -999 -999 -999 -999
0.00515846253033977 0.3252729005208 -999 -999 -999 -999 -999 -999 -999 -999
0.716701375551018 0.32638957058742 -999 -999 -999 -999 -999 -999 -999 -999
0.280191985466131 0.331304728616946 -999 -999 -999 -999 -999 -999 -999 -999
0.00310663898285117 0.342305700795634 -999 -999 -999 -999 -999 -999 -999 -999
0.720859554541062 0.322411980894787 -999 -999 -999 -999 -999 -999 -999 -999
0.275867515436567 0.330111670939068 -999 -999 -999 -999 -999 -999 -999 -999
0.00327293002237055 0.347476348166146 -999 -999 -999 -999 -999 -999 -999 -999
0.723264080945205 0.340436625283278 -999 -999 -999 -999 -999 -999 -999 -999
0.273565006539715 0.33556793593878 -999 -999 -999 -999 -999 -999 -999 -999
0.00317091251507965 0.323995438777942 -999 -999 -999 -999 -999 -999 -999 -999
0.702256886811981 0.317521626527129 -999 -999 -999 -999 -999 -999 -999 -999
0.294922598388267 0.335426756400649 -999 -999 -999 -999 -999 -999 -999 -999
0.00282051479975193 0.347051617072222 -999 -999 -999 -999 -999 -999 -999 -999
0.671924580091534 0.336121945015334 -999 -999 -999 -999 -999 -999 -999 -999
0.325414547058975 0.317447328298118 -999 -999 -999 -999 -999 -999 -999 -999
0.00266087284949086 0.346430726686549 -999 -999 -999 -999 -999 -999 -999 -999
0.715531021609834 0.345775755814584 -999 -999 -999 -999 -999 -999 -999 -999
0.281488538921978 0.319921247930468 -999 -999 -999 -999 -999 -999 -999 -999
0.00298043946818807 0.334302996254949 -999 -999 -999 -999 -999 -999 -999 -999
0.787912747508732 0.322941957130253 -999 -999 -999 -999 -999 -999 -999 -999
0.20736896118879 0.332003642244984 -999 -999 -999 -999 -999 -999 -999 -999
0.00471829130247766 0.345054400624763 -999 -999 -999 -999 -999 -999 -999 -999
0.711717675815549 0.32877471004405 -999 -999 -999 -999 -999 -999 -999 -999
0.285007766120093 0.330838751987846 -999 -999 -999 -999 -999 -999 -999 -999
0.00327455806435725 0.340386537968104 -999 -999 -999 -999 -999 -999 -999 -999
0.756124182788613 0.329785016563236 -999 -999 -999 -999 -999 -999 -999 -999
0.239856871804875 0.34204811051061 -999 -999 -999 -999 -999 -999 -999 -999
0.00401894540651193 0.328166872926154 -999 -999 -999 -999 -999 -999 -999 -999
0.733416199916168 0.329526079591724 -999 -999 -999 -999 -999 -999 -999 -999
0.263071611229371 0.329414725917752 -999 -999 -999 -999 -999 -999 -999 -999
0.00351218885446029 0.341059194490525 -999 -999 -999 -999 -999 -999 -999 -999
0.773449462110082 0.349397276109908 -999 -999 -999 -999 -999 -999 -999 -999
0.222214872176958 0.314806067977732 -999 -999 -999 -999 -999 -999 -999 -999
0.00433566571295969 0.33579665591236 -999 -999 -999 -999 -999 -999 -999 -999
0.633821793126379 0.344896606006639 -999 -999 -999 -999 -999 -999 -999 -999
0.364001116294417 0.323523038011147 -999 -999 -999 -999 -999 -999 -999 -999
0.00217709057920318 0.331580355982215 -999 -999 -999 -999 -999 -999 -999 -999
0.781986744983279 0.334732370431562 -999 -999 -999 -999 -999 -999 -999 -999
0.213717293402422 0.334492038144358 -999 -999 -999 -999 -999 -999 -999 -999
0.00429596161429991 0.33077559142408 -999 -999 -999 -999 -999 -999 -999 -999
0.806236460877884 0.341889096193423 -999 -999 -999 -999 -999 -999 -999 -999
0.188838948147671 0.313532947659897 -999 -999 -999 -999 -999 -999 -999 -999
0.00492459097444551 0.34457795614668 -999 -999 -999 -999 -999 -999 -999 -999
0.706025132006409 0.33518174756452 -999 -999 -999 -999 -999 -999 -999 -999
0.291052148476704 0.331274000409547 -999 -999 -999 -999 -999 -999 -999 -999
0.00292271951688741 0.333544252025934 -999 -999 -999 -999 -999 -999 -999 -999
0.655437046423847 0.34277362307717 -999 -999 -999 -999 -999 -999 -999 -999
0.34212965581495 0.334868208022645 -999 -999 -999 -999 -999 -999 -999 -999
0.00243329776120289 0.322358168900185 -999 -999 -999 -999 -999 -999 -999 -999
-999 -999 -999 -999 -999 -999 -999 -999 -999 -999
-999 -999 -999 -999 -999 -999 -999 -999 -999 -999
-999 -999 -999 -999 -999 -999 -999 -999 -999 -999
-999 -999 -999 -999 -999 -999 -999 -999 -999 -999
-999 -999 -999 -999 -999 -999 -999 -999 -999 -999
-999 -999 -999 -999 -999 -999 -999 -999 -999 -999
