311
239
151
65
47
44
35
28
30
28
25
26
24
21
24
22
23
19
22
21
22
20
20
23
20
20
20
21
18
18
18
19
22
25
20
20
20
18
21
21
19
18
21
16
17
15
16
21
15
17
18
16
16
14
16
20
17
16
16
15
17
16
17
14
15
19
18
15
16
15
16
18
16
16
17
16
11
12
11
14
12
11
11
11
16
12
11
12
12
12
12
12
11
11
13
11
12
11
11
11
26
16
21
27
20
27
26
17
19
25
23
24
14
9
15
13
15
1
1
1
1
1
1
1
1
1
1
1
1
1
1
1
2
1
1
1
1
1
2
1
2
1
1
1
1
1
1
1
1
2
2
2
1
2
1
1
1
2
1
1
1
1
1
1
1
2
1
1
1
2
1
2
1
3
1
1
3
1
1
1
1
1
1
2
1
1
1
1
1
1
1
2
1
2
1
1
3
1
3
1
1
3
3
1
1
1
1
1
2
1
1
1
1
1
1
1
1
1
2
1
1
1
1
5
1
2
1
1
1
1
1
1
1
1
1
1
2
1
2
1
1
1
1
1
1
2
1
3
1
1
1
1
2
1
1
1
1
1
1
2
1
2
1
1
2
2
1
1
1
2
1
1
1
1
1
1
1
1
1
1
1
1
1
1
2
1
1
1
1
1
1
1
1
1
1
1
1
1
2
1
2
1
2
2
1
1
1
1
1
1
1
1
1
1
1
1
1
1
2
1
1
1
1
1
1
1
1
2
2
1
1
1
1
1
2
1
1
1
3
2
4
1
1
1
1
1
1
1
1
1
2
1
1
1
1
1
1
1
1
1
1
1
2
1
1
1
2
1
1
1
1
1
1
2
1
2
1
1
1
1
1
1
1
2
1
1
1
1
2
1
1
1
1
1
1
1
1
1
1
1
1
1
2
2
1
1
1
1
2
1
1
1
1
1
1
4
1
1
1
1
1
2
1
2
1
1
1
1
1
1
1
1
1
1
1
1
1
1
1
1
1
1
1
1
1
2
1
1
2
2
1
1
1
1
1
1
1
3
1
1
1
5
1
1
1
2
1
1
1
1
1
1
1
1
1
1
1
1
1
1
1
1
2
1
1
1
1
1
1
1
1
1
1
1
1
1
1
1
1
1
2
1
2
1
1
1
1
2
1
1
2
1
3
2
1
1
1
1
2
1
1
1
1
1
1
3
2
1
1
2
1
1
1
1
2
1
2
2
1
1
1
1
1
1
1
2
2
1
1
2
1
2
1
2
1
1
1
2
1
1
1
1
1
1
5
1
1
1
1
1
1
1
2
1
1
4
1
1
1
1
1
1
1
1
2
1
1
2
1
2
1
1
1
1
1
1
1
1
1
1
4
1
1
1
2
1
1
1
2
1
1
1
1
1
1
2
1
1
1
1
1
1
1
1
1
2
2
1
1
3
2
1
1
1
1
1
1
1
1
1
1
5
3
1
2
1
1
1
2
1
2
1
2
1
1
2
1
1
1
1
2
3
1
1
3
1
1
1
3
2
1
1
2
1
1
1
1
1
1
1
1
1
1
1
2
1
1
1
1
1
1
1
1
1
2
1
4
1
1
1
1
1
1
1
1
1
1
1
1
1
1
1
2
1
1
1
1
2
1
1
1
1
1
2
1
2
2
1
1
2
1
1
1
1
1
1
1
1
1
1
1
1
1
1
1
2
2
1
1
1
4
1
1
1
1
1
1
1
1
1
1
2
1
2
1
1
1
1
2
2
2
1
1
1
1
1
1
1
1
1
1
5
3
2
1
1
1
2
3
2
1
1
2
1
1
2
1
1
1
1
2
1
1
2
1
2
1
1
1
4
2
1
1
1
1
1
1
2
1
1
1
3
1
3
1
1
1
1
1
2
1
1
3
1
2
1
1
1
1
1
1
1
1
1
1
1
1
2
1
2
2
1
1
1
2
1
1
1
1
1
1
3
1
1
1
1
1
1
1
3
1
1
1
1
2
1
1
5
1
2
1
1
1
1
1
2
1
1
1
1
3
2
2
1
1
1
2
2
1
1
2
1
1
1
1
1
1
1
1
1
1
1
3
1
1
1
1
1
1
1
1
1
1
2
1
1
2
1
1
3
1
2
3
1
1
2
1
4
1
1
1
1
1
1
2
1
1
1
1
1
1
1
1
1
1
1
1
1
1
1
1
1
2
1
2
1
1
1
1
3
1
1
1
1
1
1
1
1
1
1
1
1
1
1
2
1
1
2
1
1
1
1
1
2
1
1
1
2
1
2
