0.352893093511216 0.481397229743857
0.629876515751683 0.468920386975832
0.0172303907371025 0.049682383280314
0.578750618247886 0.503503555101516
0.414572321392852 0.454377473674929
0.00667706035926155 0.0421189712235539
0.296584075959183 0.308961820005818
0.695758456026234 0.653857710231434
0.00765746801458078 0.0371804697627502
0.428848150694908 0.456216366055713
0.561586014609594 0.495239771187395
0.00956583469549816 0.0485438627568931
0.501994879674437 0.582294178213376
0.487411418798047 0.366641437998397
0.0105937015275172 0.0510643837882267
0.452336420753643 0.571043166806609
0.540231237523974 0.379748350288347
0.00743234172238133 0.0492084829050455
0.629886041482495 0.546416801180514
0.362676906875284 0.373619360193458
0.00743705164222214 0.0799638386260293
0.59660764486531 0.682576440864561
0.397469546948553 0.264768773162072
0.00592280818613731 0.0526547859733651
0.581247894120142 0.575644279562992
0.41124216601806 0.364518038982789
0.00750993986180044 0.0598376814542195
0.57324695048788 0.511578236645764
0.411976085615422 0.42576667675518
0.0147769638966964 0.0626550865990555
0.334347333310736 0.166293214738881
0.643553684718787 0.781553509526892
0.0220989819704804 0.0521532757342276
0.338811021293796 0.230328796258369
0.654747340580945 0.690760241593814
0.00644163812526212 0.0789109621478174
0.652042014421205 0.646710445304985
0.340541493543952 0.303010420173752
0.00741649203484244 0.050279134521264
0.438052893552813 0.497730427376909
0.554475108785463 0.470775466296609
0.00747199766172205 0.0314941063264824
0.396176589091064 0.434153895718615
0.583438608639006 0.470091206906385
0.0203848022699281 0.0957548973749993
0.49402600868138 0.442272925178765
0.490166154327768 0.460556333701754
0.0158078369908527 0.0971707411194824
0.566205295814992 0.54033677101148
0.427999249817739 0.400776187620869
0.00579545436726602 0.05888704136765
0.628542118617034 0.663706245841675
0.364148861558134 0.278759732887039
0.0073090198248327 0.0575340212712864
0.445378805118471 0.440715447758284
0.541443760903233 0.518921041719166
0.0131774339782941 0.0403635105225488
0.6188149460131 0.500788263847715
0.376466700409377 0.397349620211309
0.00471835357752547 0.101862115940976
0.544685238614241 0.644922202761423
0.448037234380085 0.299097544481849
0.00727752700567404 0.0559802527567281
0.461143378631306 0.482619904565054
0.528616409806938 0.480267458662641
0.0102402115617562 0.0371126367723052
0.635160987383683 0.442812233221203
0.349601069065148 0.491099861044825
0.0152379435511693 0.0660879057339709
0.450441007366219 0.462512823246403
0.542883514623279 0.481991628819454
0.00667547801050141 0.0554955479341403
0.313317178044567 0.164229411099654
0.6758762042709 0.773446101816905
0.0108066176845319 0.0623244870834416
0.452703401867236 0.475074931262426
0.527372092721245 0.465890227228012
0.0199245054115162 0.0590348415095596
0.432557689804379 0.453812449437041
0.555145231158035 0.483687857470005
0.0122970790375889 0.0624996930929542
0.404588148906819 0.404677432797591
0.583775149839211 0.544013345957367
0.0116367012539676 0.0513092212450433
0.484418731932395 0.495724321574535
0.505006923966981 0.443672636652332
0.0105743441006232 0.0606030417731352
0.337085158794663 0.313838318989454
0.643598100867467 0.621500887252171
0.0193167403378705 0.0646607937583757
0.380367638402535 0.326340283122614
0.595065573717459 0.567825824080622
0.0245667878800038 0.105833892796762
0.56043852176727 0.540238225358551
0.431805448275238 0.382579016465128
0.00775602995749032 0.0771827581763213
0.365105348345673 0.222265997630693
0.620709729392137 0.549553034677936
0.0141849222621885 0.228180967691371
0.498954782177531 0.382979268370802
0.486655849419703 0.535980509185674
0.0143893684027668 0.0810402224435234
0.54970926033456 0.497008858489993
0.437700796517787 0.447811979182729
0.012589943147654 0.055179162327279
0.448453344134846 0.387276118841762
0.539739485171948 0.536959599316001
0.0118071706932056 0.0757642818422382
0.470702644373528 0.432311170916925
0.515198048091227 0.522584749656223
0.0140993075352439 0.0451040794268515
0.570096985029817 0.513000947658656
0.419329941242199 0.431735458952024
0.0105730737279829 0.0552635933893206
0.447911148852885 0.440191953824234
0.54326711702076 0.511821383048644
0.00882173412635487 0.0479866631271213
0.44841231037286 0.404550526307356
0.544400371842289 0.560350580108392
0.00718731778485332 0.0350988935842535
0.450502914814971 0.43719840135403
0.542588203468219 0.508053841039187
0.00690888171680849 0.0547477576067853
0.367586354284122 0.413972643940022
0.619514254034636 0.479764935651728
0.0128993916812438 0.10626242040825
0.682637553882113 0.651763906046525
0.298170975109849 0.271613912493437
0.0191914710080395 0.0766221814600383
0.402439419037766 0.473927016924257
0.590829132833421 0.489171307176078
0.00673144812881312 0.0369016758996644
0.510832266933278 0.372447764552142
0.483338226416284 0.539386951582433
0.00582950665043741 0.088165283865423
0.521059916799666 0.464579211160725
0.471509130873653 0.455784371048517
0.00743095232668348 0.0796364177907575
0.597340018432827 0.504817302967478
0.391586060881875 0.425835294873572
0.0110739206852969 0.0693474021589498
0.609315777271703 0.533194619915423
0.376943885505986 0.425490683222377
0.0137403372223125 0.0413146968621968
0.563609802691697 0.605461221248167
0.419201029911925 0.324570228574798
0.0171891673963774 0.0699685501770373
0.409980665513576 0.47085382618975
0.578141020571766 0.488395521151194
0.0118783139146589 0.0407506526590573
0.485999472975923 0.620704855764353
0.505664417035987 0.320087681771217
0.00833610998808614 0.0592074624644307
0.521626796121336 0.561756315520847
0.46900471179299 0.373617915842532
0.00936849208567428 0.0646257686366199
0.591923505641398 0.493107521082758
0.396675936289123 0.379730560961792
0.0114005580694799 0.127161917955447
0.607646480377894 0.606753351367253
0.377865186170766 0.303137926646311
0.0144883334513407 0.0901087219864354
0.509905433753279 0.444804373618267
0.481180929488345 0.528436515301469
0.00891363675837626 0.0267591110802664
0.633894624221021 0.573075747242245
0.351474119133816 0.362068236969985
0.0146312566451613 0.0648560157877698
0.441022040891394 0.448754562792583
0.54451189188757 0.509302536757304
0.014466067221037 0.0419429004501124
0.392030520924955 0.356083638068048
0.600271110230976 0.576688707639599
0.00769836884406862 0.0672276542923536
0.365800910990729 0.340844765362767
0.622062667470544 0.594447630397788
0.0121364215387275 0.0647076042394434
0.524345342909115 0.624506591078086
0.461268461894462 0.323689771284694
0.014386195196421 0.0518036376372204
0.375941822025359 0.360746295695706
0.616774927239339 0.587249706302127
0.00728325073530335 0.0520039980021654
0.465967473914111 0.50176297847959
0.526305673743327 0.446183206144261
0.00772685234256332 0.0520538153761476
0.393070151391753 0.481964571760251
0.582863263918668 0.465745366217944
0.0240665846895783 0.0522900620218054
0.347783192186505 0.281319227256252
0.635632839060126 0.683042464865448
0.0165839687533693 0.0356383078783001
0.577574776430484 0.40053535290478
0.412089087960893 0.520172051059187
0.0103361356086233 0.0792925960360335
0.542632744253152 0.683256155835231
0.452822377838295 0.267647105756115
0.00454487790855432 0.049096738408655
0.569501448576115 0.670792154535707
0.424490925351748 0.291369997350259
0.0060076260721333 0.0378378481140357
0.564598391672963 0.532453262668423
0.427220067988195 0.385554018686515
0.00818154033884308 0.0819927186450645
0.35043542547682 0.304121666872137
0.639107005913823 0.63112043492248
0.010457568609355 0.0647578982053832
0.531238849173123 0.405803276729259
0.457493920545974 0.487838242037002
0.0112672302809026 0.10635848123374
0.44295547692726 0.324630668731342
0.549302036677877 0.608621194196552
0.00774248639486566 0.0667481370721067
0.496122285320257 0.412579696390412
0.49846034625189 0.524083138267977
0.00541736842785405 0.0633371653416078
0.469514939078036 0.246958201801967
0.515456499275796 0.698181959337149
0.0150285616461698 0.0548598388608846
0.561816694804815 0.545990749380176
0.430173196448936 0.371046244740352
0.00801010874624884 0.0829630058794704
0.284058801912907 0.305982079291647
0.704206016161185 0.64405839230801
0.011735181925909 0.049959528400343
0.477948832816029 0.560426254580357
0.505470636262022 0.395762619252117
0.0165805309219462 0.0438111261675242
0.354549908987502 0.468269801521843
0.631341866652681 0.450045792771651
0.014108224359815 0.0816844057065098
0.522687577576455 0.52948495986885
0.462532599236481 0.318807264477623
0.0147798231870633 0.151707775653528
0.447547991413806 0.418921522574188
0.535391780539035 0.50299377015175
0.0170602280471582 0.0780847072740625
0.732813353956549 0.53620424918325
0.256021929362248 0.320349120962632
0.0111647166812033 0.14344662985412
0.467658136243697 0.497939094497432
0.526181287167925 0.426230351635345
0.00616057658837937 0.0758305538672225
0.589922731272931 0.558610582181994
0.399597408020888 0.343900053985381
0.010479860706181 0.0974893638326246
0.512034356543215 0.361858724317984
0.478839743361622 0.542083052181794
0.00912590009516298 0.0960582235002228
0.356705309139791 0.332933410687103
0.633908200768117 0.605108726000352
0.00938649009209198 0.0619578633125454
0.349506398789865 0.264974210967296
0.638069051802189 0.631993597781145
0.0124245494079452 0.103032191251557
0.48638045774016 0.451962226640269
0.504074454144264 0.429666909912871
0.00954508811557563 0.118370863446858
0.414602666036634 0.5513357861044
0.560628760239966 0.354671788862467
0.0247685737234013 0.0939924250331354
0.488904084022471 0.651911559358501
0.501546582432114 0.260172674936094
0.00954933354541541 0.0879157657054059
0.68742742119366 0.610014146494134
0.30218387224308 0.344583168179046
0.0103887065632603 0.0454026853268228
0.54446159821647 0.343945380565027
0.440343516062489 0.609917527344289
0.0151948857210403 0.0461370920906834
0.426923042330945 0.362284593595174
0.553363530209762 0.527277890200578
0.0197134274592926 0.110437516204247
0.458253115086296 0.372561235653478
0.531527071792511 0.561700999137056
0.0102198131211926 0.0657377652094655
0.638521647067815 0.482433316868271
0.346438351312686 0.46271444323761
0.0150400016194967 0.0548522398941189
0.479363790188973 0.476652894664129
0.510118982610998 0.464610411369496
0.0105172272000269 0.0587366939663758
0.568380029701173 0.574009836834394
0.42048432632156 0.337975042089353
0.0111356439772684 0.088015121076253
0.530425156470597 0.422893360768678
0.461546040967362 0.450637921262704
0.00802880256204402 0.126468717968617
0.589460025901101 0.494782370557148
0.399677239996308 0.476560855318151
0.0108627341025908 0.0286567741246997
0.436366845479617 0.310759126770446
0.55495902640238 0.624800509320062
0.00867412811800253 0.0644403639094946
0.474859360894931 0.518687772612929
0.507839880730576 0.406044967040628
0.0173007583744943 0.0752672603464422
0.406020748421649 0.353161543712675
0.57801590781368 0.606986486914555
0.0159633437646703 0.0398519693727692
0.299367802670102 0.252398894185364
0.684563675247624 0.702280864619633
0.0160685220822744 0.0453202411950022
0.503215661064775 0.51007352715549
0.484546153434325 0.412386556630772
0.0122381855009009 0.0775399162137375
0.518185487950319 0.564061114032613
0.468327510022774 0.392162199895542
0.013487002026905 0.0437766860718432
0.399291841694927 0.449600430494869
0.589531516970281 0.479857534076435
0.0111766413347926 0.0705420354286988
0.453966351734103 0.474882838167811
0.530848861613379 0.446298694404148
0.0151847866525178 0.0788184674280426
0.34744630577474 0.316200965715602
0.634185248227095 0.638781295207997
0.0183684459981657 0.0450177390764018
0.409066908081635 0.426352741294848
0.576987237386724 0.487355107629802
0.0139458545316428 0.0862921510753521
0.602914625765537 0.560722196253243
0.391729678116719 0.309250698265625
0.00535569611774427 0.130027105481134
0.596508518660317 0.456802807375662
0.393872588073159 0.453310553177869
0.00961889326652144 0.0898866394464681
0.432209947401308 0.501857457985084
0.55963804635374 0.452626318071881
0.00815200624495251 0.045516223943034
0.492279059966054 0.388988913799262
0.500123767415651 0.521426005132178
0.00759717261829827 0.0895850810685605
0.338801335917084 0.350335663524484
0.65263073744016 0.584392445770135
0.00856792664275501 0.0652718907053837
0.175847972240922 0.204511446783031
0.815897307333075 0.743393259121209
0.00825472042600653 0.0520952940957593
0.654585889950101 0.597099337489501
0.335245266749851 0.329023945826559
0.0101688433000466 0.0738767166839411
0.418876963909977 0.307775059874949
0.571001649063418 0.644476267671995
0.0101213870266057 0.047748672453055
0.577742385609309 0.410044895273888
0.410293236619126 0.521552928029074
0.0119643777715693 0.0684021766970377
0.573323275538803 0.39922114542229
0.416557570274594 0.541108823263066
0.0101191541866019 0.0596700313146463
0.458431464346247 0.477656543596166
0.531074158466711 0.43923248801178
0.0104943771870446 0.0831109683920536
0.531255986022637 0.426591576935567
0.4580266226597 0.483023128293213
0.0107173913176613 0.0903852947712187
0.625858595878259 0.625525616677252
0.355449678761126 0.337052313069867
0.0186917253606146 0.0374220702528812
0.260572787762999 0.321633115321065
0.727798293127686 0.621873891516185
0.0116289191093148 0.0564929931627478
0.444548414154522 0.590645381713211
0.545746009431296 0.334373405846675
0.00970557641418093 0.0749812124401153
0.380342320042525 0.361816319812152
0.600255817971746 0.578602299602537
0.0194018619857296 0.0595813805853106
0.664993438940991 0.64795313163777
0.320104381523119 0.273370405995636
0.0149021795358908 0.0786764623665945
0.673873301671585 0.645038475915616
0.320298758927784 0.29149036583155
0.0058279394006298 0.0634711582528343
0.523977722012289 0.505858238025582
0.466651710414041 0.442396898775811
0.009370567573668 0.0517448631986066
0.49852990043388 0.434638456169069
0.496168207177171 0.500365009766561
0.00530189238894931 0.0649965340643679
0.3276679853555 0.32386619047465
0.649915608583176 0.580413172381238
0.0224164060613241 0.0957206371441108
0.587922931937134 0.544056069778503
0.405576191820349 0.326742797897246
0.00650087624251695 0.129201132324253
0.637405664958772 0.651704200094511
0.345760629194118 0.309870887411823
0.0168337058471099 0.038424912493665
0.472700901296663 0.372936283076558
0.520902390056117 0.526771553966554
0.00639670864722111 0.10029216295689
0.602724482668616 0.549243695828039
0.37891837859112 0.382942428836932
0.0183571387402617 0.0678138753350288
0.577670614334175 0.492007129241246
0.414924948342688 0.45783521194021
0.00740443732313452 0.0501576588185438
0.419204731755764 0.439388278779187
0.568624047923377 0.493316210270338
0.0121712203208603 0.0672955109504745
0.452506573886084 0.464773994655571
0.536306405459282 0.491458923222734
0.0111870206546347 0.0437670821216946
0.486302001544402 0.462377094717731
0.503228620811375 0.436573841711851
0.0104693776442245 0.101049063570417
0.614049632857169 0.532320265596872
0.378896517319209 0.386294786634514
0.00705384982362258 0.0813849477686149
0.61639388495766 0.545232415900046
0.375482254482341 0.361893712847388
0.00812386056000123 0.0928738712525666
0.333794376563414 0.261808293915645
0.659421223215802 0.679157033626468
0.00678440022078339 0.0590346724578873
0.388643315691896 0.408421926679322
0.603102846112606 0.474201313166074
0.00825383819549801 0.117376760154604
0.266331317928365 0.264974180560721
0.719135290899664 0.634988115324208
0.0145333911719732 0.100037704115072
0.480663231968696 0.455169142892072
0.5082549070991 0.456600781444955
0.0110818609322035 0.0882300756629746
0.702255497341722 0.785848586682213
0.289551238800404 0.158305873063065
0.00819326385787327 0.0558455402547234
0.43957861517758 0.384075070561154
0.552053341442416 0.531000817528582
0.00836804338000277 0.0849241119102666
0.598584503892684 0.557693329362696
0.3914275861784 0.394119259503754
0.00998790992891643 0.0481874111335499
0.58976006395555 0.527605681948943
0.394083888237636 0.357108451755662
0.0161560478068125 0.115285866295394
0.483986515470267 0.419363964924903
0.50474018176031 0.534876390779481
0.0112733027694239 0.0457596442956181
0.539016282108755 0.474123315485277
0.452253853492911 0.486287862325806
0.00872986439833445 0.0395888221889186
0.664837513275647 0.567472851422868
0.327480236030323 0.397517100215306
0.00768225069402999 0.0350100483618259
0.504704265394108 0.499712754089965
0.481111181807009 0.45443210871375
0.0141845527988847 0.045855137196284
0.48488483148626 0.547335533961167
0.506222880996963 0.395016348747773
0.00889228751677989 0.0576481172910611
0.656438221577847 0.635945732812618
0.331041911795219 0.273690892202601
0.0125198666269347 0.0903633749847793
0.456337929426741 0.623873084224721
0.5335609613094 0.341877347562903
0.0101011092638604 0.0342495682123758
0.454932630980601 0.314022147774273
0.533134246673973 0.628619677957323
0.0119331223454282 0.0573581742684026
0.464825768565849 0.453116700326515
0.523159672487936 0.494378182738578
0.0120145589462151 0.0525051169349047
0.618813842551814 0.400370671958781
0.371984822701303 0.532485957599416
0.00920133474688035 0.067143370441801
0.569567300388123 0.623807063903115
0.423589252074443 0.319699059546779
0.00684344753743352 0.0564938765501047
0.597667625056583 0.513978839450369
0.396296805559148 0.379674846013986
0.00603556938426973 0.106346314535645
0.610202656313673 0.596300239371973
0.376851788080483 0.35549918077028
0.0129455556058465 0.0482005798577468
0.639899581433776 0.566234619263348
0.318303335102254 0.362131647352967
0.0417970834639703 0.0716337333836894
0.43091785660098 0.47439170816027
0.557081942012964 0.44840035353525
0.012000201386057 0.0772079383044793
0.60236508027525 0.621673256837052
0.381759164479273 0.337945090141114
0.0158757552454785 0.0403816530218331
0.409031817413656 0.316622170098357
0.578930186320862 0.635585495672963
0.0120379962654817 0.0477923342286785
0.414525589876934 0.46785788445615
0.569888163202104 0.500018820124738
0.015586246920961 0.032123295419113
0.515199763562886 0.607389636135482
0.478413046373218 0.335447695055549
0.00638719006389844 0.0571626688089689
0.473584520606277 0.403538549826927
0.518364978607663 0.541268074775832
0.00805050078605978 0.0551933753972404
0.430375914937563 0.434313850272176
0.550504846276588 0.507922011413573
0.0191192387858491 0.0577641383142511
0.523263474629876 0.49216312670363
0.463795357013015 0.446326538510353
0.0129411683571081 0.0615103347860167
0.536211192443959 0.578279629357315
0.457933972879806 0.389799654510998
0.00585483467623421 0.0319207161316884
0.456052698527979 0.437625371038122
0.534272444730763 0.52050527257308
0.00967485674125673 0.0418693563887948
0.58840401864522 0.43115109562056
0.404988342442771 0.491983627799132
0.00660763891200962 0.0768652765803066
0.265333215330307 0.261179163521703
0.728523844459878 0.697935782674701
0.00614294020981433 0.0408850538035931
0.677811587645784 0.581292203666579
0.309303511670998 0.356494857440622
0.0128849006832189 0.0622129388927999
0.410139935580473 0.495911152042935
0.575808652748492 0.380591839299946
0.014051411671035 0.123497008657121
0.465379497774324 0.425215724539657
0.517884990104136 0.516138204652219
0.0167355121215391 0.0586460708081214
0.477594049031129 0.491543591855413
0.511718558409831 0.454646731530986
0.0106873925590373 0.0538096766136017
0.449779686016604 0.365467875925291
0.539971267196565 0.562795753176387
0.0102490467868301 0.0717363708983226
0.443746722952051 0.451634030637331
0.552201649691985 0.484408772871381
0.0040516273559644 0.0639571964912865
0.417176169721735 0.23628780175048
0.568853882055843 0.666242879444514
0.0139699482224221 0.0974693188050072
0.421212713684066 0.399489537654365
0.571637934413968 0.528477397370076
0.00714935190196558 0.0720330649755603
0.545115426729468 0.492300495801515
0.445378127401692 0.464577249337506
0.00950644586884104 0.0431222548609791
0.522977885638694 0.528423244072756
0.463340369162774 0.447077066488448
0.0136817451985351 0.0244996894387955
0.418964977980488 0.235955707720585
0.572090032923467 0.697166838762057
0.00894498909604484 0.066877453517359
0.556558211856686 0.568917955496204
0.437454494963315 0.387400425912356
0.00598729317999938 0.0436816185914371
0.66777627779039 0.60753525211687
0.326055634729641 0.354585763805967
0.00616808747997062 0.0378789840771616
0.514405551120649 0.407376799412781
0.475617970408336 0.530949893587933
0.00997647847101629 0.0616733069992861
0.585679063799857 0.567997010347209
0.407930489666483 0.391541996618605
0.00639044653365779 0.0404609930341884
0.418524907341064 0.356968612905743
0.558356188711731 0.608578752191664
0.0231189039472062 0.0344526349025925
0.557392604944494 0.549778413985588
0.429379244397165 0.345999868425506
0.01322815065834 0.104221717588904
0.399456786089382 0.311640693584774
0.586169807550817 0.648827160547335
0.0143734063598024 0.0395321458678898
0.483046625708254 0.332035955786815
0.507120859303903 0.577340985903418
0.00983251498784017 0.0906230583097654
0.414347206478694 0.358403257832324
0.577442971817896 0.595550159435405
0.00820982170341213 0.046046582732273
0.537454752772334 0.574337361979375
0.445014879635051 0.395551656349357
0.0175303675926153 0.0301109816712684
0.230066780715698 0.112615330133966
0.758893855801546 0.79806677083725
0.0110393634827566 0.0893178990287855
0.467830746695398 0.376665674957157
0.525846447071918 0.589009707097528
0.00632280623268134 0.0343246179453155
0.341756246338535 0.230021391816125
0.642349357907372 0.717130929187099
0.015894395754096 0.0528476789967752
0.526068148902919 0.353729519677871
0.460222005771148 0.557568096454353
0.0137098453259315 0.088702383867776
0.447471313253555 0.476787863752865
0.545923405557902 0.403427443182145
0.00660528118854612 0.119784693064989
0.509286893613137 0.516841719798601
0.476029290874478 0.436507565587965
0.0146838155123862 0.0466507146134345
0.61478044586016 0.458303962900662
0.379279875595984 0.400402713372206
0.00593967854385499 0.141293323727132
-999 -999
-999 -999
-999 -999
-999 -999
-999 -999
-999 -999
