549
548
550
546
543
540
545
539
538
542
537
528
522
514
520
518
526
539
545
547
555
557
558
561
562
573
571
567
573
556
548
542
530
522
519
518
513
509
512
520
526
528
532
536
532
536
535
543
539
545
529
531
539
533
530
534
534
535
534
543
545
549
537
537
540
541
539
532
530
524
524
518
513
515
532
524
523
518
517
519
509
512
524
525
514
513
504
504
501
497
497
502
500
502
495
489
490
474
466
456
459
451
463
464
464
464
466
466
461
459
457
460
455
463
448
458
456
448
435
450
448
436
426
423
413
407
407
407
398
391
391
387
390
392
391
384
385
386
380
379
375
366
362
354
359
358
337
325
325
317
327
331
324
320
309
309
305
313
313
320
307
310
314
304
311
321
314
304
302
299
294
289
282
285
290
285
273
267
260
258
248
259
261
242
236
230
225
230
227
219
228
227
224
228
217
216
216
224
220
223
207
207
203
198
191
182
175
186
182
183
183
179
181
173
168
171
178
177
172
160
161
163
162
163
162
155
156
162
164
154
156
154
141
133
135
145
134
124
127
139
152
161
167
163
153
159
155
149
140
135
151
153
156
157
161
145
137
135
141
138
147
143
146
145
144
153
160
160
157
153
150
149
152
165
168
174
163
170
169
171
175
178
174
166
151
151
144
143
156
153
159
159
149
150
151
148
139
143
138
137
142
147
152
139
135
137
133
131
137
135
140
136
138
134
134
130
112
117
121
125
132
129
131
137
135
124
122
121
117
126
127
138
135
127
128
123
124
116
128
124
123
127
132
135
135
137
137
133
118
117
112
104
109
107
108
111
104
105
104
114
111
117
125
118
118
126
125
133
137
136
128
126
121
127
127
115
119
128
117
115
104
114
116
112
107
109
119
112
117
116
116
107
111
108
107
103
108
104
93
93
98
101
104
102
114
112
116
116
112
109
111
116
120
121
119
125
130
122
118
119
116
118
116
124
129
121
125
121
108
124
122
116
122
120
120
115
112
120
121
133
127
123
124
126
122
127
121
118
115
124
119
112
110
118
126
120
117
118
113
115
113
110
117
122
118
114
110
113
110
118
124
118
112
112
111
111
117
115
103
102
98
98
109
107
111
107
98
108
107
105
100
102
108
107
100
97
93
98
95
94
100
90
96
104
108
108
103
96
104
98
92
86
86
87
78
88
89
97
96
102
101
103
100
100
106
99
93
97
92
86
92
89
104
98
92
98
97
104
112
107
113
101
103
100
106
112
105
103
98
94
101
94
95
94
93
87
83
91
89
86
79
87
101
99
102
98
109
105
96
104
108
98
99
101
94
100
103
104
95
92
96
88
84
99
101
100
89
91
88
89
88
85
84
81
81
83
87
82
78
85
82
83
85
81
90
103
107
102
93
93
93
89
93
92
87
83
76
88
93
98
97
98
90
81
84
84
78
80
83
87
99
94
87
94
90
89
95
85
88
89
93
86
94
92
87
93
96
90
92
91
91
91
84
80
80
79
89
94
89
103
97
96
105
96
95
91
88
94
94
95
84
81
82
87
88
88
86
81
72
79
78
79
76
81
74
71
79
76
79
97
97
91
82
80
85
88
90
91
85
79
83
90
86
81
89
97
95
86
86
85
85
88
87
92
94
81
77
82
84
78
74
80
83
82
81
91
87
91
99
92
83
72
73
78
85
89
79
75
74
76
72
74
85
82
83
87
82
83
87
82
90
85
84
84
72
72
71
77
81
84
75
82
84
79
85
80
85
85
100
99
92
92
93
100
93
90
89
87
92
102
112
112
111
109
108
92
97
92
95
89
94
83
84
77
83
80
77
82
84
94
92
88
79
80
76
79
76
79
79
87
87
79
85
81
82
82
81
78
88
92
93
94
85
83
77
82
87
75
81
90
86
80
87
85
83
88
88
76
77
81
88
86
99
94
82
81
75
78
77
82
86
95
90
93
90
85
84
81
87
97
97
99
94
90
90
91
82
91
85
76
71
77
67
79
81
83
92
95
100
91
92
92
99
99
98
89
96
85
85
89
86
75
75
83
77
79
75
70
67
69
73
78
75
76
84
91
86
80
81
84
89
90
85
85
78
87
90
81
84
84
85
81
78
67
71
78
76
76
79
88
84
81
75
83
88
88
80
86
86
84
83
77
84
84
86
77
83
86
95
99
95
97
86
77
79
87
91
102
102
98
98
100
91
88
87
78
80
83
79
79
78
76
75
79
77
83
87
81
86
80
80
80
78
80
78
92
91
84
76
81
84
88
95
91
105
99
101
100
104
102
