476 491 1 0
476 492 1 0
476 493 1 0
476 494 1 0
476 495 1 0
476 496 1 0
476 497 1 0
476 498 1 0
476 499 0.0775 0.9225
476 500 0 1
476 501 1 0
476 502 1 0
476 503 1 0
476 504 1 0
476 505 1 0
476 506 1 0
476 507 1 0
476 508 1 0
476 509 1 0
476 510 1 0
477 491 1 0
477 492 1 0
477 493 1 0
477 494 1 0
477 495 1 0
477 496 1 0
477 497 1 0
477 498 1 0
477 499 0 1
477 500 0 1
477 501 1 0
477 502 1 0
477 503 1 0
477 504 1 0
477 505 1 0
477 506 1 0
477 507 1 0
477 508 1 0
477 509 1 0
477 510 1 0
478 491 1 0
478 492 1 0
478 493 1 0
478 494 1 0
478 495 1 0
478 496 1 0
478 497 1 0
478 498 1 0
478 499 0 1
478 500 1 0
478 501 1 0
478 502 1 0
478 503 1 0
478 504 1 0
478 505 1 0
478 506 1 0
478 507 1 0
478 508 1 0
478 509 1 0
478 510 1 0
479 491 1 0
479 492 1 0
479 493 1 0
479 494 1 0
479 495 1 0
479 496 1 0
479 497 1 0
479 498 1 0
479 499 1 0
479 500 1 0
479 501 1 0
479 502 1 0
479 503 1 0
479 504 0.955 0.045
479 505 1 0
479 506 1 0
479 507 1 0
479 508 1 0
479 509 1 0
479 510 1 0
480 491 1 0
480 492 1 0
480 493 1 0
480 494 1 0
480 495 1 0
480 496 1 0
480 497 1 0
480 498 1 0
480 499 1 0
480 500 1 0
480 501 1 0
480 502 1 0
480 503 1 0
480 504 1 0
480 505 1 0
480 506 1 0
480 507 1 0
480 508 1 0
480 509 1 0
480 510 1 0
481 491 1 0
481 492 1 0
481 493 1 0
481 494 1 0
481 495 1 0
481 496 1 0
481 497 1 0
481 498 1 0
481 499 1 0
481 500 1 0
481 501 1 0
481 502 1 0
481 503 1 0
481 504 1 0
481 505 1 0
481 506 1 0
481 507 1 0
481 508 1 0
481 509 1 0
481 510 1 0
482 491 1 0
482 492 1 0
482 493 1 0
482 494 1 0
482 495 1 0
482 496 1 0
482 497 1 0
482 498 1 0
482 499 1 0
482 500 1 0
482 501 1 0
482 502 1 0
482 503 1 0
482 504 1 0
482 505 1 0
482 506 1 0
482 507 1 0
482 508 1 0
482 509 1 0
482 510 1 0
483 491 1 0
483 492 1 0
483 493 0 1
483 494 1 0
483 495 1 0
483 496 1 0
483 497 1 0
483 498 1 0
483 499 1 0
483 500 1 0
483 501 1 0
483 502 1 0
483 503 1 0
483 504 1 0
483 505 1 0
483 506 1 0
483 507 1 0
483 508 1 0
483 509 1 0
483 510 1 0
484 491 1 0
484 492 1 0
484 493 0 1
484 494 1 0
484 495 1 0
484 496 1 0
484 497 1 0
484 498 1 0
484 499 1 0
484 500 1 0
484 501 1 0
484 502 1 0
484 503 1 0
484 504 1 0
484 505 1 0
484 506 1 0
484 507 1 0
484 508 0.96875 0.03125
484 509 1 0
484 510 0.89625 0.10375
485 491 1 0
485 492 1 0
485 493 1 0
485 494 1 0
485 495 1 0
485 496 1 0
485 497 1 0
485 498 1 0
485 499 1 0
485 500 1 0
485 501 1 0
485 502 1 0
485 503 1 0
485 504 1 0
485 505 1 0
485 506 1 0
485 507 1 0
485 508 1 0
485 509 1 0
485 510 0.8125 0.1875
486 491 1 0
486 492 1 0
486 493 1 0
486 494 1 0
486 495 1 0
486 496 1 0
486 497 1 0
486 498 1 0
486 499 1 0
486 500 1 0
486 501 1 0
486 502 1 0
486 503 1 0
486 504 1 0
486 505 1 0
486 506 1 0
486 507 1 0
486 508 1 0
486 509 1 0
486 510 0 1
487 491 1 0
487 492 1 0
487 493 1 0
487 494 1 0
487 495 0.59875 0.40125
487 496 1 0
487 497 0.9975 0.0025
487 498 1 0
487 499 1 0
487 500 0.6725 0.3275
487 501 1 0
487 502 1 0
487 503 1 0
487 504 1 0
487 505 1 0
487 506 1 0
487 507 1 0
487 508 1 0
487 509 1 0
487 510 0.10625 0.89375
488 491 1 0
488 492 1 0
488 493 1 0
488 494 1 0
488 495 1 0
488 496 1 0
488 497 1 0
488 498 1 0
488 499 1 0
488 500 0.745 0.255
488 501 1 0
488 502 1 0
488 503 1 0
488 504 1 0
488 505 1 0
488 506 1 0
488 507 1 0
488 508 1 0
488 509 1 0
488 510 1 0
489 491 0.6825 0.3175
489 492 0.82375 0.17625
489 493 1 0
489 494 1 0
489 495 0.98125 0.01875
489 496 1 0
489 497 1 0
489 498 1 0
489 499 1 0
489 500 1 0
489 501 1 0
489 502 1 0
489 503 1 0
489 504 1 0
489 505 1 0
489 506 0.94125 0.05875
489 507 1 0
489 508 1 0
489 509 1 0
489 510 1 0
490 491 0.65875 0.34125
490 492 1 0
490 493 1 0
490 494 1 0
490 495 0.98125 0.01875
490 496 1 0
490 497 1 0
490 498 1 0
490 499 1 0
490 500 1 0
490 501 1 0
490 502 1 0
490 503 1 0
490 504 1 0
490 505 1 0
490 506 0.925 0.075
490 507 1 0
490 508 1 0
490 509 1 0
490 510 1 0
491 491 1 0
491 492 1 0
491 493 1 0
491 494 1 0
491 495 1 0
491 496 1 0
491 497 1 0
491 498 1 0
491 499 1 0
491 500 1 0
491 501 0 1
491 502 0 1
491 503 1 0
491 504 1 0
491 505 1 0
491 506 1 0
491 507 1 0
491 508 1 0
491 509 1 0
491 510 1 0
492 491 1 0
492 492 1 0
492 493 1 0
492 494 1 0
492 495 1 0
492 496 1 0
492 497 1 0
492 498 1 0
492 499 1 0
492 500 0 1
492 501 1 0
492 502 0.55875 0.44125
492 503 0.63875 0.36125
492 504 1 0
492 505 1 0
492 506 1 0
492 507 1 0
492 508 1 0
492 509 1 0
492 510 1 0
493 491 1 0
493 492 1 0
493 493 1 0
493 494 1 0
493 495 1 0
493 496 1 0
493 497 1 0
493 498 1 0
493 499 1 0
493 500 1 0
493 501 1 0
493 502 1 0
493 503 1 0
493 504 1 0
493 505 1 0
493 506 1 0
493 507 1 0
493 508 1 0
493 509 1 0
493 510 1 0
494 491 1 0
494 492 0.98 0.02
494 493 1 0
494 494 1 0
494 495 1 0
494 496 1 0
494 497 1 0
494 498 1 0
494 499 1 0
494 500 1 0
494 501 1 0
494 502 1 0
494 503 1 0
494 504 1 0
494 505 1 0
494 506 1 0
494 507 1 0
494 508 1 0
494 509 1 0
494 510 1 0
495 491 1 0
495 492 0 1
495 493 1 0
495 494 1 0
495 495 1 0
495 496 1 0
495 497 1 0
495 498 1 0
495 499 1 0
495 500 1 0
495 501 1 0
495 502 1 0
495 503 1 0
495 504 1 0
495 505 1 0
495 506 1 0
495 507 1 0
495 508 1 0
495 509 1 0
495 510 1 0
496 491 1 0
496 492 1 0
496 493 1 0
496 494 1 0
496 495 1 0
496 496 1 0
496 497 1 0
496 498 1 0
496 499 1 0
496 500 1 0
496 501 1 0
496 502 1 0
496 503 1 0
496 504 1 0
496 505 1 0
496 506 1 0
496 507 1 0
496 508 1 0
496 509 1 0
496 510 1 0
497 491 1 0
497 492 1 0
497 493 0 1
497 494 1 0
497 495 1 0
497 496 1 0
497 497 1 0
497 498 1 0
497 499 1 0
497 500 1 0
497 501 1 0
497 502 1 0
497 503 1 0
497 504 1 0
497 505 0 1
497 506 1 0
497 507 1 0
497 508 1 0
497 509 1 0
497 510 1 0
498 491 1 0
498 492 1 0
498 493 1 0
498 494 1 0
498 495 1 0
498 496 1 0
498 497 1 0
498 498 1 0
498 499 1 0
498 500 1 0
498 501 1 0
498 502 1 0
498 503 1 0
498 504 1 0
498 505 0 1
498 506 0 1
498 507 1 0
498 508 1 0
498 509 1 0
498 510 1 0
499 491 1 0
499 492 1 0
499 493 1 0
499 494 1 0
499 495 1 0
499 496 1 0
499 497 1 0
499 498 1 0
499 499 1 0
499 500 1 0
499 501 1 0
499 502 1 0
499 503 1 0
499 504 0.675 0.325
499 505 0.955 0.045
499 506 1 0
499 507 1 0
499 508 1 0
499 509 1 0
499 510 1 0
500 491 1 0
500 492 1 0
500 493 0.5225 0.4775
500 494 1 0
500 495 1 0
500 496 1 0
500 497 1 0
500 498 1 0
500 499 1 0
500 500 1 0
500 501 1 0
500 502 0.82125 0.17875
500 503 1 0
500 504 1 0
500 505 1 0
500 506 1 0
500 507 1 0
500 508 1 0
500 509 1 0
500 510 1 0
501 491 1 0
501 492 0.5675 0.4325
501 493 0.96625 0.03375
501 494 1 0
501 495 1 0
501 496 1 0
501 497 1 0
501 498 1 0
501 499 1 0
501 500 1 0
501 501 1 0
501 502 1 0
501 503 1 0
501 504 1 0
501 505 1 0
501 506 1 0
501 507 1 0
501 508 1 0
501 509 1 0
501 510 1 0
502 491 1 0
502 492 1 0
502 493 1 0
502 494 1 0
502 495 1 0
502 496 1 0
502 497 1 0
502 498 1 0
502 499 1 0
502 500 1 0
502 501 1 0
502 502 1 0
502 503 1 0
502 504 1 0
502 505 1 0
502 506 1 0
502 507 1 0
502 508 1 0
502 509 1 0
502 510 1 0
503 491 1 0
503 492 1 0
503 493 1 0
503 494 1 0
503 495 1 0
503 496 1 0
503 497 1 0
503 498 1 0
503 499 1 0
503 500 1 0
503 501 1 0
503 502 1 0
503 503 1 0
503 504 1 0
503 505 1 0
503 506 1 0
503 507 1 0
503 508 1 0
503 509 1 0
503 510 1 0
504 491 1 0
504 492 1 0
504 493 1 0
504 494 1 0
504 495 1 0
504 496 1 0
504 497 1 0
504 498 1 0
504 499 1 0
504 500 1 0
504 501 1 0
504 502 1 0
504 503 1 0
504 504 1 0
504 505 1 0
504 506 1 0
504 507 1 0
504 508 1 0
504 509 1 0
504 510 1 0
505 491 1 0
505 492 1 0
505 493 1 0
505 494 1 0
505 495 1 0
505 496 1 0
505 497 1 0
505 498 1 0
505 499 1 0
505 500 1 0
505 501 1 0
505 502 1 0
505 503 1 0
505 504 1 0
505 505 1 0
505 506 1 0
505 507 1 0
505 508 1 0
505 509 1 0
505 510 1 0
506 491 0 1
506 492 0.045 0.955
506 493 1 0
506 494 1 0
506 495 1 0
506 496 1 0
506 497 1 0
506 498 1 0
506 499 1 0
506 500 1 0
506 501 1 0
506 502 1 0
506 503 1 0
506 504 1 0
506 505 1 0
506 506 1 0
506 507 1 0
506 508 1 0
506 509 1 0
506 510 1 0
507 491 1 0
507 492 1 0
507 493 1 0
507 494 1 0
507 495 1 0
507 496 1 0
507 497 1 0
507 498 1 0
507 499 1 0
507 500 1 0
507 501 1 0
507 502 1 0
507 503 1 0
507 504 1 0
507 505 1 0
507 506 1 0
507 507 1 0
507 508 1 0
507 509 1 0
507 510 1 0
508 491 1 0
508 492 1 0
508 493 1 0
508 494 1 0
508 495 1 0
508 496 1 0
508 497 1 0
508 498 1 0
508 499 1 0
508 500 1 0
508 501 1 0
508 502 1 0
508 503 1 0
508 504 1 0
508 505 1 0
508 506 1 0
508 507 1 0
508 508 1 0
508 509 1 0
508 510 1 0
509 491 1 0
509 492 1 0
509 493 1 0
509 494 1 0
509 495 1 0
509 496 1 0
509 497 1 0
509 498 1 0
509 499 1 0
509 500 1 0
509 501 1 0
509 502 1 0
509 503 1 0
509 504 1 0
509 505 1 0
509 506 1 0
509 507 1 0
509 508 1 0
509 509 1 0
509 510 1 0
510 491 1 0
510 492 1 0
510 493 1 0
510 494 1 0
510 495 1 0
510 496 1 0
510 497 1 0
510 498 1 0
510 499 1 0
510 500 1 0
510 501 1 0
510 502 1 0
510 503 1 0
510 504 1 0
510 505 1 0
510 506 1 0
510 507 1 0
510 508 1 0
510 509 1 0
510 510 1 0
511 491 1 0
511 492 1 0
511 493 1 0
511 494 1 0
511 495 1 0
511 496 1 0
511 497 1 0
511 498 1 0
511 499 1 0
511 500 1 0
511 501 1 0
511 502 1 0
511 503 1 0
511 504 1 0
511 505 1 0
511 506 1 0
511 507 1 0
511 508 1 0
511 509 1 0
511 510 1 0
512 491 1 0
512 492 1 0
512 493 1 0
512 494 1 0
512 495 1 0
512 496 1 0
512 497 1 0
512 498 1 0
512 499 1 0
512 500 1 0
512 501 1 0
512 502 0 1
512 503 0 1
512 504 1 0
512 505 1 0
512 506 1 0
512 507 1 0
512 508 1 0
512 509 1 0
512 510 1 0
513 491 1 0
513 492 1 0
513 493 1 0
513 494 1 0
513 495 1 0
513 496 1 0
513 497 1 0
513 498 1 0
513 499 1 0
513 500 1 0
513 501 1 0
513 502 1 0
513 503 1 0
513 504 1 0
513 505 1 0
513 506 1 0
513 507 1 0
513 508 1 0
513 509 1 0
513 510 1 0
514 491 0.27375 0.72625
514 492 0 1
514 493 0.85125 0.14875
514 494 1 0
514 495 1 0
514 496 0.96 0.04
514 497 0 1
514 498 1 0
514 499 1 0
514 500 1 0
514 501 1 0
514 502 1 0
514 503 1 0
514 504 1 0
514 505 1 0
514 506 1 0
514 507 1 0
514 508 1 0
514 509 1 0
514 510 1 0
515 491 1 0
515 492 1 0
515 493 1 0
515 494 1 0
515 495 0.83375 0.16625
515 496 0 1
515 497 1 0
515 498 1 0
515 499 1 0
515 500 1 0
515 501 1 0
515 502 1 0
515 503 1 0
515 504 1 0
515 505 1 0
515 506 1 0
515 507 1 0
515 508 1 0
515 509 1 0
515 510 1 0
516 491 1 0
516 492 1 0
516 493 1 0
516 494 1 0
516 495 1 0
516 496 1 0
516 497 1 0
516 498 1 0
516 499 1 0
516 500 1 0
516 501 1 0
516 502 1 0
516 503 1 0
516 504 1 0
516 505 1 0
516 506 1 0
516 507 1 0
516 508 1 0
516 509 1 0
516 510 1 0
517 491 1 0
517 492 1 0
517 493 1 0
517 494 1 0
517 495 1 0
517 496 1 0
517 497 1 0
517 498 1 0
517 499 1 0
517 500 1 0
517 501 1 0
517 502 1 0
517 503 1 0
517 504 1 0
517 505 1 0
517 506 1 0
517 507 1 0
517 508 1 0
517 509 1 0
517 510 1 0
518 491 1 0
518 492 1 0
518 493 1 0
518 494 1 0
518 495 1 0
518 496 1 0
518 497 1 0
518 498 0.9975 0.0025
518 499 1 0
518 500 1 0
518 501 1 0
518 502 1 0
518 503 1 0
518 504 1 0
518 505 1 0
518 506 1 0
518 507 1 0
518 508 1 0
518 509 1 0
518 510 1 0
519 491 1 0
519 492 1 0
519 493 1 0
519 494 0.8725 0.1275
519 495 0.8725 0.1275
519 496 1 0
519 497 1 0
519 498 1 0
519 499 1 0
519 500 1 0
519 501 1 0
519 502 1 0
519 503 1 0
519 504 1 0
519 505 1 0
519 506 1 0
519 507 1 0
519 508 1 0
519 509 1 0
519 510 1 0
520 491 1 0
520 492 1 0
520 493 1 0
520 494 1 0
520 495 0.96125 0.03875
520 496 1 0
520 497 1 0
520 498 1 0
520 499 1 0
520 500 1 0
520 501 1 0
520 502 1 0
520 503 1 0
520 504 1 0
520 505 1 0
520 506 1 0
520 507 1 0
520 508 1 0
520 509 1 0
520 510 1 0
521 491 0 1
521 492 0 1
521 493 1 0
521 494 1 0
521 495 1 0
521 496 1 0
521 497 1 0
521 498 1 0
521 499 1 0
521 500 1 0
521 501 1 0
521 502 1 0
521 503 1 0
521 504 1 0
521 505 1 0
521 506 1 0
521 507 0 1
521 508 0 1
521 509 0.89125 0.10875
521 510 1 0
522 491 0 1
522 492 0 1
522 493 1 0
522 494 1 0
522 495 1 0
522 496 1 0
522 497 1 0
522 498 1 0
522 499 1 0
522 500 1 0
522 501 1 0
522 502 1 0
522 503 1 0
522 504 1 0
522 505 1 0
522 506 1 0
522 507 0.99875 0.00125
522 508 1 0
522 509 1 0
522 510 1 0
523 491 0 1
523 492 0.48375 0.51625
523 493 1 0
523 494 1 0
523 495 1 0
523 496 1 0
523 497 1 0
523 498 1 0
523 499 1 0
523 500 1 0
523 501 1 0
523 502 1 0
523 503 1 0
523 504 1 0
523 505 1 0
523 506 1 0
523 507 1 0
523 508 1 0
523 509 1 0
523 510 1 0
524 491 1 0
524 492 1 0
524 493 1 0
524 494 1 0
524 495 1 0
524 496 1 0
524 497 1 0
524 498 1 0
524 499 1 0
524 500 1 0
524 501 1 0
524 502 1 0
524 503 1 0
524 504 1 0
524 505 1 0
524 506 1 0
524 507 1 0
524 508 1 0
524 509 0.785 0.215
524 510 1 0
525 491 1 0
525 492 1 0
525 493 1 0
525 494 1 0
525 495 1 0
525 496 1 0
525 497 1 0
525 498 1 0
525 499 1 0
525 500 1 0
525 501 1 0
525 502 1 0
525 503 1 0
525 504 1 0
525 505 1 0
525 506 1 0
525 507 1 0
525 508 1 0
525 509 1 0
525 510 1 0
