0.539844361986257 0.637856596424783
0.40483718545611 0.321923028998391
0.0553184525576278 0.0402203745768367
0.451707111132313 0.259954412361196
0.477004232260374 0.693202881189954
0.0712886566073029 0.0468427064488519
0.677286846811336 0.683814176711124
0.289295751480949 0.282043706400429
0.0334174017077193 0.034142116888443
0.540167046907031 0.338955793124348
0.430711410005306 0.651558868688013
0.0291215430876468 0.0094853381876419
0.521076347367398 0.341879822062909
0.46099220131803 0.620712558177118
0.0179314513145794 0.0374076197599598
0.33124183793575 0.332463258195789
0.637714168279561 0.627125599871022
0.0310439937846792 0.0404111419331806
0.613487564104548 0.584966305712445
0.37071510597844 0.403546632928737
0.0157973299170115 0.0114870613588092
0.432759912856702 0.419526599191312
0.563478657874665 0.520861944313883
0.00376142926863391 0.0596114564947994
0.723776350665348 0.748483705804792
0.262638268998708 0.237017671768482
0.0135853803359414 0.0144986224267393
0.714776734085717 0.714388529345039
0.280004459036917 0.275309933160593
0.00521880687736822 0.0103015374943809
0.397912510326307 0.419000148917539
0.566729979472936 0.573450063268053
0.035357510200761 0.00754978781441527
0.435688011605465 0.455852479613379
0.546699270398847 0.517490596395476
0.01761271799568 0.0266569239911515
0.593803955515924 0.511045632379918
0.404614503779839 0.466646714243534
0.00158154070422825 0.0223076533765582
0.6630215483699 0.562615192156999
0.324638286146011 0.417291449854362
0.0123401654840863 0.0200933579886406
0.530523624785188 0.441665950386343
0.461583651431681 0.551297361712513
0.00789272378313771 0.00703668790113363
0.605579921239496 0.58143662379041
0.355045247982389 0.396668844787861
0.0393748307781144 0.021894531421731
0.4422425017666 0.43421889373529
0.551298177795385 0.557680036563012
0.00645932043802112 0.00810106970169122
0.473929684987084 0.311033228988607
0.52577266043437 0.678990349048025
0.000297654578546379 0.00997642196337161
0.459873571369977 0.45346878552715
0.4889604143425 0.539191870510821
0.051166014287532 0.00733934396202424
0.673232056441062 0.598457796552976
0.322207323744207 0.391212087458161
0.0045606198147433 0.0103301159888531
0.326589506945824 0.331253519029758
0.632328398031402 0.641518097345354
0.0410820950227793 0.0272283836248768
0.396620220268443 0.586903357869505
0.567590452556829 0.384731709200419
0.0357893271747258 0.028364932930085
0.627369591386642 0.554341194980979
0.362932284702703 0.441217729394128
0.00969812391065278 0.00444107562488262
0.296424313266079 0.478608744696757
0.694784501404001 0.519820971392974
0.00879118532991827 0.00157028391026752
0.442165398708767 0.577781994072783
0.532260713138556 0.411294143564248
0.025573888152671 0.0109238623629605
0.44581916722156 0.335282584366238
0.535777708302004 0.619836004971276
0.0184031244764408 0.0448814106624798
0.607259359104091 0.538708176324817
0.388626172321773 0.460376303575572
0.00411446857414579 0.000915520099604042
0.444083975400665 0.482482156404046
0.506053880960866 0.470648766523611
0.0498621436384539 0.0468690770723418
0.507458351631311 0.582321511995129
0.481315526918748 0.403696084117694
0.011226121449953 0.0139824038871867
0.503713216363057 0.458383006708464
0.492234188537811 0.498524285426715
0.00405259509912167 0.0430927078648013
0.363317863605061 0.324563193280029
0.595512088324756 0.64000130586027
0.0411700480701898 0.0354355008596884
0.531933738228629 0.291206870298987
0.466416999724871 0.671849147791423
0.00164926204650413 0.0369439819095942
0.558239631841559 0.600502768896876
0.411717024489405 0.373142773188027
0.0300433436690352 0.026354457915101
0.588826981517214 0.510022385964459
0.408191523717142 0.441217611591072
0.00298149476565941 0.0487600024444745
0.341265576575809 0.372659341736475
0.582120658475147 0.624857708975423
0.0766137649490534 0.00248294928809513
0.595474350930769 0.594733208741271
0.365483664602772 0.402352152591938
0.0390419844664686 0.00291463866680224
0.673860382107013 0.849998111481682
0.29862958799361 0.128295716908805
0.0275100298993856 0.0217061716095137
0.455048699987339 0.504748158410436
0.539725460220548 0.452790933959305
0.00522583979212983 0.042460907630269
0.30296680322681 0.498000584447255
0.688673211507989 0.474872371354134
0.00835998526520232 0.0271270441986134
0.389899470335427 0.508161434413179
0.603430895275441 0.491241266611491
0.00666963438912129 0.000597298975344926
0.604510907663894 0.590631322437718
0.385935261455704 0.359035189401506
0.00955383088039685 0.0503334881607815
0.600761808249671 0.632286027939742
0.38932402876045 0.344888580478845
0.00991416298988117 0.0228253915814278
0.485769058990685 0.460504259656721
0.512472182457844 0.505795208891873
0.00175875855146238 0.033700531451392
0.367119772038582 0.547477518591209
0.620392990557616 0.445610815080086
0.0124872374038 0.00691166632871097
0.515925453006887 0.646096592610647
0.444918928114285 0.333702665779354
0.0391556188788378 0.0202007416100151
0.534325089310174 0.569237937598927
0.412570230166584 0.381737178024077
0.0531046805232408 0.0490248843770025
0.579231801092991 0.55851231523974
0.403791092113733 0.43114973621353
0.0169771067932701 0.0103379485467254
0.372486154506652 0.453497248089268
0.614420178333674 0.516687093664148
0.0130936671596562 0.0298156582465691
0.481188381880674 0.253762397674828
0.517089293914068 0.736300971636564
0.00172232420525866 0.00993663068860485
0.458720824210901 0.536142294256759
0.521319674877418 0.453298792629482
0.0199595009116789 0.0105589131137662
0.400380896357586 0.31681143694928
0.541830470879103 0.640864439985368
0.0577886327633194 0.0423241230653411
0.446463981021737 0.509786774713902
0.521717450663118 0.486424704278188
0.0318185683151409 0.00378852100792373
0.532625893467542 0.400634423668425
0.434849559483459 0.572756136952717
0.0325245470489861 0.0266094393788545
0.3413254661836 0.43966509698739
0.655590203814211 0.511164168113624
0.00308433000218263 0.049170734898977
0.657847465324326 0.649487698735254
0.33576055551358 0.340989491007142
0.00639197916209405 0.00952281025760015
0.508398400866038 0.61903302067725
0.452999473609902 0.366288405987841
0.0386021255240756 0.0146785733349043
0.433741111866331 0.336590502329531
0.548391779572667 0.61608929110378
0.017867108561004 0.047320206566677
0.697613513564306 0.670516616856887
0.300870082104687 0.325851436265821
0.00151640433101304 0.00363194687729915
0.615538463297708 0.757964903521042
0.342122539964628 0.155100981313254
0.0423389967376621 0.0869341151657056
0.504337661962207 0.4827003588303
0.461265251027028 0.48289918001971
0.034397087010773 0.0344004611499997
0.586627735442846 0.524901869948237
0.395522932536625 0.468180493445232
0.0178493320205319 0.00691763660652501
0.464043855036546 0.553659834063186
0.532320139619331 0.405127961944396
0.0036360053441317 0.04121220399242
0.63274594009545 0.799539657900132
0.338066121535777 0.197003776289193
0.0291879383687632 0.00345656581068843
0.347373808178924 0.419748837418756
0.652021238505596 0.57440528108212
0.000604953315484154 0.00584588149913214
0.365403978387784 0.521508678928696
0.608027296012508 0.433741596720645
0.0265687255996964 0.0447497243506596
0.467357708952251 0.408629509540333
0.499817052818911 0.546041329556614
0.0328252382288381 0.0453291609030452
0.36816988077707 0.399462738155233
0.625677916189988 0.594755172932151
0.00615220303294767 0.00578208891260603
0.414156981800096 0.516619272805159
0.572321866613618 0.467441455386468
0.0135211515862732 0.0159392718083643
0.537492259896496 0.51943085134458
0.450475620568568 0.434481929949093
0.0120321195349416 0.0460872187063188
0.634139561264763 0.724345269356935
0.345048582418314 0.275174459731375
0.020811856316918 0.000480270911698217
0.395819350008047 0.303865449560902
0.5931545002843 0.693536257311102
0.0110261497076519 0.00259829312799932
0.530025913644071 0.563515287381623
0.419585398578136 0.39467167659933
0.0503886877777825 0.0418130360190386
0.513000651030141 0.675436487784279
0.486939655636946 0.3160725968647
5.96933329114111e-05 0.00849091535102645
0.381877249611345 0.282905874618586
0.61083579233751 0.710667459589851
0.00728695805115926 0.00642666579156143
0.504094232310976 0.594664958762836
0.494131854204607 0.39144922540684
0.00177391348442938 0.0138858158303326
0.512798349726111 0.806090114280212
0.465844165539654 0.175682778438092
0.0213574847342278 0.0182271072816871
0.63003355640524 0.521771891142918
0.323863666127528 0.454231782050366
0.0461027774672252 0.0239963268067256
0.367327168446759 0.506176226792719
0.572983180802169 0.48399167581827
0.0596896507510731 0.00983209738901248
0.495874728992987 0.451006341905084
0.503797834092207 0.495052381425637
0.000327436914816626 0.0539412766692772
0.443137647824509 0.630050031996757
0.548208084791328 0.35793818902602
0.00865426738416192 0.012011778977211
0.429005011214543 0.33931441952163
0.546807563118652 0.652241254913932
0.0241874256667958 0.00844432556443017
0.507127700274182 0.461496019489009
0.42641546655426 0.517003864176614
0.0664568331715593 0.0215001163343726
0.784719541519699 0.890464562507653
0.206696287606747 0.10803558353164
0.00858417087354838 0.00149985396070176
0.352472867349371 0.540320883726181
0.607963034740634 0.455054384918583
0.0395640979100059 0.00462473135522815
0.471503626462057 0.659201024685854
0.460260636792442 0.330364902755636
0.0682357367454871 0.0104340725585015
0.461678695190188 0.55131351816202
0.525858911977139 0.44046617184335
0.0124623928326705 0.00822030999463941
0.644176902807996 0.565966898378393
0.329242995877883 0.368485360518491
0.0265801013141243 0.0655477411031237
0.576999120435813 0.56855400573353
0.341240949307158 0.42182537720659
0.081759930257015 0.0096206170598709
0.583989406041443 0.595278779693331
0.401180295364616 0.38575474072661
0.0148302985939246 0.0189664795800617
0.440648502235397 0.392498333056552
0.522047957161018 0.584971179741058
0.0373035406035838 0.022530487202378
0.371161492233908 0.503323774982452
0.61520545639172 0.486132628870905
0.0136330513743827 0.0105435961466337
0.447203788689246 0.383898737237682
0.524674762193726 0.608417247645252
0.0281214491170407 0.00768401511707205
0.480952924245514 0.471811975291022
0.505330034514767 0.45714326673918
0.0137170412397261 0.0710447579697946
0.543160926786799 0.614736156342473
0.454357347236798 0.350280737255539
0.00248172597640138 0.0349831064019881
0.544927071263714 0.694454503425844
0.4342373605383 0.230563865603877
0.0208355681979899 0.0749816309702799
0.6048968940013 0.726846647268192
0.333592493640992 0.232547398708393
0.0615106123577006 0.0406059540234011
0.482921453825502 0.578849300423311
0.512795226118839 0.414661755553954
0.00428332005565754 0.00648894402274271
0.589646133804296 0.752130396417063
0.373860536593406 0.244170969934345
0.0364933296023045 0.00369863364858927
0.448904446168511 0.618567602705597
0.541003453012519 0.379242002839651
0.0100921008189827 0.00219039445473723
0.550767957640533 0.615552839036283
0.405700301962275 0.325075055253876
0.0435317403971709 0.0593721057098483
0.508978079795966 0.470041410677421
0.484505423687082 0.504385877984816
0.0065164965169486 0.0255727113377695
0.597227088827184 0.63645756717688
0.374721834189677 0.330697318531809
0.0280510769831465 0.0328451142913007
0.453240470798106 0.317566515954297
0.507147241151638 0.603394154422461
0.039612288050268 0.0790393296232366
0.448558933127908 0.353779673174363
0.533461553052125 0.625921962547918
0.0179795138199665 0.0202983642777191
0.623764146218079 0.619154506146004
0.328169405274991 0.361724673448667
0.0480664485069417 0.0191208204053255
0.439710897908847 0.653971191266306
0.550858330039846 0.305177166820521
0.00943077205130406 0.0408516419131716
0.354457164434962 0.438416069518212
0.587666912072333 0.505511448284548
0.0578759234927096 0.0560724821972462
0.384346755158104 0.47100786840811
0.596361662807896 0.50727228243737
0.0192915820340125 0.0217198491545187
0.489554361963314 0.582107447638933
0.493629859813324 0.373048090857448
0.0168157782233661 0.0448444615036089
0.410182213543015 0.410485166316375
0.58088753493934 0.580652469453002
0.00893025151763219 0.00886236423062409
0.460557757043527 0.346725930348441
0.501652344590827 0.60598333393392
0.0377898983656416 0.0472907357176446
0.456081971338351 0.514365926452925
0.505267216716632 0.449255445689061
0.0386508119450115 0.03637862785801
0.48962970352773 0.297093102649789
0.479726619160359 0.674910408092213
0.0306436773119074 0.0279964892580037
0.425310386448509 0.36143894389914
0.517656161024984 0.627829037372411
0.0570334525265205 0.0107320187284443
0.624743643389479 0.685294209051729
0.310972104596296 0.233318061462027
0.0642842520142203 0.0813877294862465
0.617256718895135 0.698731492492317
0.35305013561285 0.274850215723356
0.0296931454920149 0.0264182917843159
0.516251853661473 0.567538956758613
0.459067688608213 0.40508336245707
0.0246804577303109 0.0273776807843039
0.594174035447781 0.700675007625062
0.374156208256731 0.276553959195645
0.031669756295492 0.0227710331792978
0.450727864978201 0.229866536273259
0.541900022563881 0.756170717383383
0.00737211245791982 0.0139627463433585
0.495991927492635 0.414676417318054
0.48968695274887 0.546999477976429
0.0143211197584965 0.0383241047055158
0.532231331382828 0.680348937646997
0.462282872916206 0.275744182293713
0.00548579570097156 0.0439068800592995
0.335224319896893 0.324244600310413
0.630267171404113 0.668103679317441
0.0345085086990026 0.00765172037213562
0.47539893485977 0.482589793250025
0.459850763800773 0.494522641081345
0.0647503013394563 0.0228875656686374
0.428283845268973 0.24134312200902
0.541279431763088 0.751676681799304
0.0304367229679376 0.0069801961916858
0.351120297505643 0.278350100212513
0.642852274928501 0.694293263213692
0.0060274275658454 0.0273566365738064
0.427972620316251 0.719254187141938
0.534517263614195 0.279458307964658
0.037510116069547 0.00128750489339625
0.440701662407377 0.405630724169406
0.551580801123334 0.589150609798267
0.00771753646930311 0.00521866603231491
0.500145874594025 0.490202710526431
0.455909536541238 0.487638219770133
0.0439445888647398 0.0221590697034396
0.458391129421046 0.471301078541562
0.525988076827178 0.523335797177407
0.0156207937517614 0.005363124281037
0.33343472538431 0.478404573759637
0.645891065181161 0.494501962286275
0.0206742094345261 0.0270934639540871
0.473940898507578 0.426715017568426
0.511444347327309 0.560784228985257
0.0146147541651162 0.0125007534463144
0.480925925889792 0.526029045964225
0.483416207749202 0.432077639875045
0.0356578663609996 0.0418933141607241
0.46833838898103 0.290516576619466
0.486081277861061 0.708356082091582
0.0455803331579006 0.00112734128895775
0.265457909212671 0.378915164049539
0.69218064063408 0.613494857420719
0.0423614501532609 0.00758997852975879
0.268170237370021 0.371789368252399
0.716980732668276 0.591175251904746
0.014849029961697 0.0370353798428551
0.473083949862413 0.51399102199099
0.500918686387816 0.453834090788807
0.0259973637497772 0.0321748872201937
0.378305557746012 0.188757006583716
0.597938888675473 0.763734471755823
0.0237555535785035 0.0475085216604475
0.515308819740024 0.660181536607524
0.458290761746928 0.325053572443801
0.0264004185130442 0.0147648909486815
0.303137128445911 0.310071493663288
0.640051100820937 0.681435889472368
0.0568117707331528 0.00849261686434131
0.476173367293896 0.426933138867293
0.499054700155857 0.547021202238681
0.0247719325502395 0.0260456588940341
0.45134191952324 0.381832305484522
0.537355447491945 0.6147091284077
0.0113026329848296 0.0034585661077684
0.421245929422144 0.352052519983085
0.552363800366111 0.641476348979094
0.0263902702117384 0.00647113103783432
0.588020197538625 0.534577783603997
0.396257265251501 0.437810411928597
0.015722537209888 0.0276118044673955
0.575451504459962 0.534162738728228
0.401402547894783 0.451139218930775
0.023145947645267 0.0146980423410058
0.538001695760656 0.379150700569558
0.448735513969227 0.578954340644486
0.0132627902701207 0.0418949587859557
0.462146803514481 0.386640700095318
0.515167150626365 0.589385094219441
0.0226860458591674 0.0239742056852291
0.477199408446363 0.319043358163386
0.520945286126636 0.662726840478502
0.00185530542699436 0.0182298013581157
0.592845962243875 0.577700835779862
0.377379388853077 0.406100134500702
0.0297746489030384 0.0161990297194401
0.330970059094708 0.413570886078844
0.585138777453649 0.576917764880701
0.0838911634516586 0.00951134904046036
0.431558747465334 0.720408284680123
0.54367411912297 0.239698615402204
0.0247671334116873 0.0398930999176734
0.465846877947687 0.385028123042678
0.516798836182371 0.599077688848695
0.0173542858699403 0.0158941881086196
0.692314228649633 0.482471578282231
0.301407363882682 0.504405520173524
0.00627840746768509 0.0131229015442341
0.412500942664679 0.149020804105387
0.576260279144269 0.821403218164048
0.0112387781910399 0.0295759777305769
0.622646323703009 0.54737284837967
0.375140924941851 0.394702331300759
0.00221275135514243 0.0579248203195637
0.566449976510171 0.671130801901042
0.390389091033888 0.316835787298828
0.0431609324559405 0.0120334108001263
0.380481529957593 0.571327424546085
0.573526621617986 0.376724403209242
0.0459918484244206 0.0519481722446805
0.494235222365375 0.451318985641085
0.452608109188304 0.476751634783564
0.0531566684463265 0.07192937957535
0.553605824005672 0.482203137410973
0.444875870414767 0.510695048068485
0.00151830557955069 0.00710181452054779
0.423451172915597 0.361191913057862
0.575524935490692 0.596919697615465
0.0010238915937164 0.0418883893266761
0.616831649105208 0.488971935559864
0.351054322180029 0.509859374401729
0.032114028714776 0.00116869003840003
0.573694857544512 0.604942650571262
0.384267335726463 0.371091068474263
0.0420378067290279 0.0239662809544824
0.636348347355124 0.739064863967665
0.343157241595153 0.247782928343101
0.0204944110497252 0.013152207689225
0.595696073737205 0.484589153808297
0.370878031625807 0.489192986981554
0.0334258946369834 0.0262178592101467
0.645727549434173 0.486355174092349
0.348142793486344 0.504345706000649
0.00612965707948636 0.009299119907012
0.556252995381059 0.661619778821259
0.423722749621111 0.327529900201112
0.0200242549978179 0.0108503209776379
0.615715128827177 0.601994971041677
0.384128195644299 0.387907918828186
0.000156675528515077 0.010097110130137
0.368451803958686 0.517566221423239
0.537046490132412 0.458483800650432
0.0945017059089062 0.0239499779263201
0.501142920832365 0.413754625571961
0.438280023463221 0.582534746651235
0.0605770557044162 0.00371062777679943
0.689005711662781 0.843942370643425
0.309171848597352 0.154247279950486
0.00182243973986244 0.00181034940608081
0.544579220250154 0.608887743679019
0.441309265771379 0.324650504985383
0.0141115139784761 0.0664617513356037
0.605464714496762 0.420160745779412
0.389125358433034 0.557570141265331
0.00540992707019593 0.0222691129552533
0.573139748584523 0.390938004272589
0.426463867025006 0.587433340017299
0.000396384390482712 0.0216286557101101
0.382289713438831 0.254772258639834
0.604942623022339 0.743785108533576
0.0127676635388323 0.00144263282658664
0.464441270845043 0.544396432941316
0.484731578641348 0.412188634794181
0.0508271505136058 0.0434149322644899
0.313330090809559 0.405068787045825
0.685832798049506 0.563068860026577
0.000837111140921742 0.0318623529276028
0.574599701477452 0.735789060907678
0.387579185479144 0.236733898600532
0.0378211130433994 0.0274770404917885
0.644983949572818 0.606777824112388
0.324836848094437 0.379414167442234
0.0301792023327321 0.0138080084453767
0.386985469969829 0.480497811261333
0.559196566897641 0.501901476823701
0.0538179631325256 0.0176007119149691
0.467054108500633 0.317797926098223
0.532075546095183 0.653216793662974
0.000870345404196273 0.0289852802388137
0.403858099388343 0.311277747726031
0.577206770279642 0.669542999142209
0.0189351303320232 0.0191792531317532
0.403484230258169 0.20156255726074
0.554354404697737 0.751881570069587
0.0421613650440837 0.0465558726696854
0.57065052918263 0.674774445569413
0.403691189163358 0.296796598439266
0.0256582816539993 0.0284289559913259
0.637956212508857 0.820587899767886
0.30699590866044 0.111267625072107
0.0550478788307106 0.0681444751600127
0.554278477844437 0.506904638348828
0.40607774869369 0.465534913664551
0.0396437734618687 0.0275604479866293
0.535696864480498 0.637061842888854
0.461592091287896 0.360447715181924
0.00271104423160563 0.00249044192920956
0.488591518440955 0.741614612731145
0.507211395661201 0.18674008085523
0.00419708589785064 0.0716453064136364
0.385323140494103 0.558897039548542
0.57273194474271 0.441007342519718
0.0419449147632021 9.56179317241349e-05
0.567818163050405 0.580821262264192
0.416748608158121 0.416668283062882
0.0154332287914586 0.0025104546729291
0.309357158666365 0.413131754449007
0.660264955025468 0.579827146541005
0.0303778863081628 0.00704109900998792
0.587688360404344 0.725594381327707
0.39137785928063 0.215594835813781
0.0209337803150139 0.0588107828585203
0.547650816690752 0.556148159690736
0.417560320906038 0.420918834672193
0.0347888624031964 0.0229330056370701
0.659416946302643 0.604096452085813
0.312304130782074 0.389682606955598
0.028278922915295 0.00622094095858204
0.490316541615524 0.384439524620803
0.507833968243911 0.555488458781086
0.00184949014058032 0.0600720165981135
0.469870073681137 0.23503585615492
0.517476956434507 0.722173659426126
0.0126529698843493 0.0427904844189586
0.528455401022187 0.557199949156695
0.457119125178622 0.437812114795726
0.0144254737991934 0.00498793604759448
0.595740158004617 0.441060122950076
0.400929026531458 0.542132206182159
0.00333081546392536 0.0168076708677597
0.488244275559221 0.446926519760572
0.503934813576677 0.545587754300654
0.00782091086410713 0.00748572593876233
0.424275818645522 0.552805138728429
0.557321604936009 0.433340473127549
0.0184025764184791 0.0138543881440209
0.451283682530117 0.549561306909258
0.526548312705516 0.437826200633703
0.0221680047643744 0.0126124924570388
0.55169409105287 0.496017834888055
0.421894107043276 0.486908304559808
0.0264118019038381 0.0170738605521236
-999 -999
-999 -999
-999 -999
-999 -999
-999 -999
-999 -999
