0.370968430354171 0.35965521429976
0.521226094908894 0.627196442284157
0.107805474736934 0.0131483434160823
0.555820755595367 0.576665336625411
0.365939512881811 0.415971094740534
0.0782397315228226 0.0073635686340544
0.267578010259653 0.296690151705339
0.62515944296441 0.696481731957963
0.107262546775936 0.00682811633669918
0.535661271250676 0.425465458877023
0.402773725181542 0.564893972187506
0.0615650035677816 0.00964056893547037
0.590899206221128 0.501434807735265
0.360219006734353 0.489568042803816
0.048881787044518 0.00899714946091856
0.480748935795317 0.455054078143139
0.431692323886528 0.538499575885466
0.0875587403181552 0.00644634597139533
0.59889971931297 0.627870497628735
0.319781879095611 0.366060352643721
0.0813184015914194 0.00606914972754377
0.589097417093248 0.601594112480774
0.344891553533568 0.393208937216565
0.0660110293731846 0.0051969503026621
0.386090083894183 0.5869092604611
0.548190127490058 0.405182162033357
0.0657197886157578 0.0079085775055442
0.534429510832502 0.570732071644012
0.398170516944324 0.41512880627866
0.0673999722231721 0.014139122077331
0.351168802253247 0.326291224689981
0.58032307332396 0.648845160276731
0.0685081244227927 0.0248636150332878
0.299896805203957 0.335711829892088
0.640936660312119 0.657479096485668
0.0591665344839234 0.0068090736222441
0.496383971096792 0.656800261199921
0.39596410388586 0.33664453030414
0.107651925017348 0.0065552084959388
0.492294665846375 0.439530869003507
0.468308547097823 0.554943699975127
0.0393967870558001 0.00552543102136599
0.325382204253502 0.400729900683546
0.516462102835294 0.583937573885551
0.158155692911204 0.0153325254309035
0.456407238558661 0.491053579067711
0.482701314209467 0.490888132800814
0.0608914472318737 0.0180582881314774
0.535358422706543 0.566783882639497
0.405639707694588 0.427172793712552
0.059001869598869 0.0060433236479495
0.534758131539852 0.634376291040993
0.341620963232042 0.359354131839593
0.123620905228108 0.00626957711941583
0.358495519854245 0.446078858295478
0.585450860790569 0.540515957069526
0.0560536193551864 0.0134051846349951
0.421271382290715 0.621696845122005
0.445378918329209 0.372429030106231
0.133349699380077 0.00587412477176404
0.538451075128151 0.54766402313736
0.394050046127976 0.442034387177418
0.0674988787438749 0.010301589685222
0.341176066064829 0.465574608308742
0.59824652204611 0.523448173096618
0.0605774118890618 0.0109772185946389
0.608177645209928 0.628293605188194
0.322064446357231 0.355943286026715
0.06975790843284 0.015763108785093
0.52651890337562 0.446694545543988
0.40511091668894 0.545388584662272
0.0683701799354394 0.00791686979373958
0.422429299206372 0.300961458850497
0.529805134266756 0.685982905776877
0.0477655665268726 0.0130556353726252
0.277249702876552 0.46057271596829
0.634051571413852 0.52261301197493
0.0886987257095956 0.0168142720567818
0.347464174844524 0.43722508821405
0.582824119233171 0.554045486704784
0.0697117059223044 0.00872942508116753
0.353825675307512 0.408485508924234
0.591769237883198 0.581546882654618
0.0544050868092898 0.00996760842114667
0.424780525414983 0.486525635404013
0.468072057205721 0.503374293770132
0.107147417379294 0.0101000708258566
0.324432299176935 0.33573005128108
0.62161136242405 0.644570078982779
0.0539563383990145 0.0196998697361416
0.314348940599949 0.381134362887992
0.560884775230533 0.593770722753164
0.124766284169519 0.0250949143588461
0.578125121444499 0.559658150475023
0.320695155274779 0.432825733384482
0.101179723280722 0.00751611614049515
0.358153410547861 0.359742375869175
0.578677781446763 0.620370589842361
0.0631688080053755 0.0198870342884639
0.521692291972893 0.493423969479296
0.405888339576287 0.491035482687438
0.0724193684508201 0.0155405478332631
0.485175381238108 0.548497884109394
0.45608673309829 0.434372757380738
0.0587378856636024 0.0171293585098674
0.49900277635132 0.444384498998018
0.445347772972324 0.542168666700966
0.0556494506763548 0.013446834301016
0.394023899422167 0.472512406026948
0.513186767222551 0.513442045865906
0.0927893333552806 0.0140455481071428
0.537278643605975 0.569246546938544
0.412248719715372 0.421103397614471
0.0504726366786544 0.00965005544698619
0.524325587379694 0.445837357326469
0.43705991298213 0.545874284869003
0.0386144996381748 0.00828835780452822
0.420143407521752 0.446734373975768
0.520966135506603 0.545295377901582
0.0588904569716469 0.007970248122651
0.37276934124814 0.45353271468648
0.589124202438059 0.539768724720512
0.0381064563138011 0.00669856059300865
0.355724829584583 0.369852385407879
0.586633936524703 0.61338812034848
0.0576412338907137 0.0167594942436403
0.633747822520615 0.684595622859725
0.274434058504521 0.29852050583905
0.0918181189748609 0.0168838713012249
0.177388094233164 0.413611365083769
0.755693049324029 0.580460313139562
0.0669188564428064 0.00592832177666769
0.414053554363884 0.506484343884156
0.464626168322694 0.48614814990387
0.121320277313422 0.00736750621197579
0.568592572392205 0.517390734829919
0.377153089972941 0.476895631271234
0.0542543376348539 0.00571363389884704
0.617213778205381 0.592713455572639
0.274812949073195 0.395630239564761
0.107973272721423 0.0116563048625995
0.587485905056362 0.608523446914695
0.353462385304686 0.380883287099193
0.0590517096389541 0.0105932659861131
0.369882806754757 0.574843092771312
0.546578006463926 0.409503477549269
0.0835391867813179 0.0156534296794218
0.260986789373009 0.417667852192128
0.671069385762606 0.574847182815331
0.067943824864386 0.0074849649925389
0.659611665369254 0.48541265371628
0.303462025165433 0.506175103818631
0.0369263094653145 0.00841224246508927
0.428116702167379 0.524759062200778
0.480958491015748 0.464239336381887
0.0909248068168716 0.0110016014173355
0.653305017307389 0.588063545939794
0.233736313542931 0.399342164755536
0.112958669149681 0.0125942893046699
0.596378616566068 0.610028466797901
0.340591818198043 0.377568102506083
0.0630295652358902 0.0124034306960169
0.45133156439378 0.508804101191475
0.505994194408498 0.480936417013123
0.0426742411977212 0.0102594817954035
0.591024408868572 0.631815460496076
0.361088608857063 0.354464870893513
0.0478869822743647 0.0137196686104094
0.326293768677095 0.447083391033434
0.5941336291296 0.538562704158396
0.0795726021933061 0.0143539048081722
0.387235375803449 0.390946410817019
0.518974630580728 0.602324679158503
0.0937899936158216 0.00672891002447808
0.340352263740568 0.367519089891018
0.607538089733756 0.621840584232883
0.0521096465256754 0.0106403258760992
0.493302676941518 0.527004808257249
0.466225988160908 0.456774008254527
0.0404713348975756 0.0162211834882223
0.323032179638102 0.376484810382438
0.612282108874551 0.617827951441653
0.064685711487347 0.00568723817590782
0.622244154268179 0.463653263688804
0.330119793762336 0.525808916616968
0.0476360519694837 0.0105378196942282
0.225862002029041 0.402327357713683
0.703348499946262 0.574652257617797
0.0707894980246965 0.0230203846685189
0.349846926500375 0.345936973023942
0.547190537302292 0.642720449330494
0.102962536197331 0.0113425776455642
0.493682117934971 0.573204371479381
0.422126058449113 0.414860116936086
0.084191823615915 0.0119355115845349
0.396929714643286 0.55180275486379
0.557291281744561 0.443405687727175
0.0457790036121537 0.00479155740903614
0.57213874324951 0.573439776200639
0.355084624248115 0.417953614149405
0.0727766325023732 0.00860660964995645
0.621514908267211 0.560904789802497
0.257267224088912 0.429575132329381
0.121217867643878 0.00952007786812361
0.323948746810986 0.34747546627348
0.567649760345861 0.640717320877344
0.108401492843153 0.0118072128491774
0.534492661324707 0.525593909224694
0.366080662235662 0.461778388558929
0.0994266764396321 0.0126277022163756
0.616660194624835 0.43313144841436
0.341126391926305 0.560554725814355
0.04221341344886 0.00631382577128542
0.437610729759159 0.493644572900912
0.466907927715515 0.500472638925781
0.0954813425253235 0.00588278817330903
0.467539449115025 0.461787701493384
0.426777309699586 0.525813643457779
0.105683241185389 0.0123986550488363
0.525981821684919 0.560951140962043
0.430345070247999 0.428501498605951
0.0436731080670806 0.010547360432004
0.174109453330952 0.287849204328372
0.736576022614373 0.701199429802379
0.0893145240546749 0.0109513658692497
0.471910419341239 0.480884242964068
0.477360365198418 0.501567453356417
0.0507292154603423 0.0175483036795165
0.450455229563127 0.353771801679678
0.490876328037554 0.632360360433245
0.0586684423993194 0.0138678378870775
0.499472757743695 0.521130347364803
0.411945221397155 0.458033107345763
0.0885820208591511 0.0208365452894334
0.491996810782885 0.443307638999411
0.421655899948483 0.537731201407529
0.0863472892686339 0.0189611595930593
0.770880442359669 0.722188553301057
0.145616887415659 0.26564460096901
0.0835026702246719 0.0121668457299325
0.506633244155207 0.467824511230454
0.433118481653282 0.524314463486682
0.0602482741915098 0.00786102528286313
0.523795407512221 0.593404246756181
0.425240741240044 0.397278569824419
0.0509638512477344 0.00931718341940012
0.511654931193078 0.507130995532883
0.443241281743056 0.483982233756005
0.0451037870638671 0.00888677071111139
0.336586998894605 0.356993805410982
0.567846955017355 0.631768930143565
0.0955660460880409 0.0112372644454524
0.354092807569616 0.346418468425067
0.573195925628158 0.640795041444816
0.0727112668022259 0.0127864901301178
0.416307646502259 0.487898681675875
0.495562068583902 0.504477828885676
0.0881302849138363 0.0076234894384489
0.567667972595799 0.416050802482758
0.372362284345318 0.558817045662924
0.0599697430588843 0.0251321518543178
0.585146396684121 0.496164875687046
0.374654809618313 0.494455807267539
0.0401987936975658 0.0093793170454147
0.57455067539148 0.688802281708117
0.332224816970154 0.302143695377653
0.0932245076383643 0.00905402291422948
0.557857609877296 0.537251446183962
0.361103101166619 0.451269254458659
0.0810392889560838 0.011479299357379
0.486790808067382 0.422003092403729
0.418315618797956 0.560854279047427
0.0948935731346627 0.0171426285488455
0.367740407473005 0.458034257357639
0.558122694646541 0.529461228661301
0.0741368978804535 0.0125045139810576
0.482339971976341 0.6332296098957
0.457008919563752 0.348178205748872
0.0606511084599086 0.018592184355427
0.43504476282171 0.480594423309316
0.466213165594172 0.509378372435198
0.0987420715841187 0.0100272042554864
0.611224296005227 0.566860427877541
0.326603163436443 0.419304232884282
0.0621725405583289 0.0138353392381774
0.527326439865633 0.525876224605382
0.389875662008095 0.464855157973037
0.0827978981262723 0.00926861742157967
0.587478776668211 0.58573828856923
0.362823126757923 0.4028861944398
0.0496980965738668 0.0113755169909694
0.411019413864041 0.432700350954148
0.520701361513094 0.55877244493334
0.068279224622866 0.00852720411251073
0.556000389046047 0.473503733361283
0.351957929013882 0.509569576890444
0.0920416819400711 0.0169266897482714
0.412948851966187 0.402960133108792
0.525399245482477 0.58598443614004
0.0616519025513346 0.0110554307511692
0.338239983762327 0.297314716010729
0.590493981687625 0.690279743778266
0.0712660345500497 0.0124055402110066
0.425798458887748 0.504995435253265
0.435250385448495 0.482935948781956
0.138951155663755 0.0120686159647798
0.391906271967889 0.521898428503613
0.546922515959117 0.458284234858078
0.0611712120729952 0.0198173366383091
0.424189073807545 0.400070270273872
0.532853048171596 0.589018181573603
0.0429578780208602 0.0109115481525239
0.318557200172459 0.459814058548204
0.551045595292163 0.528616612637515
0.130397204535377 0.0115693288142801
0.412727481100076 0.34489059942525
0.51531542399733 0.638926245413438
0.0719570949025937 0.0161831551613113
0.393575001434554 0.408634654756987
0.486747385369184 0.576738140646918
0.119677613196263 0.0146272045960938
0.495601382846032 0.605803679440488
0.440872435853259 0.386718732493096
0.0635261813007077 0.00747758806641524
0.48607993367653 0.594993428222017
0.473439496918603 0.393743528877355
0.0404805694048652 0.0112630429006275
0.450891707607707 0.43249883025891
0.461647089226998 0.559088706480901
0.0874612031652957 0.00841246326019067
0.514364788912229 0.487290013293605
0.425625384331664 0.5040931494591
0.0600098267561077 0.00861683724729379
0.376962034931946 0.337568668856237
0.566642170201963 0.65000702224253
0.056395794866091 0.0124243089012352
0.276055605879824 0.173821854230479
0.665242115609825 0.819619170109014
0.058702278510352 0.00655897566050855
0.568986646799525 0.657950823579122
0.361464658984161 0.333022354581743
0.0695486942163139 0.00902682183913593
0.386012244346018 0.415699425223766
0.546611995062922 0.573269261780637
0.0673757605910607 0.0110313129955974
0.477281813644544 0.573626604604898
0.412018665967704 0.412664691802289
0.110699520387751 0.013708703592811
0.571714411925878 0.565956369985829
0.363452568681896 0.425223383509993
0.0648330193922255 0.00882024650417781
0.381009213822336 0.462598440698031
0.525111768216171 0.527020765243601
0.093879017961492 0.0103807940583693
0.456185508996629 0.528631668615876
0.476468783699454 0.45661019518154
0.0673457073039175 0.0147581362025835
0.580952722442027 0.626400157963216
0.385823987369836 0.350785961573434
0.0332232901881368 0.0228138804633494
0.251285905214551 0.264261289922263
0.644788608481812 0.72496331015158
0.103925486303637 0.0107753999261576
0.458084855269125 0.451708580486947
0.496015383935608 0.536910864809656
0.045899760795267 0.0113805547033974
0.443634826511846 0.375404370801782
0.479813673146377 0.60520404232826
0.0765515003417756 0.0193915868699576
0.464350973571046 0.675381726555096
0.459214331540271 0.315094714835126
0.0764346948886838 0.00952355860977689
0.677192266382749 0.66959845526778
0.257714753928989 0.321453778531955
0.0650929796882614 0.00894776620026433
0.486871345099607 0.525035755541603
0.444647253037234 0.464696870156233
0.0684814018631615 0.010267374302162
0.368149215970864 0.499837860989769
0.474077331694007 0.495191841588104
0.15777345233513 0.0049702974221262
0.182673203649193 0.334190374040899
0.731067867360776 0.645228883204268
0.0862589289900324 0.0205807427548337
0.575790990221976 0.587141606764671
0.336016073563019 0.4072062583486
0.0881929362150037 0.00565213488672792
0.644120191014693 0.641264857922535
0.28827017434178 0.346727040109722
0.0676096346435274 0.0120081019677439
0.426471175780544 0.471367885941446
0.501528331940413 0.523406775479923
0.0720004922790426 0.00522533857863068
0.548054989116631 0.600956888815522
0.375233979362442 0.37749205621351
0.0767110315209266 0.0215510549709674
0.674130847872501 0.568438561288774
0.197538986471428 0.423744099505804
0.128330165656071 0.00781733920542061
0.327679715975089 0.427240950170325
0.624516440191072 0.561519317251321
0.0478038438338401 0.0112397325783563
0.305616553668657 0.460274516767456
0.609406811874347 0.533425911812584
0.0849766344569969 0.0062995714199608
0.437223256394887 0.484496791879999
0.492004028486404 0.501182979589369
0.0707727151187087 0.0143202285306325
0.592820186997641 0.610180687271252
0.321391965347309 0.382468971112352
0.0857878476550502 0.00735034161639629
0.49633593666908 0.619258154014063
0.422588962464292 0.373581170792844
0.0810751008666293 0.00716067519309475
0.446847504820124 0.325586736115213
0.498086620791203 0.666086405402178
0.0550658743886715 0.00832685848260926
0.348942975274687 0.390757207479656
0.608226628312014 0.595891634180113
0.0428303964132986 0.0133511583402298
0.228604568189673 0.267740418627474
0.697450673350499 0.719997358112969
0.0739447584598287 0.0122622232595599
0.456157077272077 0.481404522988659
0.414204089663103 0.507810154998887
0.129638833064819 0.0107853220124542
0.728509523286936 0.705116676389299
0.190299287645338 0.288042072440995
0.0811911890677258 0.00684125116970516
0.472042201331528 0.432816618930922
0.470198529311213 0.556299537946795
0.0577592693572611 0.010883843122284
0.52250175421567 0.600052836864726
0.432289388446383 0.388463407552406
0.0452088573379482 0.011483755582868
0.503683677315228 0.589782215364053
0.409797970675725 0.392928168504014
0.0865183520090466 0.0172896161319321
0.494944254366956 0.479824923995171
0.427541298464616 0.511320994303805
0.0775144471684287 0.00885408170102624
0.497736680736959 0.538336033460657
0.378330017249022 0.454071247586819
0.12393330201402 0.00759271895252566
0.601835965369662 0.664370324185062
0.356481056657642 0.327891736231206
0.0416829779726959 0.00773793958373008
0.477760202948771 0.509673457651245
0.458422275938524 0.480447930378775
0.0638175211127057 0.00987861196997956
0.481295590897547 0.487991790927934
0.450738292876246 0.50278823958571
0.0679661162262081 0.00921996948635343
0.619643932067725 0.655662852251157
0.224914852046389 0.331638911705689
0.155441215885885 0.0126982360431549
0.470655243682276 0.461417171393178
0.440606818022956 0.528970140430185
0.0887379382947668 0.00961268817663795
0.379421692332738 0.452580467333849
0.498185731540401 0.537383274548862
0.122392576126859 0.0100362581172891
0.408480573614228 0.46768087747173
0.496671591749857 0.521699423871818
0.0948478346359137 0.0106196986564523
0.423734528752144 0.616829470923841
0.519324411761631 0.374952886943211
0.0569410594862272 0.00821764213294774
0.533835467137699 0.572618837921316
0.426804995403779 0.418047713929124
0.0393595374585239 0.00933344814955926
0.504155079376446 0.598961566531758
0.436083774476353 0.392767315654443
0.0597611461472013 0.0082711178137979
0.559742136999226 0.610510439793791
0.362133593076984 0.374665687474737
0.0781242699237876 0.0148238727314728
0.705468225788535 0.635252329504946
0.248121064743675 0.323727364708647
0.0464107094677891 0.0410203057864049
0.428592608597769 0.431733541173994
0.443065311592628 0.556016419689444
0.128342079809604 0.0122500391365631
0.638847291821808 0.602906148370386
0.258066184568552 0.385761149758448
0.103086523609639 0.0113327018711652
0.461898250909744 0.403140604937331
0.467335399125347 0.587363350749419
0.0707663499649095 0.00949604431325096
0.336818408213747 0.420091669285494
0.574353927993918 0.569270203940218
0.0888276637923339 0.0106381267742888
0.703850125205752 0.513615329042501
0.247827458796175 0.48085991073036
0.0483224159980741 0.00552476022713918
0.535538568038739 0.46783850745501
0.378179105020101 0.525523174092719
0.0862823269411599 0.0066383184522695
0.419087184586749 0.433175942745672
0.537992406896161 0.548390192711497
0.042920408517089 0.0184338645428313
0.516492755953393 0.522219211480657
0.433067720344903 0.463984730877179
0.0504395237017058 0.013796057642163
0.562611120335328 0.536180378442787
0.386199898816581 0.457653752985838
0.0511889808480926 0.00616586857137596
0.465334345176513 0.455404903613242
0.454391832336193 0.535098815252084
0.080273822487295 0.00949628113467461
0.54393643606853 0.583951104069217
0.410285115087402 0.408478372537353
0.0457784488440697 0.00757052339343028
0.224926899694255 0.267575258450086
0.712374955629634 0.724334087216559
0.0626981446761111 0.00809065433335419
0.696739611713243 0.671069132940608
0.23466736540722 0.316408659316564
0.0685930228795359 0.012522207742827
0.433051926339425 0.413368263864588
0.522680845233439 0.57210198045509
0.044267228427134 0.0145297556803252
0.417106640742676 0.466714565127933
0.479054755432608 0.518781283045334
0.103838603824715 0.0145041518267315
0.581700594264442 0.474790483102124
0.326284544404957 0.515164466739788
0.0920148613306028 0.0100450501580893
0.505083404398283 0.444835831361721
0.354823377142499 0.545660996891321
0.140093218459218 0.00950317174695858
0.381279964944152 0.443813318633611
0.549348328500524 0.552208068694499
0.0693717065553235 0.00397861267189107
0.401969404768109 0.408971107359579
0.516932878323778 0.577836133434499
0.0810977169081146 0.0131927592059232
0.295601717885319 0.426301849919155
0.593949290439168 0.567385221728453
0.110448991675513 0.00631292835239184
0.404812189504616 0.546725653582113
0.528161642146134 0.44584982750296
0.0670261683492495 0.00742451891492707
0.349005065230879 0.530609456717096
0.591290909957125 0.457852222905323
0.0597040248119967 0.0115383203775814
0.442168824075785 0.41094013402004
0.513365501191509 0.577751941549578
0.0444656747327061 0.0113079244303817
0.51881009869164 0.556250865937599
0.360715673418618 0.436184664626692
0.120474227889741 0.00756446943570931
0.611042409844838 0.664874290044689
0.338400551531734 0.326202829130707
0.0505570386234269 0.00892288082460254
0.54833463676565 0.50993477652775
0.383788674484929 0.481986777116159
0.0678766887494214 0.00807844635609223
0.425530943021243 0.590146318955602
0.485516502164742 0.403876996889733
0.0889525548140155 0.0059766841546643
0.481009975253883 0.415015404655193
0.47500759380197 0.56749483648396
0.0439824309441476 0.0174897588608467
0.56825222430335 0.554113098942999
0.362736256751221 0.429573053044142
0.0690115189454296 0.0163138480128595
0.450263226305753 0.39135150938687
0.469940815874596 0.589628853548957
0.0797959578196499 0.0190196370641728
0.51508628523469 0.473607902058963
0.403572759410205 0.513804452436654
0.0813409553551045 0.0125876455043842
0.223002366769889 0.417469606789518
0.623660836839469 0.575334160359964
0.15333679639064 0.00719623285051911
0.500465783643247 0.541362696861827
0.413742873145803 0.444678499911611
0.0857913432109486 0.0139588032265602
0.295237017012782 0.223013784456442
0.66208792054655 0.761066025453102
0.0426750624406677 0.0159201900904544
0.341110250469476 0.468017519312648
0.588912978740029 0.524800916301186
0.0699767707904952 0.00718156438616518
0.286544738441039 0.338694894478418
0.648277538398186 0.645315360186061
0.0651777231607757 0.0159897453355224
0.443411543452474 0.519685962336585
0.370760974264774 0.468439270802196
0.185827482282751 0.0118747668612175
0.312655197405602 0.455040215334414
0.588047544453582 0.537819208537996
0.099297258140815 0.00714057612759099
0.450554732898329 0.512773244447521
0.425382075352944 0.475209916944515
0.124063191748725 0.0120168386079637
0.271905810646105 0.621146199221574
0.566823499848258 0.373824193241813
0.161270689505638 0.00502960753661214
-999 -999
-999 -999
-999 -999
-999 -999
-999 -999
-999 -999
