504
496
492
496
499
510
500
504
505
510
515
521
511
511
502
497
507
510
512
523
522
528
529
532
529
533
528
526
522
530
528
524
523
531
529
522
514
512
510
510
506
505
505
506
505
505
504
507
507
511
505
508
509
507
503
505
496
489
477
483
489
483
472
470
450
442
426
426
420
411
417
403
392
387
378
380
379
373
371
365
361
351
343
328
315
303
304
293
298
299
295
285
280
285
281
271
268
263
262
253
250
239
229
235
237
237
229
225
214
205
203
213
216
211
211
212
211
220
229
214
213
215
205
205
204
198
201
189
193
191
186
184
181
193
187
187
192
193
199
199
202
204
212
209
208
213
210
208
211
196
187
186
188
188
185
181
177
174
169
175
165
171
173
172
175
175
172
175
176
173
165
174
182
178
185
183
183
190
183
178
177
178
180
171
159
155
160
161
161
154
155
145
147
147
140
148
143
138
136
144
149
156
162
163
159
166
159
155
165
171
157
162
161
156
157
165
164
162
160
149
151
151
144
145
139
133
132
132
134
132
135
137
127
127
128
120
128
132
124
130
142
143
141
142
145
137
135
138
137
141
142
133
139
138
132
126
127
126
141
135
138
141
142
141
122
117
105
112
111
112
115
112
115
118
127
123
127
138
133
130
142
136
131
131
117
122
126
124
129
131
136
128
115
114
103
98
101
101
105
112
100
110
114
120
121
135
124
126
125
135
135
136
141
139
123
114
115
119
118
121
122
120
118
128
119
110
105
108
110
115
122
123
122
116
118
114
114
108
109
114
122
119
116
122
125
118
124
119
116
117
118
113
109
113
111
115
114
125
122
134
136
129
136
125
128
124
124
125
126
130
125
137
133
124
114
113
108
107
100
104
112
105
105
103
104
106
115
115
102
108
118
120
110
123
116
115
122
123
115
104
101
106
119
110
113
119
113
125
122
105
109
102
93
90
103
103
92
94
96
108
108
109
105
112
111
101
101
90
91
100
101
106
99
95
102
104
101
113
123
119
107
114
112
113
115
109
110
109
106
108
104
105
100
101
99
109
102
114
119
111
98
99
97
92
94
92
99
102
105
103
94
99
99
88
88
102
105
98
95
93
80
87
100
109
103
111
106
114
120
116
122
115
112
109
107
103
106
105
116
119
126
136
134
127
110
107
102
105
108
112
109
119
118
105
102
105
99
101
100
94
97
94
96
101
95
99
96
85
92
86
87
96
107
118
107
106
107
104
104
117
108
95
89
95
98
98
100
109
103
99
98
92
101
100
99
97
94
92
104
91
94
109
94
93
88
88
99
109
122
116
123
115
106
105
101
102
104
101
107
111
113
129
133
137
126
128
133
124
124
128
110
108
107
111
124
124
111
106
108
106
111
106
108
106
109
123
114
105
105
119
115
105
115
115
124
125
118
126
125
116
116
117
121
115
113
105
110
103
96
88
94
100
102
98
99
104
104
100
98
100
104
102
107
102
101
103
116
114
104
101
101
93
88
102
103
113
114
115
122
119
126
128
130
129
114
112
104
100
92
97
91
87
98
92
87
102
103
106
101
88
94
94
100
101
106
99
102
111
100
92
96
95
99
93
87
91
88
90
94
100
102
107
100
103
104
101
98
113
101
91
99
104
110
100
101
104
103
89
89
88
90
88
96
93
94
94
100
98
108
113
105
99
98
100
91
82
81
86
84
93
94
89
92
82
87
94
95
100
102
105
101
119
110
107
110
111
100
98
100
95
95
106
107
96
89
102
100
101
91
93
94
98
107
107
108
99
94
98
94
91
104
91
92
95
90
94
86
95
103
101
104
100
102
97
98
97
94
99
103
105
109
115
107
112
103
95
96
100
108
100
105
104
104
112
114
93
91
84
88
91
87
96
88
83
93
81
79
84
88
95
92
84
96
91
90
95
98
94
85
86
84
82
89
77
77
96
102
96
88
81
82
88
93
90
88
89
81
88
104
100
89
82
86
94
92
89
93
93
89
84
81
96
90
95
93
99
95
89
81
86
91
95
92
93
96
88
84
77
84
94
97
93
87
87
80
78
84
86
83
83
90
91
88
83
87
81
83
86
91
86
78
88
88
91
97
80
82
95
87
90
90
89
88
87
84
87
84
78
76
89
88
79
83
82
84
93
93
90
87
84
80
83
94
102
99
116
110
116
104
109
111
117
108
97
100
97
89
92
93
91
94
86
93
97
94
94
99
99
96
92
93
90
84
82
76
73
74
97
96
89
95
86
78
84
90
92
85
92
93
108
105
88
88
93
91
91
90
86
95
98
