476 491 0 1
476 492 0 1
476 493 0 1
476 494 0 1
476 495 0 1
476 496 0 1
476 497 0 1
476 498 0 1
476 499 0 1
476 500 1 0
476 501 0.04375 0.95625
476 502 0 1
476 503 0 1
476 504 0 1
476 505 0 1
476 506 0 1
476 507 0 1
476 508 0 1
476 509 0 1
476 510 0 1
477 491 0 1
477 492 0 1
477 493 0 1
477 494 0 1
477 495 0 1
477 496 0 1
477 497 0 1
477 498 0 1
477 499 0 1
477 500 1 0
477 501 0 1
477 502 0 1
477 503 0 1
477 504 0 1
477 505 0 1
477 506 0 1
477 507 0 1
477 508 0 1
477 509 0 1
477 510 0 1
478 491 0.135 0.865
478 492 0.17375 0.82625
478 493 0.24375 0.75625
478 494 0.2475 0.7525
478 495 0 1
478 496 0 1
478 497 0.095 0.905
478 498 0 1
478 499 0 1
478 500 0 1
478 501 0 1
478 502 0 1
478 503 0.065 0.935
478 504 0 1
478 505 0 1
478 506 0 1
478 507 0 1
478 508 0 1
478 509 0 1
478 510 0 1
479 491 0 1
479 492 0 1
479 493 0 1
479 494 0 1
479 495 0 1
479 496 0 1
479 497 0 1
479 498 0 1
479 499 0 1
479 500 0 1
479 501 0 1
479 502 0 1
479 503 0 1
479 504 0 1
479 505 0.20625 0.79375
479 506 0 1
479 507 0 1
479 508 0 1
479 509 0 1
479 510 0 1
480 491 0 1
480 492 0 1
480 493 0 1
480 494 0 1
480 495 0 1
480 496 0 1
480 497 0 1
480 498 0 1
480 499 0 1
480 500 0 1
480 501 0 1
480 502 0 1
480 503 0 1
480 504 1 0
480 505 0.93625 0.06375
480 506 0 1
480 507 0 1
480 508 0 1
480 509 0 1
480 510 0 1
481 491 0 1
481 492 0 1
481 493 0 1
481 494 0 1
481 495 0 1
481 496 0 1
481 497 0 1
481 498 0 1
481 499 0 1
481 500 0 1
481 501 0 1
481 502 0 1
481 503 0 1
481 504 0 1
481 505 0 1
481 506 0 1
481 507 0 1
481 508 0 1
481 509 0 1
481 510 0 1
482 491 0 1
482 492 0 1
482 493 0 1
482 494 0 1
482 495 0 1
482 496 0 1
482 497 0 1
482 498 0 1
482 499 0 1
482 500 0 1
482 501 0 1
482 502 0 1
482 503 0 1
482 504 0 1
482 505 0 1
482 506 0 1
482 507 0 1
482 508 0 1
482 509 0 1
482 510 0 1
483 491 0 1
483 492 0 1
483 493 0 1
483 494 0 1
483 495 0 1
483 496 0 1
483 497 0.11625 0.88375
483 498 0 1
483 499 0 1
483 500 0 1
483 501 1 0
483 502 0 1
483 503 0 1
483 504 0 1
483 505 0 1
483 506 0 1
483 507 0 1
483 508 0 1
483 509 0 1
483 510 0 1
484 491 0 1
484 492 0 1
484 493 0 1
484 494 0 1
484 495 0 1
484 496 0 1
484 497 0 1
484 498 0 1
484 499 0 1
484 500 0.00375 0.99625
484 501 1 0
484 502 0 1
484 503 0 1
484 504 0 1
484 505 0 1
484 506 0 1
484 507 0 1
484 508 0 1
484 509 0 1
484 510 0 1
485 491 0 1
485 492 0 1
485 493 0 1
485 494 0 1
485 495 0 1
485 496 0 1
485 497 0 1
485 498 0 1
485 499 0 1
485 500 0 1
485 501 0 1
485 502 0 1
485 503 0 1
485 504 0 1
485 505 0 1
485 506 0 1
485 507 0 1
485 508 0 1
485 509 0 1
485 510 0 1
486 491 0.7575 0.2425
486 492 0 1
486 493 0 1
486 494 0 1
486 495 0 1
486 496 0 1
486 497 0 1
486 498 0 1
486 499 0 1
486 500 0 1
486 501 0.6475 0.3525
486 502 0 1
486 503 0 1
486 504 0 1
486 505 0 1
486 506 0 1
486 507 0 1
486 508 0 1
486 509 0 1
486 510 0 1
487 491 0 1
487 492 0 1
487 493 0 1
487 494 0 1
487 495 0 1
487 496 0 1
487 497 0 1
487 498 0 1
487 499 0 1
487 500 0 1
487 501 0.58 0.42
487 502 0.57875 0.42125
487 503 0 1
487 504 0 1
487 505 0 1
487 506 0 1
487 507 0 1
487 508 0 1
487 509 0 1
487 510 0 1
488 491 0 1
488 492 0 1
488 493 0 1
488 494 0 1
488 495 0 1
488 496 0 1
488 497 0 1
488 498 0 1
488 499 0 1
488 500 0 1
488 501 0 1
488 502 0 1
488 503 0 1
488 504 0 1
488 505 0 1
488 506 0 1
488 507 0 1
488 508 0 1
488 509 0 1
488 510 0 1
489 491 0 1
489 492 0 1
489 493 0 1
489 494 0 1
489 495 0 1
489 496 0 1
489 497 0 1
489 498 0 1
489 499 0 1
489 500 0 1
489 501 0 1
489 502 1 0
489 503 1 0
489 504 0 1
489 505 0 1
489 506 0 1
489 507 0 1
489 508 0 1
489 509 0 1
489 510 0 1
490 491 0 1
490 492 0 1
490 493 0 1
490 494 0 1
490 495 0 1
490 496 0 1
490 497 0 1
490 498 0 1
490 499 0 1
490 500 0 1
490 501 0 1
490 502 0 1
490 503 0 1
490 504 0 1
490 505 0 1
490 506 0 1
490 507 0 1
490 508 0 1
490 509 0 1
490 510 0 1
491 491 0 1
491 492 0 1
491 493 0 1
491 494 0 1
491 495 0 1
491 496 0 1
491 497 0 1
491 498 0 1
491 499 0 1
491 500 0 1
491 501 0 1
491 502 0 1
491 503 0 1
491 504 0 1
491 505 0 1
491 506 0 1
491 507 0 1
491 508 0 1
491 509 0 1
491 510 0 1
492 491 0 1
492 492 0 1
492 493 0 1
492 494 0 1
492 495 0 1
492 496 0 1
492 497 0 1
492 498 0 1
492 499 0 1
492 500 0 1
492 501 0 1
492 502 0 1
492 503 0 1
492 504 0.01125 0.98875
492 505 0.34 0.66
492 506 0 1
492 507 0 1
492 508 0 1
492 509 0 1
492 510 0 1
493 491 0 1
493 492 0 1
493 493 0 1
493 494 0 1
493 495 0 1
493 496 0 1
493 497 0 1
493 498 0 1
493 499 0 1
493 500 0 1
493 501 0 1
493 502 0 1
493 503 0 1
493 504 0 1
493 505 1 0
493 506 0 1
493 507 0 1
493 508 0 1
493 509 0 1
493 510 0 1
494 491 0 1
494 492 0 1
494 493 0 1
494 494 0 1
494 495 0 1
494 496 0 1
494 497 0 1
494 498 0 1
494 499 0 1
494 500 0.00875 0.99125
494 501 0 1
494 502 0 1
494 503 0 1
494 504 0 1
494 505 0 1
494 506 0 1
494 507 0 1
494 508 0 1
494 509 0 1
494 510 0 1
495 491 0 1
495 492 0 1
495 493 0 1
495 494 0 1
495 495 0 1
495 496 0 1
495 497 0.02875 0.97125
495 498 0 1
495 499 0 1
495 500 0 1
495 501 0 1
495 502 0 1
495 503 0 1
495 504 0 1
495 505 0 1
495 506 0 1
495 507 0 1
495 508 0 1
495 509 0 1
495 510 0 1
496 491 0 1
496 492 0 1
496 493 0 1
496 494 0 1
496 495 0 1
496 496 0 1
496 497 0 1
496 498 0 1
496 499 0 1
496 500 0 1
496 501 0 1
496 502 0 1
496 503 0 1
496 504 0 1
496 505 0 1
496 506 0 1
496 507 0 1
496 508 0 1
496 509 0 1
496 510 0 1
497 491 0 1
497 492 0 1
497 493 0 1
497 494 0 1
497 495 0 1
497 496 0 1
497 497 0 1
497 498 0 1
497 499 0 1
497 500 0 1
497 501 0 1
497 502 0 1
497 503 0 1
497 504 0 1
497 505 0 1
497 506 0 1
497 507 0 1
497 508 0 1
497 509 0 1
497 510 0 1
498 491 0 1
498 492 0 1
498 493 0 1
498 494 0 1
498 495 0 1
498 496 0 1
498 497 0 1
498 498 0 1
498 499 0 1
498 500 0 1
498 501 0 1
498 502 0 1
498 503 0 1
498 504 0 1
498 505 0 1
498 506 0 1
498 507 0 1
498 508 0 1
498 509 0 1
498 510 0 1
499 491 0 1
499 492 0 1
499 493 0 1
499 494 0 1
499 495 0 1
499 496 0 1
499 497 0 1
499 498 0 1
499 499 0 1
499 500 0 1
499 501 0 1
499 502 0 1
499 503 0 1
499 504 0 1
499 505 0 1
499 506 0 1
499 507 0 1
499 508 0 1
499 509 0 1
499 510 0 1
500 491 0 1
500 492 0 1
500 493 0 1
500 494 0 1
500 495 0 1
500 496 0 1
500 497 0 1
500 498 0 1
500 499 0 1
500 500 0 1
500 501 0 1
500 502 0 1
500 503 0 1
500 504 0 1
500 505 0 1
500 506 1 0
500 507 1 0
500 508 0 1
500 509 0 1
500 510 0 1
501 491 0 1
501 492 0 1
501 493 0 1
501 494 0 1
501 495 0 1
501 496 0 1
501 497 0 1
501 498 0.0175 0.9825
501 499 0 1
501 500 0 1
501 501 0 1
501 502 0 1
501 503 0 1
501 504 0 1
501 505 0 1
501 506 0 1
501 507 0 1
501 508 0 1
501 509 0 1
501 510 0 1
502 491 0 1
502 492 0 1
502 493 0 1
502 494 0 1
502 495 0 1
502 496 0 1
502 497 0 1
502 498 0 1
502 499 0 1
502 500 0 1
502 501 0 1
502 502 0 1
502 503 0 1
502 504 0 1
502 505 0 1
502 506 0 1
502 507 0 1
502 508 0 1
502 509 0 1
502 510 0 1
503 491 0 1
503 492 0 1
503 493 0 1
503 494 0 1
503 495 0 1
503 496 0 1
503 497 0 1
503 498 0 1
503 499 0 1
503 500 0 1
503 501 0 1
503 502 0 1
503 503 0 1
503 504 0 1
503 505 0 1
503 506 0 1
503 507 0 1
503 508 0 1
503 509 0 1
503 510 0 1
504 491 0 1
504 492 0 1
504 493 0 1
504 494 0 1
504 495 0 1
504 496 0 1
504 497 0 1
504 498 0 1
504 499 0 1
504 500 0 1
504 501 0 1
504 502 0 1
504 503 0 1
504 504 0 1
504 505 0 1
504 506 0 1
504 507 0 1
504 508 0 1
504 509 0 1
504 510 0 1
505 491 0 1
505 492 0 1
505 493 0 1
505 494 0 1
505 495 0 1
505 496 0 1
505 497 0 1
505 498 0 1
505 499 0 1
505 500 0 1
505 501 0 1
505 502 0 1
505 503 0 1
505 504 0 1
505 505 0 1
505 506 0 1
505 507 0 1
505 508 0 1
505 509 0 1
505 510 0 1
506 491 0 1
506 492 0 1
506 493 0 1
506 494 0 1
506 495 0 1
506 496 0 1
506 497 0 1
506 498 0 1
506 499 0 1
506 500 0 1
506 501 0 1
506 502 0 1
506 503 0 1
506 504 1 0
506 505 1 0
506 506 0 1
506 507 0 1
506 508 0 1
506 509 0 1
506 510 0 1
507 491 0 1
507 492 0 1
507 493 0 1
507 494 0 1
507 495 0 1
507 496 0 1
507 497 0 1
507 498 0 1
507 499 0 1
507 500 0 1
507 501 0 1
507 502 0 1
507 503 0 1
507 504 0 1
507 505 0.35 0.65
507 506 0 1
507 507 0 1
507 508 0 1
507 509 0 1
507 510 0 1
508 491 0 1
508 492 0 1
508 493 0 1
508 494 0 1
508 495 0 1
508 496 0 1
508 497 0 1
508 498 0 1
508 499 0 1
508 500 0 1
508 501 0 1
508 502 0 1
508 503 0 1
508 504 0 1
508 505 0 1
508 506 0 1
508 507 0 1
508 508 0 1
508 509 0 1
508 510 0 1
509 491 0 1
509 492 0 1
509 493 0 1
509 494 0 1
509 495 0 1
509 496 0 1
509 497 0 1
509 498 0 1
509 499 0 1
509 500 0 1
509 501 0 1
509 502 0 1
509 503 0 1
509 504 0 1
509 505 0 1
509 506 0 1
509 507 0 1
509 508 0 1
509 509 0 1
509 510 0 1
510 491 0 1
510 492 0 1
510 493 0 1
510 494 0 1
510 495 0 1
510 496 0 1
510 497 0 1
510 498 0 1
510 499 0 1
510 500 0 1
510 501 0 1
510 502 0 1
510 503 0 1
510 504 0 1
510 505 0 1
510 506 0 1
510 507 0 1
510 508 0 1
510 509 0 1
510 510 0 1
511 491 0 1
511 492 0 1
511 493 0 1
511 494 0 1
511 495 0 1
511 496 0 1
511 497 0 1
511 498 0 1
511 499 0 1
511 500 0 1
511 501 0 1
511 502 0 1
511 503 0 1
511 504 0 1
511 505 0 1
511 506 0 1
511 507 0 1
511 508 0 1
511 509 0 1
511 510 0 1
512 491 0 1
512 492 0 1
512 493 0 1
512 494 0 1
512 495 0 1
512 496 0 1
512 497 0 1
512 498 0 1
512 499 0 1
512 500 0 1
512 501 0 1
512 502 0.31375 0.68625
512 503 0 1
512 504 0 1
512 505 0 1
512 506 0 1
512 507 0 1
512 508 0 1
512 509 0 1
512 510 0 1
513 491 0 1
513 492 0 1
513 493 0 1
513 494 0 1
513 495 0 1
513 496 0.0925 0.9075
513 497 0 1
513 498 0 1
513 499 0 1
513 500 0 1
513 501 0 1
513 502 0 1
513 503 1 0
513 504 0 1
513 505 0 1
513 506 0 1
513 507 0 1
513 508 0 1
513 509 0 1
513 510 0 1
514 491 0 1
514 492 0 1
514 493 0 1
514 494 0.005 0.995
514 495 0.3025 0.6975
514 496 0 1
514 497 0 1
514 498 0 1
514 499 0 1
514 500 0 1
514 501 0 1
514 502 0 1
514 503 0.19125 0.80875
514 504 0 1
514 505 0 1
514 506 0 1
514 507 0 1
514 508 0 1
514 509 0 1
514 510 0 1
515 491 0 1
515 492 0 1
515 493 0 1
515 494 0 1
515 495 0 1
515 496 0 1
515 497 0 1
515 498 0 1
515 499 0 1
515 500 0 1
515 501 0 1
515 502 0 1
515 503 0 1
515 504 0 1
515 505 0 1
515 506 0 1
515 507 0 1
515 508 0 1
515 509 0 1
515 510 0 1
516 491 0 1
516 492 0 1
516 493 0 1
516 494 0 1
516 495 0 1
516 496 0 1
516 497 0 1
516 498 0 1
516 499 0 1
516 500 0 1
516 501 0 1
516 502 0 1
516 503 0 1
516 504 0 1
516 505 0 1
516 506 0 1
516 507 0 1
516 508 0 1
516 509 0 1
516 510 0 1
517 491 0 1
517 492 0 1
517 493 0 1
517 494 0 1
517 495 0 1
517 496 0 1
517 497 0 1
517 498 0 1
517 499 0 1
517 500 0 1
517 501 0 1
517 502 0 1
517 503 0 1
517 504 0 1
517 505 0 1
517 506 0 1
517 507 0 1
517 508 0 1
517 509 0 1
517 510 0 1
518 491 0 1
518 492 0 1
518 493 0 1
518 494 0 1
518 495 0 1
518 496 0 1
518 497 0 1
518 498 0 1
518 499 0 1
518 500 0 1
518 501 0 1
518 502 0 1
518 503 0 1
518 504 0 1
518 505 1 0
518 506 0 1
518 507 0 1
518 508 0 1
518 509 0 1
518 510 0 1
519 491 0 1
519 492 0 1
519 493 0 1
519 494 0 1
519 495 0 1
519 496 0 1
519 497 0 1
519 498 0 1
519 499 0 1
519 500 0 1
519 501 0 1
519 502 0 1
519 503 0 1
519 504 1 0
519 505 1 0
519 506 0 1
519 507 0 1
519 508 0 1
519 509 0 1
519 510 0 1
520 491 0 1
520 492 0 1
520 493 0 1
520 494 0 1
520 495 0 1
520 496 0 1
520 497 0 1
520 498 0 1
520 499 0 1
520 500 0 1
520 501 0 1
520 502 0 1
520 503 0 1
520 504 0 1
520 505 0 1
520 506 0 1
520 507 0 1
520 508 0 1
520 509 0 1
520 510 0 1
521 491 0 1
521 492 1 0
521 493 0 1
521 494 0 1
521 495 0 1
521 496 0 1
521 497 0 1
521 498 0 1
521 499 0 1
521 500 0 1
521 501 0 1
521 502 0 1
521 503 0 1
521 504 0 1
521 505 0 1
521 506 0 1
521 507 0 1
521 508 0 1
521 509 0 1
521 510 0 1
522 491 0 1
522 492 1 0
522 493 0 1
522 494 0 1
522 495 0 1
522 496 0 1
522 497 0 1
522 498 0 1
522 499 0 1
522 500 0 1
522 501 0 1
522 502 0 1
522 503 0 1
522 504 0 1
522 505 0 1
522 506 0 1
522 507 0 1
522 508 0 1
522 509 0 1
522 510 0 1
523 491 0 1
523 492 0 1
523 493 0 1
523 494 0 1
523 495 0 1
523 496 0 1
523 497 1 0
523 498 0 1
523 499 0 1
523 500 0 1
523 501 0 1
523 502 0 1
523 503 0 1
523 504 0 1
523 505 0 1
523 506 0 1
523 507 0 1
523 508 0 1
523 509 0 1
523 510 0 1
524 491 0 1
524 492 0 1
524 493 1 0
524 494 0 1
524 495 0 1
524 496 0 1
524 497 1 0
524 498 0 1
524 499 0 1
524 500 0 1
524 501 0 1
524 502 0 1
524 503 0 1
524 504 0 1
524 505 0 1
524 506 0 1
524 507 0 1
524 508 0 1
524 509 0 1
524 510 0 1
525 491 0 1
525 492 0 1
525 493 1 0
525 494 1 0
525 495 0 1
525 496 1 0
525 497 0 1
525 498 0 1
525 499 0 1
525 500 0 1
525 501 0 1
525 502 0 1
525 503 0 1
525 504 0 1
525 505 1 0
525 506 0 1
525 507 0 1
525 508 0 1
525 509 0 1
525 510 0 1
