0.720128979099931 0.638129352194229
0.277922025062634 0.230975897805762
0.00194899583742754 0.130894750000013
0.745467831395661 0.788581087530139
0.252779366609196 0.0713670658615044
0.00175280199514133 0.140051846608354
0.669323139870504 0.510613403782184
0.329458898450418 0.369940110714475
0.00121796167908083 0.119446485503347
0.816363101285441 0.698152469559029
0.181185016891358 0.203050302440837
0.00245188182320195 0.0987972280001405
0.612509627054673 0.621376836486359
0.386176845383688 0.286305102963017
0.00131352756164316 0.0923180605506213
0.683048406746459 0.610581838990331
0.314556843297125 0.212890465707439
0.00239474995641672 0.17652769530223
0.900433076158745 0.684163028775002
0.0955946022937133 0.132971780463859
0.00397232154754627 0.182865190761137
0.648171120035207 0.639286945354755
0.350299220243716 0.248233224896071
0.00152965972108586 0.112479829749179
0.854187413632028 0.792142916609848
0.14143163930439 0.0835548009511256
0.00438094706357991 0.124302282439037
0.626204084870097 0.620238516059788
0.369913523643582 0.331223037175676
0.00388239148631996 0.0485384467645448
0.764750462151295 0.668896409604688
0.231644450920586 0.209711942646861
0.00360508692811748 0.121391647748451
0.780660566502833 0.76044755184149
0.210404856931045 0.139101875236734
0.00893457656611691 0.100450572921771
0.699218299818692 0.699305887064757
0.297562636307529 0.137753433955744
0.00321906387377739 0.162940678979491
0.863181629272069 0.563305141238288
0.130255880803747 0.390965911215283
0.00656248992417078 0.0457289475464249
0.733374514872139 0.518383654140821
0.263760113071119 0.37164122679141
0.00286537205674164 0.10997511906777
0.831908328705002 0.629812162396252
0.161432663047497 0.182906653340492
0.00665900824749578 0.187281184263256
0.693617306192403 0.654370455816094
0.303576998103059 0.223937772462757
0.00280569570454485 0.121691771721143
0.63228241665249 0.528909247073546
0.365381163254752 0.387611883190683
0.00233642009276187 0.0834788697357729
0.782831217092761 0.613563599127462
0.210254844913278 0.312205828063973
0.00691393799395252 0.0742305728085635
0.872445182490448 0.618313222456026
0.123429455458258 0.244940720605939
0.004125362051303 0.136746056938037
0.734948389975268 0.667460148518809
0.259560558708955 0.2085244987211
0.00549105131577344 0.124015352760094
0.768271387606129 0.708981899768251
0.229881863321924 0.147232918543421
0.00184674907195578 0.143785181688328
0.664626724330705 0.491612224979357
0.331968662683085 0.362638685521042
0.00340461298621294 0.145749089499598
0.778293235499605 0.614715578882827
0.217134404327474 0.292843044529511
0.00457236017293322 0.0924413765876602
0.674155772414392 0.636739048081243
0.324725911412773 0.265777869602218
0.00111831617283555 0.0974830823165404
0.678223453248729 0.570983704402424
0.318009937771179 0.300823580356845
0.00376660898009447 0.128192715240729
0.673420615118418 0.647333499211261
0.324427185655367 0.1939527322723
0.00215219922621181 0.158713768516441
0.661730868467804 0.601424924103505
0.337290700055511 0.253005244836796
0.00097843147668762 0.145569831059706
0.711621252983455 0.592270875250383
0.285000527415432 0.31948643755099
0.00337821960110734 0.0882426871986277
0.770051625743628 0.574452902963457
0.22648715843073 0.253250086907611
0.00346121582563722 0.172297010128935
0.77137250932214 0.619013391908938
0.226724456380464 0.30414011850851
0.00190303429739878 0.0768464895825509
0.71157905255017 0.504533798878082
0.286364213256049 0.134667777461384
0.00205673419378076 0.360798423660537
0.792841311390444 0.406584340801242
0.203779890123367 0.489801334637361
0.00337879848618945 0.103614324561402
0.790667525309649 0.6043142328145
0.204741919716004 0.294640963854062
0.00459055497434158 0.101044803331446
0.701393221989347 0.625558310112996
0.291765316145984 0.195369548687845
0.00684146186466709 0.179072141199156
0.735813419046442 0.478447886237096
0.262221789382942 0.385594702305317
0.00196479157061678 0.135957411457589
0.796089501622757 0.679527676163788
0.199747293042503 0.21228068053902
0.00416320533473576 0.10819164329719
0.744009269530846 0.57539286394844
0.25241529434146 0.26670362137435
0.00357543612768969 0.157903514677207
0.809314187096985 0.566185747370714
0.182889065023758 0.3108725551979
0.00779674787926183 0.122941697431392
0.766741800690369 0.664716537993408
0.231316356943876 0.0985685527773226
0.00194184236576048 0.236714909229264
0.843265454878304 0.683700079020112
0.154782506636567 0.188562506461675
0.00195203848512802 0.127737414518203
0.682651864723669 0.491381168339255
0.315408943720952 0.462482152491582
0.00193919155537858 0.0461366791691585
0.789254753632924 0.628224111121607
0.204863124833375 0.254970011515381
0.00588212153369662 0.116805877363011
0.758409817927937 0.668096480915432
0.238866766424188 0.221804629322783
0.00272341564787888 0.110098889761776
0.75615974640768 0.822743257307773
0.242669723605949 0.0510787847506969
0.00117052998637402 0.126177957941525
0.798869420739491 0.780572558830232
0.197696848463976 0.147569003802866
0.00343373079653052 0.0718584373669116
0.789876463181582 0.744059897703567
0.206574566510315 0.112390417265062
0.00354897030810154 0.143549685031372
0.87695230594565 0.765564710490687
0.117936624063904 0.0737477925268469
0.00511106999044403 0.160687496982464
0.844854130626519 0.761326983568417
0.151248674802598 0.0912045144304615
0.00389719457087014 0.14746850200112
0.763389439528193 0.634980313857199
0.234378731923808 0.222172019414012
0.00223182854801191 0.142847666728788
0.740121881537594 0.541874216771591
0.257352517915244 0.274955243421101
0.00252560054716911 0.183170539807311
0.819620364780584 0.69172237201059
0.176476740264975 0.149383565293507
0.00390289495443241 0.158894062695898
0.761945130709673 0.697033255337782
0.235616487277247 0.0840838094696182
0.00243838201308038 0.218882935192595
0.761386252105261 0.631271179033035
0.235663866213935 0.111518968738913
0.00294988168080598 0.257209852228052
0.648388824352251 0.676166415882139
0.348874252193823 0.167505946125978
0.00273692345392281 0.156327637991884
0.870832000839512 0.53936138857506
0.125706189553092 0.346882104121669
0.00346180960740666 0.113756507303271
0.745031916666036 0.47221260805163
0.251392585706782 0.449326645457775
0.00357549762718013 0.0784607464906019
0.731455931566433 0.533551793395552
0.264895958699084 0.286111184262117
0.00364810973447313 0.180337022342325
0.831534275370766 0.617383998033649
0.162332564660734 0.249232131522989
0.00613315996850214 0.133383870443357
0.834279121480524 0.631950087304185
0.162224434546092 0.264909017190668
0.00349644397337687 0.10314089550515
0.678549143762871 0.55640448895893
0.320200002153102 0.296073806550939
0.00125085408401732 0.147521704490131
0.810427085004136 0.602002789517013
0.184355294249584 0.29987764002048
0.00521762074628401 0.0981195704625096
0.768475011580292 0.71037729558508
0.227400995668541 0.230979115080836
0.00412399275118007 0.0586435893340795
0.69547769593416 0.565408686287404
0.30276052423747 0.348418464197338
0.00176177982837282 0.0861728495152616
0.76583601518052 0.696133020969532
0.228821466819693 0.163899299181905
0.00534251799978632 0.139967679848555
0.832296702163139 0.608910832652807
0.163016243808913 0.325748549376176
0.00468705402794659 0.0653406179710123
0.788582333617206 0.694799213665305
0.205971091268998 0.159985437369872
0.00544657511379268 0.145215348964819
0.744446582236889 0.69615358760332
0.25324543155799 0.174502686413149
0.00230798620511214 0.129343725983532
0.838048437942243 0.607287905264287
0.159952430044979 0.317423880969841
0.00199913201277703 0.0752882137658657
0.715965514338013 0.608665416774121
0.280157314070684 0.297780544158567
0.00387717159130707 0.0935540390673095
0.678749703406394 0.843259442006276
0.318822607888135 0.0251949419819617
0.00242768870547453 0.13154561601177
0.647317832290807 0.529951552385665
0.351446280177424 0.399917774426792
0.00123588753176575 0.0701306731875422
0.754228587303167 0.556254086395716
0.24424113705207 0.332798201226577
0.00153027564476085 0.110947712377709
0.726660649141837 0.652156470056558
0.271184751471045 0.190197956622425
0.00215459938711145 0.157645573321019
0.696900710910134 0.655298152599692
0.300056685569036 0.239933850972142
0.0030426035208352 0.104767996428158
0.771205724465144 0.535294352589097
0.226086092904159 0.347712215555544
0.00270818263070029 0.116993431855363
0.758457643888347 0.673976365971441
0.239486913853963 0.156005478033818
0.00205544225768654 0.170018155994744
0.745151328930831 0.555034899915494
0.250844683553098 0.356599791562753
0.00400398751605559 0.0883653085217484
0.755271680253655 0.710052967921543
0.238557387404543 0.160438816109989
0.00617093234180793 0.129508215968466
0.706383190938464 0.59132418376438
0.289782742383824 0.262599141322281
0.00383406667771769 0.146076674913348
0.82685459074364 0.655401278283712
0.15803933366071 0.111903755176076
0.0151060755956421 0.232694966540215
0.819777829201269 0.520483961394732
0.177040123544256 0.326439334486715
0.00318204725448732 0.153076704118545
0.736116209051762 0.639820946777387
0.259050356756182 0.269000584797563
0.00483343419205208 0.0911784684250438
0.784272633028642 0.829478148010484
0.210056563214164 0.0693432686767763
0.0056708037572072 0.101178583312737
0.749697014562957 0.517467646066351
0.246380187308114 0.429319212543357
0.00392279812893767 0.053213141390293
0.878803182152981 0.530623609654142
0.11560100254742 0.222003667474411
0.00559581529959561 0.247372722871451
0.727055587727761 0.593394884822133
0.268485654743598 0.348984421023551
0.00445875752864077 0.0576206941543125
0.715009455427276 0.687728746685944
0.281948483502538 0.16807036141617
0.00304206107019028 0.144200891897889
0.781780586500763 0.573050285178843
0.215557437259398 0.325789407016342
0.00266197623984424 0.101160307804818
0.79550621378048 0.671345767093646
0.200160636618252 0.246621501805621
0.00433314960126641 0.0820327311007305
0.693780090492832 0.708251895458311
0.303208546536206 0.0410356205265755
0.00301136297095898 0.250712484015116
0.735441170383767 0.542156044554453
0.260977945112793 0.357486278113913
0.00358088450344315 0.100357677331632
0.828805494626919 0.749786328494682
0.168931265826987 0.135960265037304
0.0022632395460889 0.114253406468005
0.7878495847168 0.753954950521835
0.210219855692754 0.170203056300189
0.0019305595904529 0.0758419931779774
0.757807698628422 0.563940250596584
0.240427351937343 0.259303132336107
0.00176494943424602 0.176756617067307
0.709500718053297 0.621744996427512
0.28680048551247 0.227781278190868
0.00369879643422737 0.15047372538162
0.780821659536665 0.458106791552609
0.213473314497457 0.470507037633273
0.00570502596589002 0.0713861708141158
0.797476922157943 0.577317394814589
0.194201227995156 0.271396556112214
0.0083218498468911 0.15128604907319
0.772635934923198 0.610490034901287
0.225922781408589 0.290468450836016
0.00144128366822123 0.0990415142627008
0.750106789338226 0.510250636653222
0.244895802721444 0.356228973609741
0.00499740794033955 0.133520389737038
0.827335469499443 0.641642140584391
0.170190237607947 0.115482344297731
0.00247429289260591 0.242875515117882
0.810911439215036 0.548230446381393
0.181132193068486 0.395096553874058
0.00795636771647471 0.0566729997445486
0.792144567549983 0.630358756562478
0.199466965868516 0.178277300361908
0.00838846658149113 0.191363943075606
0.811426910474093 0.741764734386373
0.180490311168065 0.133687003031896
0.00808277835784227 0.124548262581733
0.756161465694357 0.461513870051477
0.237067037583662 0.408631023821815
0.00677149672198302 0.129855106126703
0.675129658437365 0.60296914221458
0.31962657169551 0.333667329190617
0.00524376986711941 0.0633635285947986
0.723074154202543 0.582050317613652
0.275041811506949 0.352658173144459
0.00188403429050877 0.0652915092418893
0.803514432196394 0.850552627716154
0.191907420546963 0.0463357541371648
0.00457814725665127 0.103111618146682
0.782762653437499 0.603091088555653
0.214174033588909 0.273259408740747
0.00306331297358681 0.123649502703602
0.741835294270748 0.696821725728242
0.25462497694406 0.170928580584765
0.00353972878518935 0.132249693687001
0.7706884708429 0.561174611918067
0.224617667524888 0.391151764903853
0.00469386163221447 0.0476736231780783
0.795952568873211 0.782316016838181
0.199546498284055 0.088638610284763
0.00450093284272557 0.12904537287706
0.759379049234669 0.643332214191322
0.238346887699126 0.160016912808614
0.00227406306620295 0.196650873000059
0.676781994988899 0.609468568338207
0.321212038274653 0.28367857212334
0.00200596673644627 0.106852859538446
0.788692710585781 0.603602022955384
0.204483530676616 0.118158847232239
0.00682375873760556 0.278239129812374
0.756888675492236 0.686601414906857
0.240130845824995 0.209204199751908
0.00298047868277183 0.104194385341241
0.757245526593269 0.470738532219427
0.241012577299875 0.475248765963142
0.0017418961068519 0.0540127018174215
0.746454855856169 0.634689309041941
0.250492835800391 0.171277045347335
0.00305230834343824 0.194033645610724
0.798287126651264 0.729583894237941
0.194950016403853 0.17350280708947
0.00676285694488273 0.0969132986725851
0.687014595777957 0.559353078952835
0.309881288032106 0.322446536368916
0.00310411618993235 0.118200384678251
0.728541895050031 0.600762793731401
0.267607179621681 0.204565401629301
0.00385092532828461 0.194671804639304
0.67531005486163 0.678159012769629
0.322362137950161 0.179978748260781
0.00232780718820626 0.14186223896959
0.870122692372764 0.599662170842563
0.124824963711358 0.201811215888776
0.00505234391587248 0.19852661326866
0.690786670770569 0.607536289730815
0.304805285660771 0.218529550071248
0.0044080435686669 0.173934160197933
0.759736314744409 0.541272524134205
0.235624978616148 0.276803967188076
0.0046387066394451 0.181923508677726
0.616652283433792 0.433599262750637
0.381206685034464 0.48605911254234
0.00214103153175074 0.0803416247070225
0.707279199199537 0.500920927672833
0.291635113652472 0.353607789211738
0.00108568714800245 0.145471283115423
0.792016590347666 0.602897877013296
0.205337395718061 0.323948362378522
0.00264601393427111 0.0731537606081765
0.764940535390763 0.547881932107844
0.231662053848153 0.324308157432447
0.00339741076108256 0.127809910459712
0.796085964521813 0.633103919002611
0.196572412942365 0.244689306735785
0.00734162253582224 0.122206774261614
0.790032178421929 0.646469159971827
0.208025644604204 0.219819307010297
0.00194217697386069 0.133711533017871
0.746774945292237 0.60135865986499
0.249424627231821 0.300992505849159
0.00380042747594461 0.0976488342858495
0.729854072158628 0.561459467790074
0.26738150691775 0.337142251007445
0.00276442092362731 0.101398281202485
0.797668543988136 0.727116834518286
0.197291994883432 0.110103207235184
0.00503946112843797 0.162779958246533
0.772956007311973 0.595016059750354
0.222876675544508 0.342292119241651
0.00416731714353414 0.0626918210080024
0.7748081233355 0.709560992474242
0.222411602962402 0.122599980045245
0.00278027370209118 0.167839027480512
0.760522614307596 0.734649476360249
0.235655286987583 0.0647737144514404
0.00382209870481983 0.200576809188299
0.823799274744879 0.671214983127211
0.170262926299584 0.164509962738378
0.00593779895554721 0.164275054134407
0.79324974849013 0.579467375921509
0.203654505815799 0.270946779355694
0.00309574569406308 0.149585844722791
0.692716017967031 0.554270608073969
0.305913415551326 0.339535986494711
0.00137056648164261 0.106193405431321
0.746303931538536 0.477519227828046
0.248009914094126 0.406746489256988
0.00568615436733215 0.115734282914962
0.743136972938461 0.604968610558556
0.25415912456125 0.313668886458984
0.0027039025002966 0.0813625029824591
0.750346589978645 0.635034837939313
0.245704918362294 0.187652443105087
0.00394849165905462 0.1773127189556
0.773220125232291 0.507029581308124
0.224800582844046 0.31824070506088
0.0019792919236577 0.174729713630996
0.680673263529318 0.568320357445493
0.317794422768593 0.258017253882505
0.0015323137020903 0.173662388672006
0.755934834389098 0.816988164016849
0.239773174295127 0.115229762693584
0.0042919913157703 0.0677820732895721
0.732501184668038 0.713135124194779
0.262470923855732 0.134154581546455
0.00502789147623073 0.152710294258768
0.80147077071099 0.540222535791383
0.193383909462117 0.354688045773506
0.00514531982688388 0.105089418435107
0.782613212198329 0.655678750373522
0.21476119981419 0.0542552585139047
0.0026255879874837 0.29006599111257
0.825969542396517 0.785655573113522
0.169081495616472 0.0428492657421165
0.00494896198701483 0.171495161144363
0.807368910376186 0.627356109583636
0.189632961702051 0.25788433605104
0.00299812792175744 0.11475955436532
0.73566119010564 0.750122571407933
0.261896577437478 0.0932533792924078
0.00244223245688864 0.156624049299657
0.761550805425022 0.617586929939274
0.233262215374328 0.275758639765086
0.00518697920064878 0.106654430295641
0.717365594216457 0.451507713262081
0.281345030601904 0.429476084184562
0.00128937518163809 0.119016202553362
0.713656322548514 0.711406352743478
0.2832917289448 0.162555403399268
0.00305194850668632 0.126038243857259
0.779576052576996 0.543407089903349
0.215242602487643 0.362201315303434
0.00518134493534795 0.0943915947932172
0.701418789032982 0.532153375519052
0.29431513530847 0.337214063323953
0.00426607565855099 0.130632561156988
0.703280424198117 0.491819766631288
0.29531186412464 0.44744639809567
0.00140771167723987 0.0607338352730455
0.653793921296871 0.454736523125854
0.344892970484692 0.420922534059938
0.00131310821843469 0.124340942814199
0.825213612355461 0.805893856664863
0.171317254499686 0.0600040349190097
0.00346913314484029 0.134102108416132
0.83584793726135 0.675773292186551
0.157676997209503 0.162537952469845
0.00647506552913963 0.161688755343602
0.713396065951042 0.613570378583689
0.282226221309476 0.274744940164924
0.0043777127394761 0.111684681251395
0.77529150338812 0.570069457409291
0.219643141890159 0.390178393212842
0.00506535472172337 0.0397521493778691
0.734714299850536 0.530821914179658
0.258560614145856 0.360356796372828
0.00672508600360896 0.108821289447511
0.676622684254008 0.602815170648413
0.32056472294465 0.294053072581904
0.00281259280133704 0.103131756769684
0.770298491007871 0.670363783945084
0.225385922576017 0.167578912725716
0.00431558641610439 0.162057303329201
0.735177627439202 0.505225444279709
0.260226242025749 0.395544023628207
0.00459613053504969 0.0992305320920846
0.777417556312784 0.632519597802955
0.21591976202144 0.186099944339164
0.00666268166576648 0.181380457857889
0.734562892042864 0.712838309004725
0.261776234342933 0.197995310981426
0.00366087361420672 0.0891663800138478
0.811949069196036 0.705290634394687
0.182919635991958 0.189067388116045
0.0051312948120181 0.105641977489269
0.787137347245943 0.544425811246746
0.208964259880963 0.338016825536161
0.00389839287309275 0.117557363217096
0.757268038875119 0.493830896564813
0.2375006864392 0.426197477641336
0.00523127468568093 0.0799716257938502
0.730317641723114 0.673618025699806
0.267378898978512 0.173536589
0.00230345929836917 0.152845385300196
0.676932594173349 0.547817565207503
0.320729326432307 0.404871026348819
0.00233807939434346 0.047311408443678
0.826172564986489 0.638820369194297
0.170544416055202 0.225253225331854
0.00328301895830912 0.135926405473844
0.690925537061057 0.543053719724428
0.307791389654979 0.336987327830155
0.00128307328396033 0.119958952445413
0.644206501552668 0.448821385697973
0.353490872883114 0.482066963856553
0.00230262556421673 0.0691116504454647
0.763401244758744 0.566146554959172
0.231783647641725 0.283782121603285
0.0048151075995321 0.150071323437541
0.723615356608518 0.55742554626535
0.273365289544138 0.291507940399355
0.00301935384734026 0.151066513335296
0.757852929546808 0.551170710062374
0.240763904064958 0.323340809685753
0.0013831663882303 0.125488480251872
0.648254279860276 0.585776207629997
0.34996580557413 0.260752721312019
0.00177991456559506 0.153471071057984
0.661823411060261 0.418163782686127
0.334905318625426 0.45820714951217
0.00327127031430976 0.123629067801699
0.634702134863664 0.442677814002377
0.364114081038103 0.476701911225479
0.00118378409823252 0.0806202747721438
0.792389621085599 0.59955477964701
0.200615526888625 0.298290428439112
0.00699485202578319 0.102154791913879
0.715720643624342 0.515843006349133
0.280084149107082 0.398549240605538
0.00419520726857679 0.0856077530453359
0.718411280938726 0.611187309002103
0.278678640235057 0.23203459355367
0.00291007882622283 0.156778097444223
0.71752932085543 0.566301090777109
0.278787206450447 0.327141687362311
0.00368347269411581 0.106557221860583
0.705589220793018 0.724877599150766
0.291976444849715 0.175616269088193
0.00243433435726182 0.0995061317610421
0.665496559431041 0.550223663155825
0.332490459171561 0.345646345190216
0.00201298139739197 0.104129991653967
0.706560378847067 0.733333420580111
0.291650857526698 0.172239603272152
0.00178876362623308 0.0944269761477354
0.788204502779512 0.809807287005501
0.205393800715906 0.0750933946551939
0.00640169650459237 0.115099318339307
0.713866373118285 0.736619353277601
0.284903416838415 0.14412685828036
0.00123021004330371 0.119253788442037
0.765601019436967 0.633677592970302
0.232036832347056 0.248978280651418
0.00236214821598801 0.117344126378279
0.731740790138709 0.546859019781353
0.264989728943785 0.316318017256465
0.00326948091751775 0.136822962962186
0.77050549904701 0.610751464979135
0.221436488871623 0.241321954473777
0.00805801208136839 0.147926580547082
0.631867183687319 0.625567366461284
0.366276554668678 0.305696245468146
0.0018562616439936 0.0687363880705721
0.775652491093543 0.649549359700774
0.221350757904223 0.100717986843764
0.00299675100223827 0.249732653455464
0.805613997797489 0.652890796931387
0.189378447056022 0.165680520228377
0.00500755514648831 0.18142868284024
0.695303326544079 0.649087050985686
0.301608138628621 0.228254723981846
0.00308853482729586 0.122658225032469
0.663639316864985 0.48490490836544
0.3353100226583 0.436376182379592
0.00105066047671315 0.0787189092549656
-999 -999
-999 -999
-999 -999
-999 -999
-999 -999
-999 -999
