491 491 1
491 492 1
491 493 1
491 494 1
491 495 1
491 496 1
491 497 1
491 498 1
491 499 1
491 500 1
491 501 1
491 502 1
491 503 1
491 504 1
491 505 1
491 506 1
491 507 1
491 508 1
491 509 1
491 510 1
492 491 1
492 492 1
492 493 1
492 494 1
492 495 2
492 496 2
492 497 1
492 498 1
492 499 1
492 500 1
492 501 1
492 502 1
492 503 1
492 504 1
492 505 1
492 506 1
492 507 1
492 508 1
492 509 1
492 510 1
493 491 1
493 492 1
493 493 1
493 494 1
493 495 2
493 496 1
493 497 1
493 498 1
493 499 1
493 500 1
493 501 1
493 502 1
493 503 1
493 504 1
493 505 1
493 506 1
493 507 1
493 508 1
493 509 1
493 510 1
494 491 1
494 492 1
494 493 1
494 494 1
494 495 2
494 496 1
494 497 1
494 498 1
494 499 1
494 500 2
494 501 2
494 502 1
494 503 1
494 504 1
494 505 1
494 506 1
494 507 1
494 508 1
494 509 1
494 510 1
495 491 1
495 492 1
495 493 1
495 494 1
495 495 1
495 496 1
495 497 1
495 498 1
495 499 1
495 500 1
495 501 1
495 502 1
495 503 1
495 504 1
495 505 1
495 506 1
495 507 1
495 508 1
495 509 1
495 510 1
496 491 1
496 492 1
496 493 1
496 494 1
496 495 1
496 496 1
496 497 1
496 498 1
496 499 1
496 500 1
496 501 1
496 502 1
496 503 1
496 504 1
496 505 1
496 506 1
496 507 1
496 508 1
496 509 1
496 510 1
497 491 1
497 492 1
497 493 1
497 494 1
497 495 1
497 496 1
497 497 1
497 498 1
497 499 1
497 500 1
497 501 1
497 502 1
497 503 1
497 504 1
497 505 1
497 506 1
497 507 1
497 508 1
497 509 1
497 510 1
498 491 1
498 492 1
498 493 1
498 494 1
498 495 1
498 496 1
498 497 1
498 498 1
498 499 1
498 500 1
498 501 1
498 502 1
498 503 1
498 504 1
498 505 1
498 506 1
498 507 1
498 508 1
498 509 1
498 510 1
499 491 1
499 492 1
499 493 1
499 494 1
499 495 1
499 496 1
499 497 1
499 498 1
499 499 1
499 500 1
499 501 1
499 502 1
499 503 1
499 504 1
499 505 1
499 506 1
499 507 1
499 508 1
499 509 1
499 510 1
500 491 1
500 492 1
500 493 1
500 494 1
500 495 1
500 496 1
500 497 1
500 498 1
500 499 1
500 500 1
500 501 1
500 502 1
500 503 1
500 504 1
500 505 1
500 506 1
500 507 1
500 508 1
500 509 1
500 510 1
501 491 1
501 492 1
501 493 1
501 494 1
501 495 1
501 496 1
501 497 1
501 498 1
501 499 1
501 500 1
501 501 1
501 502 1
501 503 1
501 504 1
501 505 1
501 506 1
501 507 1
501 508 1
501 509 1
501 510 1
502 491 1
502 492 1
502 493 1
502 494 1
502 495 1
502 496 1
502 497 1
502 498 1
502 499 1
502 500 1
502 501 1
502 502 1
502 503 1
502 504 1
502 505 1
502 506 1
502 507 1
502 508 1
502 509 1
502 510 1
503 491 1
503 492 1
503 493 1
503 494 1
503 495 1
503 496 1
503 497 1
503 498 1
503 499 1
503 500 1
503 501 1
503 502 1
503 503 1
503 504 1
503 505 1
503 506 1
503 507 1
503 508 1
503 509 1
503 510 1
504 491 1
504 492 1
504 493 1
504 494 1
504 495 1
504 496 1
504 497 1
504 498 1
504 499 1
504 500 1
504 501 1
504 502 1
504 503 1
504 504 1
504 505 1
504 506 1
504 507 1
504 508 1
504 509 1
504 510 1
505 491 1
505 492 1
505 493 1
505 494 1
505 495 1
505 496 1
505 497 1
505 498 1
505 499 1
505 500 1
505 501 1
505 502 1
505 503 1
505 504 1
505 505 1
505 506 1
505 507 1
505 508 1
505 509 1
505 510 1
506 491 1
506 492 1
506 493 1
506 494 1
506 495 1
506 496 1
506 497 1
506 498 1
506 499 1
506 500 1
506 501 1
506 502 1
506 503 1
506 504 1
506 505 1
506 506 1
506 507 1
506 508 1
506 509 1
506 510 1
507 491 1
507 492 1
507 493 1
507 494 1
507 495 1
507 496 1
507 497 1
507 498 1
507 499 1
507 500 1
507 501 1
507 502 1
507 503 1
507 504 1
507 505 1
507 506 1
507 507 1
507 508 1
507 509 1
507 510 1
508 491 1
508 492 1
508 493 1
508 494 1
508 495 1
508 496 1
508 497 1
508 498 1
508 499 1
508 500 1
508 501 1
508 502 1
508 503 1
508 504 1
508 505 1
508 506 1
508 507 1
508 508 1
508 509 1
508 510 1
509 491 1
509 492 1
509 493 1
509 494 1
509 495 1
509 496 1
509 497 1
509 498 1
509 499 1
509 500 1
509 501 1
509 502 1
509 503 1
509 504 1
509 505 1
509 506 1
509 507 1
509 508 1
509 509 1
509 510 1
510 491 1
510 492 1
510 493 1
510 494 1
510 495 1
510 496 1
510 497 1
510 498 1
510 499 1
510 500 1
510 501 1
510 502 1
510 503 1
510 504 1
510 505 1
510 506 1
510 507 1
510 508 1
510 509 1
510 510 1
