304
294
299
298
285
275
271
257
243
240
237
225
216
201
177
164
146
138
118
106
89
70
42
45
39
40
37
46
37
28
30
33
30
36
33
38
39
33
32
30
26
30
41
47
46
33
40
42
33
35
36
28
39
44
49
38
40
37
39
37
29
24
22
23
26
30
24
18
23
24
30
24
26
26
22
28
18
21
27
36
26
19
21
25
21
16
27
17
16
18
24
17
15
15
18
20
22
21
19
24
27
22
20
23
29
22
24
18
16
19
19
22
25
24
18
19
17
15
20
16
19
22
24
12
14
15
21
28
18
17
20
18
18
16
17
24
18
21
23
22
27
26
17
27
25
22
14
17
26
32
20
25
19
18
24
17
20
20
28
31
34
26
24
20
20
24
19
21
16
12
16
19
18
23
17
24
25
19
19
19
21
30
21
19
20
23
23
23
18
23
28
18
16
19
27
26
22
21
12
15
22
14
9
13
11
13
15
14
17
13
19
15
16
10
20
18
17
21
13
13
16
16
11
11
15
18
19
16
18
20
23
15
20
17
19
16
22
21
17
12
13
12
20
14
16
11
12
9
18
15
16
13
14
17
24
21
13
27
18
15
17
20
19
13
18
14
13
14
12
12
12
12
12
14
16
16
17
14
18
10
17
16
14
16
19
15
16
21
22
20
19
15
14
11
18
15
12
15
15
18
19
9
20
13
15
18
11
17
18
14
16
14
19
18
23
15
21
22
16
13
17
17
14
20
16
23
26
20
17
18
25
16
24
15
12
10
15
17
11
11
13
10
14
20
14
14
19
13
16
17
20
25
18
19
19
16
14
19
22
9
11
20
22
20
16
22
31
28
19
17
16
14
13
16
9
13
18
23
13
8
15
16
19
18
12
13
13
9
12
12
10
14
11
9
10
17
15
25
23
15
11
11
14
16
20
13
16
14
16
11
15
15
13
18
23
16
16
22
11
15
17
13
20
21
20
21
12
12
16
12
14
14
17
19
12
13
12
13
12
13
11
23
23
28
12
15
15
17
14
19
9
15
14
12
18
15
11
16
16
18
22
12
14
16
17
16
12
22
16
10
17
18
11
13
14
13
15
13
13
14
17
18
19
21
28
13
18
16
19
17
14
10
15
14
15
13
11
20
16
15
12
14
11
24
23
12
20
17
14
21
15
18
13
15
13
18
15
18
19
18
20
19
20
9
20
18
11
16
22
19
17
23
22
14
15
17
16
11
13
17
15
17
13
13
14
15
18
14
19
15
11
11
11
17
12
14
14
12
18
21
18
17
13
22
17
12
14
11
16
16
16
12
10
13
17
12
17
19
20
21
18
18
14
14
30
20
15
8
10
15
12
19
24
28
21
21
24
30
24
13
20
12
12
16
19
21
24
15
15
18
23
18
10
10
16
11
15
13
23
15
14
13
19
14
16
14
14
11
14
11
11
12
15
16
19
17
10
15
12
15
20
15
14
23
17
13
14
18
18
17
16
12
16
15
17
27
16
20
19
9
16
17
20
17
15
10
12
12
16
19
22
21
9
12
13
12
14
10
10
10
14
13
19
16
13
18
14
11
11
12
14
19
13
16
17
12
11
14
13
16
13
11
13
11
14
10
14
16
17
22
18
19
19
17
14
13
14
10
18
16
16
12
12
10
9
10
17
9
10
18
16
12
14
10
17
13
19
12
18
12
17
13
19
23
12
16
11
16
11
14
18
11
11
12
15
13
12
16
13
13
10
23
17
11
18
12
17
11
13
14
12
12
18
14
10
17
15
15
25
19
8
12
25
22
16
10
16
9
18
18
16
22
14
14
12
20
12
13
12
13
11
12
17
18
12
18
13
16
13
12
15
21
12
11
15
16
16
15
11
20
23
17
14
16
20
13
16
20
13
24
14
17
14
8
17
11
19
19
18
13
12
16
15
15
10
12
13
12
13
16
10
9
15
15
20
15
17
12
14
13
15
18
17
18
20
11
17
14
12
10
11
12
10
9
9
9
9
9
11
12
14
15
12
12
13
12
12
17
12
19
16
14
14
14
12
12
14
14
16
17
16
13
14
15
22
16
17
19
17
9
13
12
22
15
16
19
28
14
19
13
11
16
17
15
10
7
10
10
14
15
11
11
14
18
21
14
12
16
15
15
13
14
9
11
18
23
24
19
18
18
10
14
14
15
19
16
11
18
17
11
23
20
23
18
17
14
13
9
12
11
14
10
13
20
20
11
17
22
27
16
23
14
10
16
16
14
15
33
22
18
11
16
17
14
15
13
14
11
21
18
