0.612944387490769 0.714581546543808
0.324409133016609 0.28134029677088
0.0626464794926194 0.00407815668531771
0.682203830126592 0.740512088601571
0.231390093539689 0.253283772774979
0.0864060763337256 0.00620413862345651
0.516026463678971 0.671814635907888
0.354146253330488 0.325685282485201
0.129827282990542 0.00250008160690219
0.602021051709222 0.81669622161786
0.327090894571297 0.174374085536171
0.0708880537194913 0.00892969284597353
0.581006551114021 0.580786926834126
0.335110952743879 0.416883762022267
0.0838824961420945 0.00232931114360759
0.512580834107693 0.680126477463235
0.396151018364423 0.317585580649191
0.0912681475278778 0.00228794188757513
0.675666296511725 0.895162949887098
0.158882579703486 0.0980693391486831
0.165451123784787 0.00676771096421561
0.466960013322723 0.6513373371145
0.447501427258926 0.347038515628455
0.0855385594183445 0.00162414725703831
0.675919212575692 0.852410754285064
0.0576454651409848 0.146069966419689
0.266435322283332 0.00151927929524172
0.612472481079426 0.638668601713163
0.273851280327706 0.356673675594395
0.113676238592862 0.00465772269244786
0.566606804655245 0.768456998666152
0.293103304825637 0.227041000955788
0.140289890519128 0.00450200037805694
0.571670796906118 0.780343954511766
0.294833343149614 0.217089182701128
0.133495859944277 0.00256686278711703
0.597468899341447 0.701796642705543
0.306171139947661 0.294651202730903
0.096359960710894 0.00355215456355963
0.719972950314018 0.842727758860789
0.148315255336851 0.151187575037736
0.131711794349126 0.00608466610146726
0.565412891139797 0.733801685981063
0.35748990370851 0.265227144076876
0.0770972051516759 0.000971169942048293
0.687255927286173 0.831275879156144
0.102852059765542 0.158726511214609
0.209892012948288 0.00999760962924769
0.785980147687387 0.698639470815868
0.144038886797989 0.299241529342947
0.0699809655146313 0.00211899984119237
0.533251807718209 0.642467462522785
0.370540248447521 0.355487154452576
0.0962079438342783 0.00204538302464354
0.650649251520368 0.778216381113021
0.238123155127923 0.216368376692355
0.111227593351708 0.005415242194623
0.521641183601302 0.873656239996407
0.421817723116596 0.120977388904238
0.0565410932821005 0.00536637109934606
0.677709212435141 0.732181649374948
0.163152597145289 0.263575354794441
0.159138190419567 0.00424299583061148
0.563090144885576 0.769737189370228
0.356311965440482 0.223918268783572
0.080597889673946 0.0063445418462087
0.691878723533168 0.66988246046779
0.126880714211481 0.328350178116521
0.181240562255343 0.00176736141568504
0.703272257101772 0.775290774480103
0.154637889263277 0.222262817856007
0.142089853634957 0.00244640766389508
0.637704822602426 0.681941849172661
0.232373792666628 0.316012330220714
0.129921384730953 0.00204582060662869
0.519834176412477 0.66326642592987
0.398509658655033 0.334999801827659
0.081656164932486 0.00173377224245529
0.529261892028723 0.675518108157509
0.341631505656825 0.321980896702433
0.129106602314452 0.00250099514005218
0.384286696191403 0.656154442198782
0.571035304236013 0.342563884930916
0.0446779995725886 0.0012816728703027
0.803788215278564 0.697923564328092
0.10627347401178 0.299165967331312
0.0899383107096451 0.00291046834060417
0.548531821133636 0.76165386025724
0.351255857447397 0.23526562951091
0.10021232141897 0.00308051023184406
0.693990241081964 0.765174692897729
0.173662139280293 0.228338852296174
0.132347619637744 0.00648645480610662
0.433420484755396 0.707741050527807
0.451087273527001 0.290123032242369
0.115492241717603 0.00213591722981987
0.557019295181765 0.793570353714104
0.294607388075084 0.202754982940461
0.148373316743143 0.00367466334542421
0.781798061410427 0.793045838641756
0.137627213355792 0.20132670029436
0.0805747252337898 0.0056274610638873
0.709641392733347 0.723325475167819
0.0923016653256266 0.27374716211604
0.198056941941026 0.00292736271614249
0.605237511375907 0.732084016610824
0.216301976631148 0.265236590700437
0.178460511992946 0.00267939268873025
0.677198094313302 0.786952506480799
0.19140372899631 0.206754079277291
0.131398176690392 0.00629341424191581
0.71227930069774 0.730197326863018
0.104901162720244 0.260975450457808
0.18281953658202 0.00882722267918374
0.686652567654393 0.810425156738932
0.243055633279905 0.184571958992559
0.070291799065694 0.00500288426850546
0.609244198494071 0.769244362579693
0.292587149623882 0.224309191099399
0.0981686518820367 0.00644644632091509
0.676915749272511 0.847710939511055
0.125906303863814 0.149566268368306
0.197177946863668 0.00272279212063124
0.568477017110241 0.680521863299848
0.368847949078213 0.317791201720962
0.0626750338115541 0.00168693497917803
0.583214756262648 0.794268870542487
0.273354055887667 0.200884946864431
0.143431187849686 0.00484618259308853
0.527501203525322 0.763964325594135
0.397901308732298 0.231754622297357
0.0745974877423889 0.00428105210850228
0.438516730727555 0.761370162815786
0.498927796917245 0.237164901658455
0.0625554723552017 0.00146493552577002
0.600068985991458 0.786886505935964
0.258785445925936 0.206585445048739
0.141145568082598 0.00652804901529925
0.656480610445773 0.77570045789348
0.113484558326987 0.219640312443183
0.230034831227248 0.00465922966333275
0.671129709692326 0.861395790382374
0.256655667657943 0.125443145478103
0.0722146226497327 0.0131610641395206
0.736252956036071 0.838830793756578
0.09847480682072 0.154248901113065
0.165272237143207 0.00692030513034476
0.652156674055444 0.757807680261145
0.2289807498461 0.239333682604789
0.118862576098464 0.00285863713406949
0.580810521288524 0.747567942317672
0.288562742969045 0.247123882693948
0.130626735742424 0.00530817498837284
0.527427358160526 0.81636369383594
0.260416525869881 0.178540612537017
0.212156115969582 0.00509569362704307
0.524803783512646 0.759650225568308
0.36947145925193 0.23573332364263
0.105724757235427 0.00461645078905691
0.730094615950537 0.755998285454191
0.070927688337274 0.240641065659975
0.198977695712188 0.00336064888582558
0.573687636082587 0.645460616006767
0.292321513847435 0.352705421823056
0.133990850069972 0.00183396217018772
0.671638520001457 0.859984134849792
0.0992770226214536 0.137503150041692
0.229084457377089 0.00251271510852641
0.630922943859855 0.729869618220865
0.213523056395686 0.266876165638825
0.155553999744464 0.00325421614030267
0.524639408321861 0.740578990482358
0.405750941509948 0.255380483278573
0.0696096501681928 0.00404052623906724
0.725707515214686 0.827530927795349
0.135487902930397 0.168803031431514
0.138804581854924 0.00366604077314871
0.624173529689634 0.842934384038874
0.251999394589455 0.153373432195731
0.123827075720921 0.00369218376538725
0.557972475420018 0.688572443017761
0.364359615714079 0.309819790265212
0.0776679088658999 0.00160776671703238
0.639038873987154 0.808200190310153
0.292158625931712 0.189885553175269
0.0688025000811293 0.00191425651457582
0.708087752762876 0.75864581868885
0.105820048784344 0.238900391059895
0.186092198452786 0.00245379025126722
0.562839007478685 0.69699414629444
0.353516958672998 0.297052380467647
0.0836440338483092 0.00595347323791899
0.671682817232744 0.771659147297452
0.227736341381185 0.224659335847905
0.100580841386075 0.00368151685464149
0.662609560046336 0.813546058911405
0.102038959088529 0.182048671868855
0.235351480865137 0.00440526921973316
0.583413480351869 0.777418432133156
0.195372532030531 0.214767400984664
0.221213987617598 0.00781416688219179
0.504967247382268 0.744676139648337
0.433367016151042 0.249465738015862
0.0616657364666984 0.00585812233581084
0.640838747703992 0.840508770689661
0.269201985298288 0.157693969088799
0.0899592669977202 0.00179726022154738
0.496623632257515 0.73174583500429
0.367482126920207 0.26530219921497
0.135894240822273 0.00295196578074053
0.498317039792996 0.694017473104581
0.404210676425777 0.303354100472874
0.0974722837812265 0.0026284264225368
0.582863775063166 0.639504401407047
0.364446278962149 0.357405368139824
0.0526899459746888 0.00309023045312622
0.679793766873445 0.753571948001255
0.0906577173018797 0.24461115668262
0.229548515824664 0.00181689531611379
0.782380087167014 0.713621206533378
0.0878742236516677 0.282985799029427
0.129745689181316 0.00339299443720928
0.608705208552729 0.702028938057368
0.258914856735783 0.295238567591609
0.132379934711477 0.00273249435102605
0.674156845207616 0.749255511854617
0.18819330338268 0.248876851490799
0.137649851409708 0.00186763665458979
0.524499904637037 0.756776064896305
0.364592996911013 0.239232995059892
0.110907098451954 0.0039909400438003
0.73214129426545 0.73432920494498
0.167188608477143 0.263181615603234
0.1006700972574 0.00248917945178679
0.605297175705593 0.754340467011099
0.31425449574899 0.237208065184135
0.080448328545423 0.00845146780476664
0.543117824819504 0.704959167621329
0.377102049786613 0.293611554255674
0.0797801253938839 0.00142927812298416
0.635359545555157 0.842853579595883
0.254235756380115 0.153569274548732
0.110404698064723 0.00357714585538777
0.57525201127341 0.810984534879281
0.158693914643561 0.185447849795769
0.266054074083026 0.00356761532494499
0.733755594702956 0.71661559709664
0.180254531078932 0.279396926946165
0.085989874218112 0.00398747595719814
0.707270062244487 0.785297352210412
0.182385690882181 0.210715648605816
0.110344246873333 0.00398699918377097
0.563118768107419 0.74622169993958
0.193244905923544 0.249134032974227
0.243636325969038 0.00464426708618541
0.752056316279747 0.872837869542151
0.0307738990923667 0.122425800404981
0.217169784627877 0.00473633005286399
0.511475246496357 0.727675300869916
0.373428438023091 0.267318772115358
0.115096315480548 0.00500592701470826
0.688546330432339 0.716354012901837
0.144024697895219 0.279698580072986
0.16742897167244 0.00394740702516752
0.683035813138675 0.784113724132179
0.160598042703534 0.209010201995855
0.156366144157793 0.00687607387196553
0.620466098020757 0.798964402972205
0.244004373423781 0.198401209851251
0.135529528555465 0.00263438717654557
0.588203128542305 0.692154225228888
0.203856464463524 0.30508119736663
0.207940406994171 0.00276457740448349
0.792215859831638 0.730604540093628
0.0742012508353911 0.267271669437973
0.133582889332961 0.00212379046840569
0.654882341370697 0.812743566857007
0.219096330400374 0.177505101825931
0.126021328228927 0.00975133131705602
0.535635716087435 0.788785224550589
0.314245299545864 0.207573798226317
0.150118984366702 0.00364097722309462
0.687239887643928 0.756441485522345
0.265737584073885 0.240880001902299
0.0470225282821865 0.00267851257533722
0.581059901454632 0.708718961099256
0.319056574884515 0.287693003019886
0.0998835236608598 0.00358803588086038
0.642686557178359 0.783904473660372
0.167343239399349 0.214280694962537
0.189970203422302 0.00181483137708639
0.71673485175201 0.798518815617211
0.18457258440604 0.196445762557847
0.0986925638419568 0.00503542182494455
0.732035123855592 0.78103437635078
0.141864689198481 0.212572660095669
0.126100186945924 0.00639296355354822
0.665260024072735 0.724689280059801
0.186792513384133 0.269284056008934
0.14794746254314 0.00602666393125713
0.750354030233463 0.828007778744135
0.172635279889455 0.168523448598813
0.0770106898770746 0.0034687726570451
0.701919917968664 0.804130722013187
0.188603494336993 0.191831321959505
0.109476587694343 0.00403795602731094
0.709526918232083 0.793993512837275
0.194848711499914 0.201685979902193
0.0956243702679998 0.00432050726053343
0.655707180911733 0.811612646594539
0.16785941438563 0.182404871042315
0.176433404702641 0.00598248236314647
0.635680374714065 0.747185697772797
0.256028928527552 0.247303630864426
0.108290696758389 0.00551067136277783
0.690620512885022 0.681985794641648
0.0819290498046432 0.315970741416119
0.227450437310329 0.00204346394224009
0.622961915896379 0.723295713773594
0.25146494739647 0.271751793521176
0.125573136707155 0.00495249270523359
0.681391629278158 0.810924186228216
0.0898787472285562 0.183420829537477
0.228729623493279 0.00565498423430587
0.559473635906088 0.778272381950071
0.374912794528153 0.212180640448654
0.0656135695657581 0.00954697760128102
0.735990932005416 0.733602396005711
0.134107421693939 0.261066159093758
0.129901646300634 0.00533144490053014
0.483805268890123 0.763510986244808
0.414397386850404 0.233596514613285
0.101797344259476 0.00289249914190552
0.640893243541096 0.799722087800573
0.23023673433556 0.195595709788726
0.128870022123338 0.00468220241070487
0.657431674506925 0.751544042812686
0.1201114474542 0.24274353351998
0.22245687803888 0.00571242366732475
0.467117566700911 0.694224551461014
0.405113358184107 0.304164391355562
0.127769075114989 0.00161105718342945
0.692633660839333 0.797191587435964
0.131942005006947 0.197508616211708
0.175424334153716 0.00529979635231849
0.65562984428884 0.750130878451659
0.188461488549687 0.245506501341986
0.155908667161481 0.00436262020635165
0.557110015006452 0.755409462074509
0.302487555849212 0.242338647615562
0.140402429144335 0.0022518903099116
0.628915295557454 0.75242810703091
0.283384334902414 0.246128496579464
0.0877003695401176 0.00144339638963336
0.724661856014249 0.790542902837712
0.107938807343189 0.202233790694492
0.167399336642564 0.00722330646780086
0.592256696602501 0.682186087745188
0.160313760928089 0.312533600576521
0.247429542469411 0.00528031167829532
0.469883956130116 0.721656296357379
0.419286046145565 0.27619226837582
0.110829997724314 0.00215143526681339
0.602198235546821 0.663503403632441
0.333739443523123 0.334925445992091
0.0640623209300509 0.00157115037546568
0.640295031945988 0.86200834100619
0.204901869139719 0.116203600670038
0.154803098914291 0.0217880583237822
0.592346160842712 0.695758278260383
0.307802694462024 0.301714974715418
0.0998511446952653 0.00252674702420426
0.768100148321167 0.749361560719318
0.0484464585509697 0.248663483655434
0.183453393127864 0.00197495562525578
0.612423700246571 0.60409939884944
0.310014158478662 0.394714341835318
0.0775621412747729 0.0011862593152396
0.489571459288968 0.704629094737857
0.472404388898533 0.292331176602115
0.0380241518124984 0.00303972866002419
0.64920320849638 0.794971715326085
0.22319693875869 0.200911942035777
0.127599852744923 0.00411634263813146
0.625383128036812 0.7574694803009
0.302004522815421 0.23977650671381
0.0726123491477735 0.00275401298528932
0.554358488445807 0.791859052620155
0.187049496467385 0.205293338996395
0.258592015086818 0.00284760838344377
0.564475576048854 0.810491073159156
0.372378189036362 0.18516852871609
0.0631462349147902 0.00434039812475067
0.59756920020663 0.744094841683458
0.290788226100548 0.252083797300936
0.111642573692824 0.00382136101559787
0.601273351593475 0.715398303915161
0.311575026703302 0.279905524844674
0.0871516217032167 0.00469617124016432
0.566927748899508 0.798804826813718
0.350370374020659 0.188509844589031
0.0827018770798294 0.0126853285972513
0.583652118555839 0.765942051799231
0.24908667227319 0.23032719356042
0.167261209170967 0.0037307546403419
0.705593502581996 0.77774841508589
0.190914823448005 0.218531519124999
0.103491673970001 0.00372006578910714
0.608619988635146 0.764435990618783
0.346582270718915 0.233577699457181
0.044797740645936 0.00198630992402565
0.677998445737937 0.830276476798626
0.178664673257523 0.162690012537308
0.143336881004539 0.00703351066405957
0.58754182767053 0.789793278108768
0.225611508693374 0.205759835234104
0.186846663636094 0.00444688665713864
0.616198989500951 0.68224514018874
0.325118058071188 0.314465101029352
0.058682952427873 0.00328975878191199
0.641120291896627 0.746699958117384
0.261895360070257 0.249646137225918
0.0969843480331202 0.00365390465669208
0.695744570374962 0.739681647375828
0.20148165218397 0.25539341201682
0.102773777441069 0.00492494060734564
0.733282152267942 0.753903694661018
0.120319858827892 0.244246317757983
0.146397988904174 0.00184998758100372
0.718266422295268 0.772381317226775
0.116090158622036 0.220004113129302
0.165643419082707 0.0076145696439269
0.54837625994664 0.686219417685224
0.331610268893813 0.308272188268821
0.120013471159541 0.00550839404596426
0.599769710553194 0.756166547733822
0.315572217238708 0.239707380576933
0.0846580722080877 0.00412607168924569
0.72458858452042 0.725927110907042
0.218661790424551 0.271818121759292
0.0567496250550354 0.00225476733366989
0.663822869170172 0.806218935799259
0.265370421469137 0.186295435223163
0.0708067093606895 0.00748562897757327
0.64368480166853 0.788589665637738
0.193889546902246 0.208977676753005
0.162425651429231 0.00243265760925306
0.661931373812289 0.82747320288037
0.191668528448625 0.165990353203832
0.146400097739093 0.00653644391580146
0.512947530093722 0.814763268125679
0.373532568590178 0.18099164503346
0.113519901316103 0.00424508684085938
0.666325642220284 0.737561290306715
0.257247909831573 0.260913465425034
0.0764264479481454 0.001525244268242
0.568346180163204 0.762779012949844
0.396668584951128 0.233835034643053
0.0349852348856708 0.00338595240709822
0.677605455828159 0.69051236888432
0.0455575705051071 0.308040088864195
0.276836973666744 0.00144754225147832
0.527959541425232 0.72057116752977
0.364162696055476 0.275761727015088
0.107877762519288 0.00366710545513228
0.654267009712224 0.769537015724495
0.210878500615866 0.223097473301267
0.1348544896719 0.00736551097422829
0.761468453480396 0.697523926519699
0.068692079433025 0.298768673387096
0.169839467086577 0.00370740009320713
0.744922614016226 0.700711861541679
0.146202191125262 0.297300647819132
0.108875194858509 0.00198749063920256
0.62224606912406 0.658287326204724
0.276479775800722 0.339987104827234
0.101274155075227 0.00172556896805052
0.769581541390027 0.810681689801009
0.127521879828775 0.184429238750529
0.102896578781198 0.00488907144845367
0.617546728002265 0.83254736343614
0.211101620199805 0.164830018671915
0.171351651797932 0.00262261789194467
0.748608092276282 0.714803278377838
0.0998562951130121 0.280229439113413
0.151535612610713 0.00496728250874494
0.695179318873526 0.767873358477409
0.196226279702137 0.222978613157891
0.108594401424343 0.00914802836469671
0.639943025043675 0.733546915910172
0.255493511097325 0.261698471784316
0.10456346385899 0.00475461230551999
0.571664074515041 0.693483668348349
0.28319294238861 0.305417205946822
0.145142983096357 0.00109912570483483
0.734590239806811 0.771608636138259
0.1224465474421 0.224502609847925
0.142963212751091 0.00388875401382176
0.759947885099914 0.733392798793516
0.136274341859377 0.263963735191037
0.103777773040718 0.00264346601544251
0.717977094853518 0.782120635182547
0.110603733077467 0.214501650791258
0.171419172069016 0.00337771402620632
0.542108877142007 0.738737539453366
0.314118410290035 0.259656331980195
0.143772712567957 0.00160612856643981
0.684941478119112 0.818689329711154
0.177858095961408 0.179314515089597
0.137200425919476 0.00199615519924824
0.606012286754049 0.78817299639047
0.262183888607085 0.206221205491326
0.131803824638863 0.00560579811820498
0.656761269458335 0.751036174774232
0.139210696439477 0.245484591861618
0.204028034102189 0.00347923336415168
0.637995678394422 0.73328290348051
0.190101408620752 0.263702621543339
0.171902912984833 0.0030144749761424
0.551798690396367 0.683669051794775
0.343091756476512 0.312193481116769
0.105109553127116 0.00413746708845042
0.770013654389234 0.828730665189122
0.133645158036636 0.167683698418616
0.0963411875741292 0.00358563639226344
0.565526317003158 0.68563639936389
0.406234075962593 0.311028838539101
0.0282396070342537 0.0033347620970115
0.671904463096838 0.640207696348839
0.210069630201616 0.357149151500741
0.118025906701539 0.00264315215042374
0.618039241369696 0.757776633213434
0.243027239413395 0.239608550561972
0.138933519216904 0.00261481622459475
0.587939020712899 0.717250465252971
0.20757793391514 0.281994020822216
0.204483045371956 0.000755513924813774
0.678441514990236 0.765773991850413
0.227370108925608 0.230538260924621
0.0941883760841487 0.00368774722496271
0.553046733747237 0.648626593145667
0.314251822133378 0.348039280079322
0.132701444119384 0.0033341267750153
0.479317609874409 0.652384955484394
0.375379203685148 0.344565668336678
0.145303186440447 0.00304937617893543
0.530949651584502 0.634195611025782
0.38784967133868 0.364258233904296
0.0812006770768158 0.00154615506992138
0.625219512914044 0.789865333591818
0.270622328555924 0.205399660733113
0.104158158530022 0.0047350056750695
0.702046296259995 0.721704567689013
0.195919356841605 0.276785448809147
0.102034346898396 0.00150998350183258
0.563337292105815 0.717394940995408
0.234809345312078 0.279846209642775
0.201853362582104 0.00275884936181725
0.612007613069632 0.726129102367658
0.273135006140901 0.27054497884756
0.114857380789454 0.00332591878477116
0.438011699339493 0.705745435602275
0.484732935203457 0.291490510206379
0.077255365457044 0.00276405419135401
0.530430388301753 0.668869501776577
0.400613467708646 0.329306943935831
0.0689561439895933 0.00182355428759833
0.588000942085968 0.71698556661764
0.324651715510778 0.278439896303402
0.0873473424032449 0.00457453707895276
0.556697689426567 0.791004849286218
0.274446110742553 0.20544528392861
0.168856199830882 0.00354986678517997
0.536588099726445 0.716862578049239
0.346977156620232 0.280927836960156
0.116434743653319 0.0022095849906035
0.681609264766794 0.75273664277655
0.173043737074908 0.244257893570504
0.145346998158298 0.00300546365295263
0.441634666867237 0.733556615885647
0.425649412701212 0.262966058434426
0.132715920431552 0.00347732567992897
0.590081381659055 0.774907386183154
0.344221236015293 0.221991342161479
0.0656973823256399 0.00310127165535832
0.441473074109497 0.630178694043652
0.520467902061121 0.367425473300791
0.0380590238293844 0.00239583265556029
0.69839603844675 0.775737671950906
0.106499642800086 0.219453168418625
0.195104318753169 0.00480915963046305
0.497590126349235 0.811958163164538
0.413616774990108 0.185083510054345
0.0887930986606538 0.0029583267811158
0.52311641193003 0.70839221394274
0.421145146019953 0.290237248036438
0.0557384420500126 0.00137053802082245
0.549333653134476 0.650327609993993
0.316103352547581 0.34743724006049
0.134562994317937 0.00223514994551895
-999 -999
-999 -999
-999 -999
-999 -999
-999 -999
-999 -999
