162
156
165
147
134
112
101
105
83
74
64
43
48
60
53
59
52
49
43
30
31
29
28
30
30
28
29
23
27
29
24
22
22
25
26
28
21
30
33
27
26
26
23
23
29
28
25
29
40
32
36
37
25
35
24
28
29
25
26
29
31
28
27
26
26
29
22
31
28
25
30
42
34
24
28
27
20
22
29
24
28
32
36
37
24
27
21
17
22
23
18
26
22
23
31
31
22
20
31
25
20
19
22
17
21
15
18
19
26
25
20
19
28
25
24
25
25
15
15
25
28
16
11
22
14
17
12
18
23
23
22
16
17
19
13
12
18
23
11
22
13
10
16
12
20
12
12
9
11
14
19
13
13
11
9
13
8
13
8
11
15
19
17
17
11
15
12
19
11
10
11
16
10
11
18
10
17
18
20
23
25
19
17
18
23
20
24
20
18
18
17
16
16
16
16
19
15
15
11
15
16
15
15
11
13
16
15
13
20
19
21
20
14
13
15
14
21
17
17
10
11
18
14
17
20
18
11
12
12
19
14
14
13
15
10
15
12
15
16
15
11
10
14
20
17
15
11
14
10
13
15
12
10
12
10
19
13
15
11
10
10
13
13
14
13
13
13
15
11
11
14
12
11
14
22
15
13
25
10
13
18
18
10
18
11
13
12
17
15
12
10
13
12
9
11
16
16
18
20
15
20
20
17
21
10
11
14
15
15
11
18
13
22
12
13
22
11
14
26
9
17
23
20
15
12
21
13
13
9
15
12
13
17
17
10
17
18
14
11
15
17
13
11
13
13
17
20
12
17
13
15
13
14
15
18
14
16
14
19
14
14
16
15
18
13
14
8
8
11
10
12
11
11
11
15
11
15
7
13
20
14
9
14
16
17
14
12
17
12
14
14
15
13
10
13
16
10
13
14
17
9
16
10
13
9
13
9
17
18
13
12
14
9
9
12
11
13
12
17
11
14
11
13
16
12
16
13
14
11
11
23
22
18
19
24
14
18
16
17
14
12
15
12
14
10
11
8
14
11
11
12
11
10
10
13
12
19
11
12
16
9
19
11
9
9
10
11
10
13
10
9
11
24
19
16
13
11
12
11
10
18
12
20
17
12
7
9
15
15
14
13
10
12
12
23
14
16
18
13
23
20
13
9
17
13
15
12
11
23
10
12
9
11
14
15
14
18
14
12
18
14
14
17
15
13
15
12
13
10
13
14
12
11
17
11
9
9
12
14
17
14
17
13
14
16
18
15
11
14
10
11
13
8
12
10
16
20
13
18
16
20
18
16
13
16
14
16
14
18
20
14
12
14
19
13
17
13
14
16
15
13
20
24
17
13
16
14
18
11
12
9
15
11
11
14
12
13
11
17
16
16
17
24
24
19
20
22
10
14
16
9
14
12
17
9
13
17
17
15
13
10
15
13
10
12
10
12
21
16
12
13
17
19
12
14
11
11
17
18
22
20
21
23
18
23
8
12
19
13
10
15
10
13
20
19
16
14
15
11
10
13
18
21
16
18
11
12
13
11
16
13
19
12
15
17
11
13
16
18
8
9
15
12
18
14
14
19
12
11
15
15
16
11
13
15
15
15
17
14
14
16
14
12
14
14
13
13
11
10
20
12
17
15
13
22
15
15
16
18
18
16
9
9
8
9
18
13
14
20
14
17
16
15
19
12
11
17
17
20
18
20
18
16
16
10
12
15
13
9
10
11
12
12
20
14
11
17
15
14
13
20
20
26
19
21
11
12
11
10
16
9
17
17
18
18
17
9
9
14
11
13
10
15
18
11
14
18
23
15
11
18
11
10
12
15
11
10
15
16
20
18
14
11
17
13
9
17
19
18
21
22
23
31
18
16
15
25
15
12
13
12
13
13
14
8
8
10
12
10
12
13
17
11
11
10
13
14
10
13
17
13
13
23
12
8
11
13
12
14
14
13
14
17
12
12
16
13
12
14
20
21
13
27
18
10
12
12
13
13
11
15
13
16
12
12
20
12
13
17
11
8
13
14
11
11
9
15
16
10
14
16
19
16
23
25
14
16
15
14
12
13
19
9
16
19
14
13
14
15
16
14
13
14
19
14
14
8
12
12
17
19
11
12
15
11
12
9
11
20
15
12
16
19
19
15
13
17
12
15
10
14
10
9
16
13
11
12
13
21
11
13
10
9
13
10
12
19
17
14
13
10
18
13
17
11
16
10
17
9
10
14
17
12
12
12
11
10
9
11
22
24
21
15
19
22
21
18
16
12
10
19
27
20
14
23
12
17
14
14
23
