491 491 0 1
491 492 0 1
491 493 0 1
491 494 0 1
491 495 0 1
491 496 0 1
491 497 0 1
491 498 0 1
491 499 0 1
491 500 0 1
491 501 0 1
491 502 0 1
491 503 0 1
491 504 0 1
491 505 0 1
491 506 0 1
491 507 0 1
491 508 0 1
491 509 0 1
491 510 0 1
492 491 0 1
492 492 0 1
492 493 0 1
492 494 0 1
492 495 0 1
492 496 0 1
492 497 0 1
492 498 0 1
492 499 0 1
492 500 0 1
492 501 0 1
492 502 0 1
492 503 0 1
492 504 0 1
492 505 0 1
492 506 0 1
492 507 0 1
492 508 0 1
492 509 0 1
492 510 0 1
493 491 0 1
493 492 0 1
493 493 0 1
493 494 0 1
493 495 0 1
493 496 0 1
493 497 0 1
493 498 0 1
493 499 0 1
493 500 0 1
493 501 0 1
493 502 0 1
493 503 0 1
493 504 0 1
493 505 0 1
493 506 0 1
493 507 0 1
493 508 0 1
493 509 0 1
493 510 0 1
494 491 0 1
494 492 0 1
494 493 0 1
494 494 0 1
494 495 0 1
494 496 0 1
494 497 0 1
494 498 0 1
494 499 0 1
494 500 0 1
494 501 0 1
494 502 0 1
494 503 0 1
494 504 0 1
494 505 0 1
494 506 0 1
494 507 0 1
494 508 0 1
494 509 0 1
494 510 0 1
495 491 0 1
495 492 0 1
495 493 0 1
495 494 0 1
495 495 0 1
495 496 0 1
495 497 0 1
495 498 0 1
495 499 0 1
495 500 0 1
495 501 0 1
495 502 0 1
495 503 0 1
495 504 0 1
495 505 0 1
495 506 0 1
495 507 0 1
495 508 0 1
495 509 0 1
495 510 0 1
496 491 0 1
496 492 0 1
496 493 0 1
496 494 0 1
496 495 0 1
496 496 0 1
496 497 0 1
496 498 0 1
496 499 0 1
496 500 0 1
496 501 0 1
496 502 0 1
496 503 0 1
496 504 0 1
496 505 0 1
496 506 0 1
496 507 0 1
496 508 0 1
496 509 0 1
496 510 0 1
497 491 0 1
497 492 0 1
497 493 0 1
497 494 0 1
497 495 0 1
497 496 0 1
497 497 0 1
497 498 0 1
497 499 0 1
497 500 0 1
497 501 0 1
497 502 0 1
497 503 0 1
497 504 0 1
497 505 0 1
497 506 0 1
497 507 0 1
497 508 0 1
497 509 0 1
497 510 0 1
498 491 0 1
498 492 0 1
498 493 0 1
498 494 0 1
498 495 0 1
498 496 0 1
498 497 0 1
498 498 0 1
498 499 0 1
498 500 0 1
498 501 0 1
498 502 0 1
498 503 0 1
498 504 0 1
498 505 0 1
498 506 0 1
498 507 0 1
498 508 0 1
498 509 0 1
498 510 0 1
499 491 0 1
499 492 0 1
499 493 0 1
499 494 0 1
499 495 0 1
499 496 0 1
499 497 0 1
499 498 0 1
499 499 0 1
499 500 0 1
499 501 0 1
499 502 0 1
499 503 0 1
499 504 0 1
499 505 0 1
499 506 0 1
499 507 0 1
499 508 0 1
499 509 0 1
499 510 0 1
500 491 0 1
500 492 0 1
500 493 0 1
500 494 0 1
500 495 0 1
500 496 0 1
500 497 0 1
500 498 0 1
500 499 0 1
500 500 0 1
500 501 0 1
500 502 0 1
500 503 0 1
500 504 0 1
500 505 0 1
500 506 0 1
500 507 0 1
500 508 0 1
500 509 0 1
500 510 0 1
501 491 0 1
501 492 0 1
501 493 0 1
501 494 0 1
501 495 0 1
501 496 0 1
501 497 0 1
501 498 0 1
501 499 0 1
501 500 0 1
501 501 0 1
501 502 0 1
501 503 0 1
501 504 0 1
501 505 0 1
501 506 0 1
501 507 0 1
501 508 0 1
501 509 0 1
501 510 0 1
502 491 0 1
502 492 0 1
502 493 0 1
502 494 0 1
502 495 0 1
502 496 0 1
502 497 0 1
502 498 0 1
502 499 0 1
502 500 1 0
502 501 1 0
502 502 1 0
502 503 0 1
502 504 0 1
502 505 0 1
502 506 0 1
502 507 0 1
502 508 0 1
502 509 0 1
502 510 0 1
503 491 0 1
503 492 0 1
503 493 0 1
503 494 0 1
503 495 0 1
503 496 0 1
503 497 0 1
503 498 0 1
503 499 0 1
503 500 0 1
503 501 0 1
503 502 0 1
503 503 0 1
503 504 0 1
503 505 0 1
503 506 0 1
503 507 0 1
503 508 0 1
503 509 0 1
503 510 0 1
504 491 0 1
504 492 0 1
504 493 0 1
504 494 0 1
504 495 0 1
504 496 0 1
504 497 0 1
504 498 0 1
504 499 0 1
504 500 0 1
504 501 0 1
504 502 0 1
504 503 0 1
504 504 0 1
504 505 0 1
504 506 0 1
504 507 0 1
504 508 0 1
504 509 0 1
504 510 0 1
505 491 0 1
505 492 0 1
505 493 0 1
505 494 0 1
505 495 0 1
505 496 0 1
505 497 0 1
505 498 0 1
505 499 0 1
505 500 0 1
505 501 0 1
505 502 0 1
505 503 0 1
505 504 0 1
505 505 0 1
505 506 0 1
505 507 0 1
505 508 0 1
505 509 0 1
505 510 0 1
506 491 0 1
506 492 0 1
506 493 0 1
506 494 0 1
506 495 0 1
506 496 0 1
506 497 0 1
506 498 0 1
506 499 0 1
506 500 1 0
506 501 0.73375 0.26625
506 502 0 1
506 503 0 1
506 504 0 1
506 505 0 1
506 506 0 1
506 507 0 1
506 508 0 1
506 509 0 1
506 510 0 1
507 491 0 1
507 492 0 1
507 493 0 1
507 494 0 1
507 495 0 1
507 496 0 1
507 497 0 1
507 498 0 1
507 499 0 1
507 500 0 1
507 501 1 0
507 502 0 1
507 503 0 1
507 504 0 1
507 505 0 1
507 506 0 1
507 507 0 1
507 508 0 1
507 509 0 1
507 510 0 1
508 491 0 1
508 492 0 1
508 493 0 1
508 494 0 1
508 495 0 1
508 496 0 1
508 497 0 1
508 498 0 1
508 499 0 1
508 500 0 1
508 501 0 1
508 502 0 1
508 503 0 1
508 504 0 1
508 505 0 1
508 506 0 1
508 507 0 1
508 508 0 1
508 509 0 1
508 510 0 1
509 491 0 1
509 492 0 1
509 493 0 1
509 494 0 1
509 495 0 1
509 496 0 1
509 497 0 1
509 498 0 1
509 499 0 1
509 500 0 1
509 501 0 1
509 502 0 1
509 503 0 1
509 504 0 1
509 505 0 1
509 506 0 1
509 507 0 1
509 508 0 1
509 509 0 1
509 510 0 1
510 491 0 1
510 492 0 1
510 493 0 1
510 494 0 1
510 495 0 1
510 496 0 1
510 497 0 1
510 498 0 1
510 499 0 1
510 500 0 1
510 501 0 1
510 502 0 1
510 503 0 1
510 504 0 1
510 505 0 1
510 506 0 1
510 507 0 1
510 508 0 1
510 509 0 1
510 510 0 1
